src_port,dst_port,protocol,flow_duration,packet_rate,byte_rate,packet_count,byte_count,avg_packet_size,min_packet_size,max_packet_size,std_packet_size,time_between_packets_mean,num_syn_flags,num_rst_flags,num_fin_flags,num_urg_flags,num_psh_flags,num_ack_flags,initial_window_size,incomplete_handshake,tcp_flags_count,packets_src_to_dst,packets_dst_to_src,bytes_src_to_dst,bytes_dst_to_src,label
55420.0,443.0,6,0.7009196281433105,14.266970988513098,2672.203666148503,10,1873,187.3,66,583,180.7656862718512,0.077841838200887,1,0,1,0,4,9,64240.0,0,15,10,0,1873,0,benign
443.0,55420.0,6,0.6982765197753906,12.888876748848668,13474.604592213014,9,9409,1045.4444444444443,66,4162,1498.6215425442736,0.0876491963863372,1,0,1,0,6,9,26847.0,0,17,9,0,9409,0,benign
55420.0,443.0,6,0.0002129077911376,9393.737961926092,507261.849944009,2,108,54.0,54,54,0.0,0.0003080368041992,0,2,0,0,0,0,0.0,0,2,2,0,108,0,benign
49944.0,443.0,6,0.7262582778930664,13.769206223729116,2612.0184206414133,10,1897,189.7,66,583,183.17632670917567,0.0799927711486816,1,0,1,0,4,9,64240.0,0,15,10,0,1897,0,benign
443.0,49944.0,6,0.7339613437652588,12.262226173696758,12819.476229812532,9,9409,1045.4444444444443,66,4162,1498.6215425442736,0.0901516377925872,1,0,1,0,6,9,26847.0,0,17,9,0,9409,0,benign
49944.0,443.0,6,0.001136302947998,1760.0939991607218,95045.07595467898,2,108,54.0,54,54,0.0,0.0003159046173095,0,2,0,0,0,0,0.0,0,2,2,0,108,0,benign
58198.0,443.0,6,0.7531697750091553,13.277218937627234,2558.520089280768,10,1927,192.7,66,583,186.3390279392198,0.0837069617377387,1,0,1,0,4,9,64240.0,0,15,10,0,1927,0,benign
443.0,58198.0,6,0.7512476444244385,11.980070841879668,12524.498505693977,9,9409,1045.4444444444443,66,4162,1498.6215425442736,0.0940018892288208,1,0,1,0,6,9,26847.0,0,17,9,0,9409,0,benign
58198.0,443.0,6,0.0002741813659667,7294.441739130435,393899.85391304345,2,108,54.0,54,54,0.0,6.580352783203125e-05,0,2,0,0,0,0,0.0,0,2,2,0,108,0,benign
5353.0,5353.0,17,1e-06,1000000.0,87000000.0,1,87,87.0,87,87,0.0,0.0,0,0,0,0,0,0,,0,0,1,0,87,0,benign
53052.0,1900.0,17,3.00710678100586,1.3301822287341667,283.3288147203775,4,852,213.0,213,213,0.0,1.001965045928955,0,0,0,0,0,0,,0,0,4,0,852,0,benign
137.0,137.0,17,14.819395542144775,1.2821035747352876,117.95352887564644,19,1748,92.0,92,92,0.0,0.8231184615029229,0,0,0,0,0,0,,0,0,19,0,1748,0,benign
51616.0,5355.0,17,1e-06,1000000.0,75000000.0,1,75,75.0,75,75,0.0,0.0,0,0,0,0,0,0,,0,0,1,0,75,0,benign
5353.0,5353.0,17,14.361416339874268,1.6711443657102498,135.36269362253023,24,1944,81.0,81,81,0.0,0.6244459981503694,0,0,0,0,0,0,,0,0,24,0,1944,0,benign
52808.0,1900.0,17,1e-06,1000000.0,212000000.0,1,212,212.0,212,212,0.0,0.0,0,0,0,0,0,0,,0,0,1,0,212,0,benign
57621.0,57621.0,17,1e-06,1000000.0,86000000.0,1,86,86.0,86,86,0.0,0.0,0,0,0,0,0,0,,0,0,1,0,86,0,benign
58271.0,1900.0,17,1e-06,1000000.0,212000000.0,1,212,212.0,212,212,0.0,0.0,0,0,0,0,0,0,,0,0,1,0,212,0,benign
54418.0,1900.0,17,1e-06,1000000.0,167000000.0,1,167,167.0,167,167,0.0,0.0,0,0,0,0,0,0,,0,0,1,0,167,0,benign
5353.0,5353.0,17,15.00048828125,1.1332964421731064,213.52638260473293,17,3203,188.41176470588235,83,310,113.83928299555112,0.9375269412994384,0,0,0,0,0,0,,0,0,17,0,3203,0,benign
50816.0,443.0,6,0.1441946029663086,228.8573866229274,21020.204207699782,33,3031,91.84848484848484,66,583,99.8586880334284,0.0045349970459938,1,0,1,0,3,32,64240.0,0,37,33,0,3031,0,benign
44492.0,80.0,6,0.1865730285644531,26.79915761925208,3108.7022838332414,5,580,116.0,66,308,107.3871500692704,0.0509274005889892,1,0,1,0,1,4,64240.0,0,7,5,0,580,0,benign
80.0,44492.0,6,0.1903421878814697,21.014784186944876,7654.63514009467,4,1457,364.25,66,1251,591.1786954889359,0.0667436122894287,1,0,1,0,1,4,65160.0,0,7,4,0,1457,0,benign
443.0,50816.0,6,0.1681807041168213,225.94744266027408,529769.4552290116,38,89097,2344.657894736842,66,4398,1201.401350142898,0.0043184821670119,1,0,1,0,31,38,65535.0,0,71,38,0,89097,0,benign
50816.0,443.0,6,0.0018420219421386,1085.7633963241003,58631.22340150143,2,108,54.0,54,54,0.0,1.931190490722656e-05,0,2,0,0,0,0,0.0,0,2,2,0,108,0,benign
50824.0,443.0,6,0.135244607925415,192.24426318229652,19180.06225749528,26,2594,99.76923076923076,66,583,114.07376830535851,0.0054642963409423,1,0,1,0,3,25,64240.0,0,30,26,0,2594,0,benign
44508.0,80.0,6,0.2481071949005127,20.15257962190466,2438.462134250464,5,605,121.0,66,333,118.56221995222592,0.0658150911331176,1,0,1,0,1,4,64240.0,0,7,5,0,605,0,benign
80.0,44508.0,6,0.2481153011322021,16.121536969897306,6037.515595226541,4,1498,374.5,66,1292,611.6782923509165,0.0880245367685953,1,0,1,0,1,4,65160.0,0,7,4,0,1498,0,benign
443.0,50824.0,6,0.1467232704162597,197.65099235946585,394375.0697202804,29,57864,1995.3103448275865,66,2954,1270.5551684049738,0.0051215291023254,1,0,1,0,22,29,65535.0,0,53,29,0,57864,0,benign
50824.0,443.0,6,0.000209093093872,9565.117445838085,516516.3420752566,2,108,54.0,54,54,0.0,0.0001931190490722,0,2,0,0,0,0,0.0,0,2,2,0,108,0,benign
43915.0,53.0,17,1e-06,1000000.0,141000000.0,1,141,141.0,141,141,0.0,0.0,0,0,0,0,0,0,,0,0,1,0,141,0,benign
53.0,43915.0,17,1e-06,1000000.0,223000000.0,1,223,223.0,223,223,0.0,0.0,0,0,0,0,0,0,,0,0,1,0,223,0,benign
60206.0,5355.0,17,0.4271943569183349,4.681709782936885,351.12823372026634,2,150,75.0,75,75,0.0,0.4122083187103271,0,0,0,0,0,0,,0,0,2,0,150,0,benign
57621.0,57621.0,17,1e-06,1000000.0,86000000.0,1,86,86.0,86,86,0.0,0.0,0,0,0,0,0,0,,0,0,1,0,86,0,benign
57621.0,57621.0,17,3.3010497093200684,0.9088018249255396,78.1569569435964,3,258,86.0,86,86,0.0,1.6503576040267944,0,0,0,0,0,0,,0,0,3,0,258,0,benign
60288.0,3702.0,17,7.392398118972778,0.9469186977409024,660.9492510231499,7,4886,698.0,698,698,0.0,1.23272709051768,0,0,0,0,0,0,,0,0,7,0,4886,0,benign
57367.0,1900.0,17,15.068570613861084,0.3981797712439159,71.27417905266095,6,1074,179.0,179,179,0.0,3.013643503189087,0,0,0,0,0,0,,0,0,6,0,1074,0,benign
61240.0,1900.0,17,3.004016637802124,1.3315505479112737,282.28871615719,4,848,212.0,212,212,0.0,1.001652479171753,0,0,0,0,0,0,,0,0,4,0,848,0,benign
5353.0,5353.0,17,0.0067770481109619,590.2274758135444,59022.74758135445,4,400,100.0,81,119,21.93931022920578,0.0021890799204508,0,0,0,0,0,0,,0,0,4,0,400,0,benign
54459.0,5355.0,17,1e-06,1000000.0,75000000.0,1,75,75.0,75,75,0.0,0.0,0,0,0,0,0,0,,0,0,1,0,75,0,benign
5353.0,5353.0,17,15.039128303527832,0.9309050177273854,75.40330643591821,14,1134,81.0,81,81,0.0,1.1574462193709154,0,0,0,0,0,0,,0,0,14,0,1134,0,benign
137.0,137.0,17,14.787569046020508,1.3524873451314308,124.42883575209164,20,1840,92.0,92,92,0.0,0.7784652960927863,0,0,0,0,0,0,,0,0,20,0,1840,0,benign
51592.0,5355.0,17,0.4089057445526123,4.89110272145533,366.83270410914974,2,150,75.0,75,75,0.0,0.4159905910491943,0,0,0,0,0,0,,0,0,2,0,150,0,benign
60037.0,5355.0,17,0.4157955646514892,4.810056118988081,360.754208924106,2,150,75.0,75,75,0.0,0.4190061092376709,0,0,0,0,0,0,,0,0,2,0,150,0,benign
57621.0,57621.0,17,1e-06,1000000.0,86000000.0,1,86,86.0,86,86,0.0,0.0,0,0,0,0,0,0,,0,0,1,0,86,0,benign
44859.0,53.0,17,1e-06,1000000.0,141000000.0,1,141,141.0,141,141,0.0,0.0,0,0,0,0,0,0,,0,0,1,0,141,0,benign
53.0,44859.0,17,1e-06,1000000.0,223000000.0,1,223,223.0,223,223,0.0,0.0,0,0,0,0,0,0,,0,0,1,0,223,0,benign
5353.0,5353.0,17,10.039920091629028,3.2868787499129968,259.76302362948775,33,2608,79.03030303030303,72,81,2.994629030498273,0.3132265582680702,0,0,0,0,0,0,,0,0,33,0,2608,0,benign
5353.0,5353.0,17,10.033092260360718,3.8871365864025096,308.1801621835015,39,3092,79.28205128205128,72,81,2.95535836235346,0.2636048856534456,0,0,0,0,0,0,,0,0,39,0,3092,0,benign
5353.0,5353.0,17,1e-06,1000000.0,132000000.0,1,132,132.0,132,132,0.0,0.0,0,0,0,0,0,0,,0,0,1,0,132,0,benign
64693.0,5355.0,17,0.4118027687072754,4.8566939126669,364.2520434500176,2,150,75.0,75,75,0.0,0.4125008583068847,0,0,0,0,0,0,,0,0,2,0,150,0,benign
50830.0,443.0,6,0.1531109809875488,143.68662429110208,15204.65733407662,22,2328,105.8181818181818,66,583,123.23753152951896,0.0066065334138416,1,0,1,0,3,21,64240.0,0,26,22,0,2328,0,benign
44516.0,80.0,6,0.2706117630004883,18.47665432042205,2228.2845110429,5,603,120.6,66,331,117.66817751626816,0.0646765232086181,1,0,1,0,1,4,64240.0,0,7,5,0,603,0,benign
80.0,44516.0,6,0.2700996398925781,14.809349622201822,5542.399096109032,4,1497,374.25,66,1291,611.1783018617944,0.0861163934071858,1,0,1,0,1,4,65160.0,0,7,4,0,1497,0,benign
443.0,50830.0,6,0.1371018886566162,167.7584475703725,334510.3444553228,23,45862,1994.0,66,2954,1329.5321118211612,0.006282784722068,1,0,1,0,17,23,65535.0,0,42,23,0,45862,0,benign
50830.0,443.0,6,0.0006394386291503,3127.7434750186426,168898.1476510067,2,108,54.0,54,54,0.0,0.0002081394195556,0,2,0,0,0,0,0.0,0,2,2,0,108,0,benign
57621.0,57621.0,17,1e-06,1000000.0,86000000.0,1,86,86.0,86,86,0.0,0.0,0,0,0,0,0,0,,0,0,1,0,86,0,benign
57103.0,5355.0,17,0.4194581508636474,4.768056112110542,357.6042084082906,2,150,75.0,75,75,0.0,0.4179189205169678,0,0,0,0,0,0,,0,0,2,0,150,0,benign
5353.0,5353.0,17,0.8134012222290039,7.376433469767726,1590.8508183132394,6,1294,215.66666666666663,82,385,147.72226191968042,0.1594521045684814,0,0,0,0,0,0,,0,0,6,0,1294,0,benign
58932.0,1900.0,17,0.2744927406311035,36.43083593762214,14106.019675047291,10,3872,387.2,349,415,29.592791915149427,0.0304900010426839,0,0,0,0,0,0,,0,0,10,0,3872,0,benign
61279.0,5355.0,17,0.4098570346832275,4.879750329394176,365.9812747045633,2,150,75.0,75,75,0.0,0.4124727249145508,0,0,0,0,0,0,,0,0,2,0,150,0,benign
5353.0,5353.0,17,0.7764723300933838,7.727255392704592,1180.9821991850183,6,917,152.83333333333334,83,259,79.04534563569614,0.1546094894409179,0,0,0,0,0,0,,0,0,6,0,917,0,benign
5353.0,5353.0,17,1e-06,1000000.0,87000000.0,1,87,87.0,87,87,0.0,0.0,0,0,0,0,0,0,,0,0,1,0,87,0,benign
38654.0,53.0,17,1e-06,1000000.0,141000000.0,1,141,141.0,141,141,0.0,0.0,0,0,0,0,0,0,,0,0,1,0,141,0,benign
53.0,38654.0,17,1e-06,1000000.0,223000000.0,1,223,223.0,223,223,0.0,0.0,0,0,0,0,0,0,,0,0,1,0,223,0,benign
60372.0,1900.0,17,3.024622917175293,1.322478903828321,280.3655276116041,4,848,212.0,212,212,0.0,1.0081562201182048,0,0,0,0,0,0,,0,0,4,0,848,0,benign
57621.0,57621.0,17,3.003535747528076,0.6658818699414546,57.265840814965095,2,172,86.0,86,86,0.0,3.008117198944092,0,0,0,0,0,0,,0,0,2,0,172,0,benign
54048.0,5355.0,17,0.4138233661651611,4.832979873837718,362.4734905378288,2,150,75.0,75,75,0.0,0.4145946502685547,0,0,0,0,0,0,,0,0,2,0,150,0,benign
33640.0,443.0,6,0.6787571907043457,36.832022323119,3796.6448610671055,25,2577,103.08,66,583,120.98895266373152,0.0279264946778615,1,0,1,0,3,24,64240.0,0,29,25,0,2577,0,benign
43956.0,80.0,6,0.7515058517456055,6.653308139099581,870.2527045942252,5,654,130.8,66,382,140.4677899021694,0.1865897178649902,1,0,1,0,1,4,64240.0,0,7,5,0,654,0,benign
80.0,43956.0,6,0.7512927055358887,5.324156577757327,1997.8897558034369,4,1501,375.25,66,1295,613.1782639113469,0.2487868467966715,1,0,1,0,1,4,65160.0,0,7,4,0,1501,0,benign
443.0,33640.0,6,0.6839275360107422,40.94000976085896,87471.25514048665,28,59824,2136.5714285714284,66,2954,1249.8133320937832,0.0249609152475992,1,0,1,0,22,28,65535.0,0,52,28,0,59824,0,benign
33640.0,443.0,6,0.0002152919769287,9289.709856035435,501644.3322259137,2,108,54.0,54,54,0.0,6.461143493652344e-05,0,2,0,0,0,0,0.0,0,2,2,0,108,0,benign
57621.0,57621.0,17,1e-06,1000000.0,86000000.0,1,86,86.0,86,86,0.0,0.0,0,0,0,0,0,0,,0,0,1,0,86,0,benign
53096.0,1900.0,17,1e-06,1000000.0,167000000.0,1,167,167.0,167,167,0.0,0.0,0,0,0,0,0,0,,0,0,1,0,167,0,benign
50782.0,5355.0,17,0.4218380451202392,4.74115605061162,355.5867037958716,2,150,75.0,75,75,0.0,0.4179806709289551,0,0,0,0,0,0,,0,0,2,0,150,0,benign
137.0,137.0,17,14.11329460144043,1.1336828466945634,104.29882189589983,16,1472,92.0,92,92,0.0,0.9409125010172528,0,0,0,0,0,0,,0,0,16,0,1472,0,benign
5353.0,5353.0,17,1e-06,1000000.0,132000000.0,1,132,132.0,132,132,0.0,0.0,0,0,0,0,0,0,,0,0,1,0,132,0,benign
5353.0,5353.0,17,0.0008306503295898,2407.752009184845,233551.94489093,2,194,97.0,91,103,8.48528137423857,0.000537633895874,0,0,0,0,0,0,,0,0,2,0,194,0,benign
5353.0,5353.0,17,1e-06,1000000.0,91000000.0,1,91,91.0,91,91,0.0,0.0,0,0,0,0,0,0,,0,0,1,0,91,0,benign
5353.0,5353.0,17,1e-06,1000000.0,133000000.0,1,133,133.0,133,133,0.0,0.0,0,0,0,0,0,0,,0,0,1,0,133,0,benign
5353.0,5353.0,17,1e-06,1000000.0,136000000.0,1,136,136.0,136,136,0.0,0.0,0,0,0,0,0,0,,0,0,1,0,136,0,benign
5353.0,5353.0,17,15.116426467895508,1.5215236252329705,123.2434136438706,23,1863,81.0,81,81,0.0,0.687143705107949,0,0,0,0,0,0,,0,0,23,0,1863,0,benign
5353.0,5353.0,17,15.03665328025818,1.197074885249395,258.70118353445264,18,3890,216.11111111111111,83,385,123.60320236137464,0.8844985120436725,0,0,0,0,0,0,,0,0,18,0,3890,0,benign
58547.0,5355.0,17,0.4190587997436523,4.772599934003163,357.94499505023725,2,150,75.0,75,75,0.0,0.4195632934570312,0,0,0,0,0,0,,0,0,2,0,150,0,benign
51443.0,5355.0,17,0.4134881496429443,4.83689799024964,362.767349268723,2,150,75.0,75,75,0.0,0.4140870571136474,0,0,0,0,0,0,,0,0,2,0,150,0,benign
59457.0,53.0,17,1e-06,1000000.0,82000000.0,1,82,82.0,82,82,0.0,0.0,0,0,0,0,0,0,,0,0,1,0,82,0,benign
43970.0,53.0,17,1e-06,1000000.0,82000000.0,1,82,82.0,82,82,0.0,0.0,0,0,0,0,0,0,,0,0,1,0,82,0,benign
53.0,59457.0,17,1e-06,1000000.0,160000000.0,1,160,160.0,160,160,0.0,0.0,0,0,0,0,0,0,,0,0,1,0,160,0,benign
53.0,43970.0,17,1e-06,1000000.0,202000000.0,1,202,202.0,202,202,0.0,0.0,0,0,0,0,0,0,,0,0,1,0,202,0,benign
48400.0,53.0,17,1e-06,1000000.0,89000000.0,1,89,89.0,89,89,0.0,0.0,0,0,0,0,0,0,,0,0,1,0,89,0,benign
53.0,48400.0,17,1e-06,1000000.0,150000000.0,1,150,150.0,150,150,0.0,0.0,0,0,0,0,0,0,,0,0,1,0,150,0,benign
33816.0,53.0,17,1e-06,1000000.0,89000000.0,1,89,89.0,89,89,0.0,0.0,0,0,0,0,0,0,,0,0,1,0,89,0,benign
53.0,33816.0,17,1e-06,1000000.0,150000000.0,1,150,150.0,150,150,0.0,0.0,0,0,0,0,0,0,,0,0,1,0,150,0,benign
44492.0,80.0,6,1e-06,1000000.0,66000000.0,1,66,66.0,66,66,0.0,0.0,0,0,0,0,0,1,501.0,0,1,1,0,66,0,benign
55321.0,53.0,17,1e-06,1000000.0,89000000.0,1,89,89.0,89,89,0.0,0.0,0,0,0,0,0,0,,0,0,1,0,89,0,benign
53.0,55321.0,17,1e-06,1000000.0,150000000.0,1,150,150.0,150,150,0.0,0.0,0,0,0,0,0,0,,0,0,1,0,150,0,benign
33923.0,53.0,17,1e-06,1000000.0,89000000.0,1,89,89.0,89,89,0.0,0.0,0,0,0,0,0,0,,0,0,1,0,89,0,benign
53.0,33923.0,17,1e-06,1000000.0,150000000.0,1,150,150.0,150,150,0.0,0.0,0,0,0,0,0,0,,0,0,1,0,150,0,benign
44508.0,80.0,6,1e-06,1000000.0,66000000.0,1,66,66.0,66,66,0.0,0.0,0,0,0,0,0,1,501.0,0,1,1,0,66,0,benign
49925.0,21027.0,17,1e-06,1000000.0,343000000.0,1,343,343.0,343,343,0.0,0.0,0,0,0,0,0,0,,0,0,1,0,343,0,benign
5353.0,5353.0,17,0.7779560089111328,7.712518357429886,1592.6350408092717,6,1239,206.5,93,363,126.54445859064712,0.1544164657592773,0,0,0,0,0,0,,0,0,6,0,1239,0,benign
33650.0,443.0,6,0.1470828056335449,210.7656286978652,19771.175750109414,31,2908,93.80645161290325,66,583,103.60322368048809,0.0047119696935017,1,0,1,0,3,30,64240.0,0,35,31,0,2908,0,benign
43970.0,80.0,6,0.1790401935577392,27.926690094800048,3289.764093167445,5,589,117.8,66,317,111.41005340632417,0.0433374643325805,1,0,1,0,1,4,64240.0,0,7,5,0,589,0,benign
80.0,43970.0,6,0.1777594089508056,22.50232504489811,8449.623054359241,4,1502,375.5,66,1296,613.6782544623852,0.0579781532287597,1,0,1,0,1,4,65160.0,0,7,4,0,1502,0,benign
443.0,33650.0,6,0.1412239074707031,226.59052969935985,511549.3636584641,32,72243,2257.59375,66,2954,1203.9750254449473,0.0045053881983603,1,0,1,0,26,32,65535.0,0,60,32,0,72243,0,benign
33650.0,443.0,6,0.0002932548522949,6820.006504065041,368280.3512195122,2,108,54.0,54,54,0.0,6.270408630371094e-05,0,2,0,0,0,0,0.0,0,2,2,0,108,0,benign
65234.0,5355.0,17,0.423013687133789,4.7279794031048645,354.59845523286486,2,150,75.0,75,75,0.0,0.4170007705688476,0,0,0,0,0,0,,0,0,2,0,150,0,benign
57363.0,5355.0,17,0.419020414352417,4.773037139708188,357.9777854781141,2,150,75.0,75,75,0.0,0.4200460910797119,0,0,0,0,0,0,,0,0,2,0,150,0,benign
57621.0,57621.0,17,1e-06,1000000.0,86000000.0,1,86,86.0,86,86,0.0,0.0,0,0,0,0,0,0,,0,0,1,0,86,0,benign
17500.0,17500.0,17,0.0012915134429931,3097.14159128669,545096.9200664575,4,704,176.0,176,176,0.0,0.0013266404469807,0,0,0,0,0,0,,0,0,4,0,704,0,benign
17500.0,17500.0,17,1e-06,1000000.0,176000000.0,1,176,176.0,176,176,0.0,0.0,0,0,0,0,0,0,,0,0,1,0,176,0,benign
137.0,137.0,17,15.203549146652222,0.3946446939543181,36.30731184379727,6,552,92.0,92,92,0.0,3.040850782394409,0,0,0,0,0,0,,0,0,6,0,552,0,benign
5353.0,5353.0,17,4.720418453216553,1.271073753199046,211.42193428210803,6,998,166.33333333333334,81,299,104.15885304028008,0.935865879058838,0,0,0,0,0,0,,0,0,6,0,998,0,benign
63053.0,5355.0,17,1e-06,1000000.0,75000000.0,1,75,75.0,75,75,0.0,0.0,0,0,0,0,0,0,,0,0,1,0,75,0,benign
5353.0,5353.0,17,14.697375297546388,0.2721574375710314,22.044752443253543,4,324,81.0,81,81,0.0,4.89679487546285,0,0,0,0,0,0,,0,0,4,0,324,0,benign
63577.0,5355.0,17,0.4167196750640869,4.799389420939681,359.95420657047606,2,150,75.0,75,75,0.0,0.4174916744232178,0,0,0,0,0,0,,0,0,2,0,150,0,benign
138.0,138.0,17,1e-06,1000000.0,243000000.0,1,243,243.0,243,243,0.0,0.0,0,0,0,0,0,0,,0,0,1,0,243,0,benign
56711.0,5355.0,17,0.4157972335815429,4.810036812348765,360.7527609261574,2,150,75.0,75,75,0.0,0.4229321479797363,0,0,0,0,0,0,,0,0,2,0,150,0,benign
58349.0,1900.0,17,3.313619613647461,3.621417482736053,622.8838070306011,12,2064,172.0,167,179,5.222329678670935,0.3014254570007324,0,0,0,0,0,0,,0,0,12,0,2064,0,benign
49967.0,1900.0,17,15.05061388015747,0.3986548354622478,71.35921554774237,6,1074,179.0,179,179,0.0,3.009436511993408,0,0,0,0,0,0,,0,0,6,0,1074,0,benign
17500.0,17500.0,17,1e-06,1000000.0,176000000.0,1,176,176.0,176,176,0.0,0.0,0,0,0,0,0,0,,0,0,1,0,176,0,benign
5353.0,5353.0,17,0.0045645236968994,876.3236354139462,87632.36354139462,4,400,100.0,81,119,21.93931022920578,0.0011217594146728,0,0,0,0,0,0,,0,0,4,0,400,0,benign
63604.0,5355.0,17,1e-06,1000000.0,75000000.0,1,75,75.0,75,75,0.0,0.0,0,0,0,0,0,0,,0,0,1,0,75,0,benign
5353.0,5353.0,17,7.057266712188721,1.842072934206594,269.6511379842422,13,1903,146.3846153846154,82,299,96.2414831396684,0.5882036487261454,0,0,0,0,0,0,,0,0,13,0,1903,0,benign
64855.0,5355.0,17,0.4318959712982178,4.630744746213503,347.3058559660128,2,150,75.0,75,75,0.0,0.4165570735931396,0,0,0,0,0,0,,0,0,2,0,150,0,benign
38506.0,53.0,17,1e-06,1000000.0,89000000.0,1,89,89.0,89,89,0.0,0.0,0,0,0,0,0,0,,0,0,1,0,89,0,benign
53.0,38506.0,17,1e-06,1000000.0,150000000.0,1,150,150.0,150,150,0.0,0.0,0,0,0,0,0,0,,0,0,1,0,150,0,benign
50731.0,53.0,17,1e-06,1000000.0,89000000.0,1,89,89.0,89,89,0.0,0.0,0,0,0,0,0,0,,0,0,1,0,89,0,benign
53.0,50731.0,17,1e-06,1000000.0,150000000.0,1,150,150.0,150,150,0.0,0.0,0,0,0,0,0,0,,0,0,1,0,150,0,benign
58378.0,1900.0,17,3.041131496429444,1.315299915408575,278.8435820666179,4,848,212.0,212,212,0.0,1.013695240020752,0,0,0,0,0,0,,0,0,4,0,848,0,benign
80.0,59578.0,6,0.0247759819030761,161.44667911237707,60784.674685809965,4,1506,376.5,66,1300,615.6782168200095,0.007869005203247,1,0,1,0,1,4,65160.0,0,7,4,0,1506,0,benign
59578.0,80.0,6,0.0268688201904296,186.0893021935117,22702.894867608436,5,610,122.0,66,338,120.797350964332,0.0066904425621032,1,0,1,0,1,4,64240.0,0,7,5,0,610,0,benign
58640.0,443.0,6,0.1637113094329834,177.1410912321326,17084.95283366465,29,2797,96.44827586206895,66,583,108.72625724625271,0.0059500336647033,1,0,1,0,3,28,64240.0,0,33,29,0,2797,0,benign
443.0,58640.0,6,0.1592402458190918,188.39458483430204,410254.3277546706,30,65329,2177.633333333333,66,2954,1224.7235995939243,0.0054703991988609,1,0,1,0,24,30,65535.0,0,56,30,0,65329,0,benign
58640.0,443.0,6,0.0030617713928222,653.2166329232207,35273.69817785392,2,108,54.0,54,54,0.0,0.0003755092620849,0,2,0,0,0,0,0.0,0,2,2,0,108,0,benign
63280.0,5355.0,17,0.4184961318969726,4.77901669230331,344.0892018458383,2,144,72.0,72,72,0.0,0.4025716781616211,0,0,0,0,0,0,,0,0,2,0,144,0,benign
44516.0,80.0,6,1e-06,1000000.0,66000000.0,1,66,66.0,66,66,0.0,0.0,0,0,0,0,0,1,501.0,0,1,1,0,66,0,benign
5353.0,5353.0,17,13.64037013053894,0.6598061426390637,160.91938701030497,9,2195,243.88888888888889,93,387,141.43500666776634,1.7054097950458529,0,0,0,0,0,0,,0,0,9,0,2195,0,benign
55384.0,3702.0,17,7.54168438911438,0.928174614427482,644.1531824126725,7,4858,694.0,694,694,0.0,1.2563281059265137,0,0,0,0,0,0,,0,0,7,0,4858,0,benign
63283.0,1900.0,17,3.0743863582611084,1.3010726479616648,232.892003985138,4,716,179.0,179,179,0.0,1.0240174929300945,0,0,0,0,0,0,,0,0,4,0,716,0,benign
57621.0,57621.0,17,1e-06,1000000.0,86000000.0,1,86,86.0,86,86,0.0,0.0,0,0,0,0,0,0,,0,0,1,0,86,0,benign
62093.0,5355.0,17,0.4204499721527099,4.756808496763529,342.4902117669741,2,144,72.0,72,72,0.0,0.4173116683959961,0,0,0,0,0,0,,0,0,2,0,144,0,benign
5353.0,5353.0,17,3.685760021209717,2.441830164798976,553.7528184838567,9,2041,226.77777777777777,82,363,137.73868172900612,0.4590559303760528,0,0,0,0,0,0,,0,0,9,0,2041,0,benign
5353.0,5353.0,17,3.611353874206543,3.3228535385878075,732.9661097201606,12,2647,220.58333333333331,77,473,180.42145525172864,0.3270110000263561,0,0,0,0,0,0,,0,0,12,0,2647,0,benign
5353.0,5353.0,17,2.0538430213928223,9.737842567168018,1080.90052495565,20,2220,111.0,93,138,22.61811104775156,0.1080480876721834,0,0,0,0,0,0,,0,0,20,0,2220,0,benign
50591.0,5355.0,17,0.4130380153656006,4.842169305480756,639.1663483234598,2,264,132.0,132,132,0.0,0.40852952003479,0,0,0,0,0,0,,0,0,2,0,264,0,benign
50506.0,5355.0,17,0.4000160694122314,4.9997991404163455,659.9734865349576,2,264,132.0,132,132,0.0,0.4048376083374023,0,0,0,0,0,0,,0,0,2,0,264,0,benign
60114.0,5355.0,17,0.4012343883514404,4.984617615198536,358.89246829429453,2,144,72.0,72,72,0.0,0.4021949768066406,0,0,0,0,0,0,,0,0,2,0,144,0,benign
50549.0,5355.0,17,0.3880014419555664,5.154620018729307,448.4519416294497,2,174,87.0,87,87,0.0,0.3987104892730713,0,0,0,0,0,0,,0,0,2,0,174,0,benign
62898.0,1900.0,17,1e-06,1000000.0,167000000.0,1,167,167.0,167,167,0.0,0.0,0,0,0,0,0,0,,0,0,1,0,167,0,benign
61313.0,5355.0,17,0.4498271942138672,4.446151823913771,333.4613867935329,2,150,75.0,75,75,0.0,0.4097723960876465,0,0,0,0,0,0,,0,0,2,0,150,0,benign
5353.0,5353.0,17,15.20302152633667,0.1973291950421175,45.18838566464491,3,687,229.0,85,301,124.70765814495915,7.617855548858643,0,0,0,0,0,0,,0,0,3,0,687,0,benign
5353.0,5353.0,17,2.6220407485961914,0.7627646523307373,228.06663104689045,2,598,299.0,299,299,0.0,2.5935752391815186,0,0,0,0,0,0,,0,0,2,0,598,0,benign
5353.0,5353.0,17,11.501731634140016,0.3477737202741716,115.46087513102496,4,1328,332.0,132,417,135.83077707206124,3.831259171168009,0,0,0,0,0,0,,0,0,4,0,1328,0,benign
5353.0,5353.0,17,2.620009660720825,0.7633559639050163,412.9755764726138,2,1082,541.0,541,541,0.0,2.5938541889190674,0,0,0,0,0,0,,0,0,2,0,1082,0,benign
5353.0,5353.0,17,9.828676223754885,0.8139448098478244,199.92519391887183,8,1965,245.625,93,363,129.1764435623948,1.4031341075897217,0,0,0,0,0,0,,0,0,8,0,1965,0,benign
5353.0,5353.0,17,2.5922319889068604,0.7715358843493774,347.96268384156923,2,902,451.0,451,451,0.0,2.5920393466949463,0,0,0,0,0,0,,0,0,2,0,902,0,benign
5353.0,5353.0,17,2.5922515392303467,0.7715300655559879,298.5821353701673,2,774,387.0,387,387,0.0,2.593503952026367,0,0,0,0,0,0,,0,0,2,0,774,0,benign
5353.0,5353.0,17,2.6236517429351807,0.7622962938528277,319.4021471243348,2,838,419.0,419,419,0.0,2.5940678119659424,0,0,0,0,0,0,,0,0,2,0,838,0,benign
5353.0,5353.0,17,2.60747504234314,0.7670255582591318,198.65961958911512,2,518,259.0,259,259,0.0,2.5933926105499268,0,0,0,0,0,0,,0,0,2,0,518,0,benign
5353.0,5353.0,17,2.6057934761047363,0.7675205338949942,239.46640657523815,2,624,312.0,312,312,0.0,2.593393087387085,0,0,0,0,0,0,,0,0,2,0,624,0,benign
5353.0,5353.0,17,12.242395401000977,2.12376737953376,1162.5992735732311,26,14233,547.4230769230769,84,1514,575.7793447547019,0.4909022903442382,0,0,0,0,0,0,,0,0,26,0,14233,0,benign
,,17,11.994044542312622,5.002482672824153,7082.765092318078,60,84951,1415.85,313,1514,328.3780285905513,0.2036301362312446,0,0,0,0,0,0,,0,0,60,0,84951,0,benign
5353.0,5353.0,17,2.5634994506835938,0.7801835102662774,197.38642809736817,2,506,253.0,253,253,0.0,2.5922834873199463,0,0,0,0,0,0,,0,0,2,0,506,0,benign
5353.0,5353.0,17,2.6138691902160645,0.7651492306830696,306.82484150391093,2,802,401.0,401,401,0.0,2.595391035079956,0,0,0,0,0,0,,0,0,2,0,802,0,benign
5353.0,5353.0,17,13.737303018569946,1.237506370575037,135.9073172860938,17,1867,109.82352941176472,75,365,96.08865391795592,0.8617983907461166,0,0,0,0,0,0,,0,0,17,0,1867,0,benign
5353.0,5353.0,17,2.597003221511841,0.7701184131899935,296.4955890781475,2,770,385.0,385,385,0.0,2.595154285430908,0,0,0,0,0,0,,0,0,2,0,770,0,benign
5353.0,5353.0,17,2.5947413444519043,0.7707897375884557,332.2103769006244,2,862,431.0,431,431,0.0,2.5951366424560547,0,0,0,0,0,0,,0,0,2,0,862,0,benign
5353.0,5353.0,17,2.595798254013061,0.770475901548987,208.7989693197755,2,542,271.0,271,271,0.0,2.595136880874634,0,0,0,0,0,0,,0,0,2,0,542,0,benign
65128.0,5355.0,17,0.3587348461151123,5.5751483906813775,485.0379099892799,2,174,87.0,87,87,0.0,0.408827543258667,0,0,0,0,0,0,,0,0,2,0,174,0,benign
65299.0,5355.0,17,0.3879210948944092,5.155687654842264,448.544825971277,2,174,87.0,87,87,0.0,0.4091799259185791,0,0,0,0,0,0,,0,0,2,0,174,0,benign
5353.0,5353.0,17,10.016318559646606,2.695601167157029,210.4565651987784,27,2108,78.07407407407408,72,83,4.103712446121906,0.3851428215320294,0,0,0,0,0,0,,0,0,27,0,2108,0,benign
5353.0,5353.0,17,0.0977129936218261,20.468106910535383,2558.5133638169227,2,250,125.0,111,139,19.79898987322333,0.1111743450164794,0,0,0,0,0,0,,0,0,2,0,250,0,benign
5353.0,5353.0,17,10.007429599761965,2.598069738169173,204.34817748292156,26,2045,78.65384615384616,72,83,3.815151978019305,0.4003829574584961,0,0,0,0,0,0,,0,0,26,0,2045,0,benign
5353.0,5353.0,17,1e-06,1000000.0,139000000.0,1,139,139.0,139,139,0.0,0.0,0,0,0,0,0,0,,0,0,1,0,139,0,benign
59862.0,5355.0,17,0.446711778640747,4.477159760787129,322.3555027766733,2,144,72.0,72,72,0.0,0.4411141872406006,0,0,0,0,0,0,,0,0,2,0,144,0,benign
137.0,137.0,17,2.273566007614136,5.278052169944569,580.5857386939026,12,1320,110.0,110,110,0.0,0.2056816707957874,0,0,0,0,0,0,,0,0,12,0,1320,0,benign
80.0,59590.0,6,0.13484787940979,29.663054528609795,11257.129193607418,4,1518,379.5,66,1312,621.6781053460599,0.0405484040578206,1,0,1,0,1,4,65160.0,0,7,4,0,1518,0,benign
59590.0,80.0,6,0.1415479183197021,35.32372682943262,4401.336362947304,5,623,124.6,66,351,126.60884645237076,0.0329787731170654,1,0,1,0,1,4,64240.0,0,7,5,0,623,0,benign
50735.0,3702.0,17,6.872317314147949,1.0185792768312942,710.9683352282433,7,4886,698.0,698,698,0.0,1.1453674634297688,0,0,0,0,0,0,,0,0,7,0,4886,0,benign
61764.0,5355.0,17,1e-06,1000000.0,69000000.0,1,69,69.0,69,69,0.0,0.0,0,0,0,0,0,0,,0,0,1,0,69,0,benign
60242.0,5355.0,17,1e-06,1000000.0,69000000.0,1,69,69.0,69,69,0.0,0.0,0,0,0,0,0,0,,0,0,1,0,69,0,benign
5353.0,5353.0,17,0.998469352722168,7.010730956253803,2053.1426371886137,7,2050,292.85714285714283,93,475,188.79479916161932,0.1581713358561197,0,0,0,0,0,0,,0,0,7,0,2050,0,benign
137.0,137.0,17,3.426976203918457,1.4590121735549035,134.2291199670511,5,460,92.0,92,92,0.0,0.8562343716621399,0,0,0,0,0,0,,0,0,5,0,460,0,benign
42484.0,53.0,17,1e-06,1000000.0,82000000.0,1,82,82.0,82,82,0.0,0.0,0,0,0,0,0,0,,0,0,1,0,82,0,benign
53.0,42484.0,17,1e-06,1000000.0,160000000.0,1,160,160.0,160,160,0.0,0.0,0,0,0,0,0,0,,0,0,1,0,160,0,benign
50302.0,53.0,17,1e-06,1000000.0,82000000.0,1,82,82.0,82,82,0.0,0.0,0,0,0,0,0,0,,0,0,1,0,82,0,benign
53.0,50302.0,17,1e-06,1000000.0,202000000.0,1,202,202.0,202,202,0.0,0.0,0,0,0,0,0,0,,0,0,1,0,202,0,benign
36212.0,53.0,17,1e-06,1000000.0,89000000.0,1,89,89.0,89,89,0.0,0.0,0,0,0,0,0,0,,0,0,1,0,89,0,benign
53.0,36212.0,17,1e-06,1000000.0,150000000.0,1,150,150.0,150,150,0.0,0.0,0,0,0,0,0,0,,0,0,1,0,150,0,benign
50047.0,53.0,17,1e-06,1000000.0,89000000.0,1,89,89.0,89,89,0.0,0.0,0,0,0,0,0,0,,0,0,1,0,89,0,benign
53.0,50047.0,17,1e-06,1000000.0,150000000.0,1,150,150.0,150,150,0.0,0.0,0,0,0,0,0,0,,0,0,1,0,150,0,benign
63611.0,5355.0,17,0.4218249320983886,4.741303436121954,355.5977577091465,2,150,75.0,75,75,0.0,0.4173884391784668,0,0,0,0,0,0,,0,0,2,0,150,0,benign
58736.0,1900.0,17,3.037322759628296,1.3169492729477046,279.19324586491337,4,848,212.0,212,212,0.0,1.0098976294199626,0,0,0,0,0,0,,0,0,4,0,848,0,benign
5353.0,5353.0,17,1e-06,1000000.0,365000000.0,1,365,365.0,365,365,0.0,0.0,0,0,0,0,0,0,,0,0,1,0,365,0,benign
5353.0,5353.0,17,1e-06,1000000.0,391000000.0,1,391,391.0,391,391,0.0,0.0,0,0,0,0,0,0,,0,0,1,0,391,0,benign
5353.0,5353.0,17,1e-06,1000000.0,409000000.0,1,409,409.0,409,409,0.0,0.0,0,0,0,0,0,0,,0,0,1,0,409,0,benign
43956.0,80.0,6,1e-06,1000000.0,66000000.0,1,66,66.0,66,66,0.0,0.0,0,0,0,0,0,1,501.0,0,1,1,0,66,0,benign
58648.0,443.0,6,1.9347670078277588,14.472026805665212,1418.2586269551907,28,2744,98.0,66,583,111.72486045837982,0.0716879985950611,1,0,1,0,3,27,64240.0,0,32,28,0,2744,0,benign
443.0,58648.0,6,1.936767816543579,16.522372855775906,35878.332656317376,32,69488,2171.5,66,2954,1254.0055821247367,0.0624055708608319,1,0,1,0,26,32,65535.0,0,60,32,0,69488,0,benign
58648.0,443.0,6,0.0007073879241943,2827.30299966296,152674.3619817998,2,108,54.0,54,54,0.0,0.0004265308380126,0,2,0,0,0,0,0.0,0,2,2,0,108,0,benign
57621.0,57621.0,17,1e-06,1000000.0,86000000.0,1,86,86.0,86,86,0.0,0.0,0,0,0,0,0,0,,0,0,1,0,86,0,benign
63181.0,5355.0,17,0.3883259296417236,5.150312784534464,355.371582132878,2,138,69.0,69,69,0.0,0.3984944820404053,0,0,0,0,0,0,,0,0,2,0,138,0,benign
54371.0,5355.0,17,0.3875341415405273,5.160835615797853,356.0976574900519,2,138,69.0,69,69,0.0,0.398494005203247,0,0,0,0,0,0,,0,0,2,0,138,0,benign
60231.0,5355.0,17,0.4161832332611084,4.805575621892542,360.4181716419407,2,150,75.0,75,75,0.0,0.4150664806365967,0,0,0,0,0,0,,0,0,2,0,150,0,benign
137.0,137.0,17,14.793254613876345,1.3519675366933546,124.3810133757886,20,1840,92.0,92,92,0.0,0.7787462535657381,0,0,0,0,0,0,,0,0,20,0,1840,0,benign
5353.0,5353.0,17,15.032160997390749,1.1974326248318126,233.2997897380648,18,3507,194.83333333333331,83,310,113.412443554229,0.884789228439331,0,0,0,0,0,0,,0,0,18,0,3507,0,benign
5353.0,5353.0,17,14.028772592544556,2.067180133450288,167.44159080947335,29,2349,81.0,81,81,0.0,0.5011259743145534,0,0,0,0,0,0,,0,0,29,0,2349,0,benign
40896.0,1900.0,17,3.0061228275299072,1.3306176192696522,279.4297000466269,4,840,210.0,210,210,0.0,1.0012102921803792,0,0,0,0,0,0,,0,0,4,0,840,0,benign
54478.0,5355.0,17,0.4067285060882568,4.91728504410757,368.7963783080677,2,150,75.0,75,75,0.0,0.4149115085601806,0,0,0,0,0,0,,0,0,2,0,150,0,benign
60907.0,1900.0,17,2.999687671661377,1.333472160381484,280.0291536801116,4,840,210.0,210,210,0.0,1.0008432070414226,0,0,0,0,0,0,,0,0,4,0,840,0,benign
51819.0,53.0,17,1e-06,1000000.0,89000000.0,1,89,89.0,89,89,0.0,0.0,0,0,0,0,0,0,,0,0,1,0,89,0,benign
53.0,51819.0,17,1e-06,1000000.0,150000000.0,1,150,150.0,150,150,0.0,0.0,0,0,0,0,0,0,,0,0,1,0,150,0,benign
59955.0,53.0,17,1e-06,1000000.0,89000000.0,1,89,89.0,89,89,0.0,0.0,0,0,0,0,0,0,,0,0,1,0,89,0,benign
53.0,59955.0,17,1e-06,1000000.0,150000000.0,1,150,150.0,150,150,0.0,0.0,0,0,0,0,0,0,,0,0,1,0,150,0,benign
43970.0,80.0,6,1e-06,1000000.0,66000000.0,1,66,66.0,66,66,0.0,0.0,0,0,0,0,0,1,501.0,0,1,1,0,66,0,benign
52216.0,5355.0,17,0.4054293632507324,4.933041810203388,369.9781357652541,2,150,75.0,75,75,0.0,0.4176485538482666,0,0,0,0,0,0,,0,0,2,0,150,0,benign
56672.0,1900.0,17,3.021855354309082,1.323690094661914,280.6223000683257,4,848,212.0,212,212,0.0,1.0072031021118164,0,0,0,0,0,0,,0,0,4,0,848,0,benign
5353.0,5353.0,17,1e-06,1000000.0,87000000.0,1,87,87.0,87,87,0.0,0.0,0,0,0,0,0,0,,0,0,1,0,87,0,benign
53072.0,5355.0,17,0.4223995208740234,4.734853855566945,355.11403916752084,2,150,75.0,75,75,0.0,0.4250133037567138,0,0,0,0,0,0,,0,0,2,0,150,0,benign
137.0,137.0,17,1.5227367877960205,1.9701369429329552,181.2525987498319,3,276,92.0,92,92,0.0,0.7591972351074219,0,0,0,0,0,0,,0,0,3,0,276,0,benign
47148.0,443.0,6,1.770951747894287,16.375375576710002,1594.6227802975534,29,2824,97.3793103448276,66,583,111.15221667126552,0.0632839628628322,1,0,1,0,3,28,64240.0,0,33,29,0,2824,0,benign
41180.0,80.0,6,1.90274715423584,2.6277795180873857,334.77911060433297,5,637,127.4,66,365,132.86760327483898,0.4749338626861572,1,0,1,0,1,4,64240.0,0,7,5,0,637,0,benign
80.0,41180.0,6,1.9026470184326167,2.102334253935952,814.6545234001815,4,1550,387.5,66,1344,637.6778183377559,0.6332422892252604,1,0,1,0,1,4,65160.0,0,7,4,0,1550,0,benign
443.0,47148.0,6,1.8218448162078855,17.015719299586422,36628.80581612907,31,66732,2152.6451612903224,66,2954,1212.0547168173307,0.0605897982915242,1,0,1,0,24,31,65535.0,0,57,31,0,66732,0,benign
47148.0,443.0,6,0.0017623901367187,1134.8225108225108,61280.41558441558,2,108,54.0,54,54,0.0,0.0002868175506591,0,2,0,0,0,0,0.0,0,2,2,0,108,0,benign
137.0,137.0,17,11.96893858909607,1.3367935578327976,122.98500732061738,16,1472,92.0,92,92,0.0,0.7976672808329265,0,0,0,0,0,0,,0,0,16,0,1472,0,benign
5353.0,5353.0,17,1e-06,1000000.0,83000000.0,1,83,83.0,83,83,0.0,0.0,0,0,0,0,0,0,,0,0,1,0,83,0,benign
51808.0,5355.0,17,0.4345483779907226,4.602479496638919,345.1859622479189,2,150,75.0,75,75,0.0,0.4197182655334472,0,0,0,0,0,0,,0,0,2,0,150,0,benign
5353.0,5353.0,17,1e-06,1000000.0,139000000.0,1,139,139.0,139,139,0.0,0.0,0,0,0,0,0,0,,0,0,1,0,139,0,benign
5353.0,5353.0,17,1e-06,1000000.0,139000000.0,1,139,139.0,139,139,0.0,0.0,0,0,0,0,0,0,,0,0,1,0,139,0,benign
57621.0,57621.0,17,1e-06,1000000.0,86000000.0,1,86,86.0,86,86,0.0,0.0,0,0,0,0,0,0,,0,0,1,0,86,0,benign
55903.0,3702.0,17,6.823183536529541,1.0259140711258652,716.0880216458539,7,4886,698.0,698,698,0.0,1.146656076113383,0,0,0,0,0,0,,0,0,7,0,4886,0,benign
5353.0,5353.0,17,10.531443357467651,0.9495374622994278,76.91253444625366,10,810,81.0,81,81,0.0,1.1758144696553547,0,0,0,0,0,0,,0,0,10,0,810,0,benign
51360.0,5355.0,17,0.3720836639404297,5.37513520163626,403.1351401227195,2,150,75.0,75,75,0.0,0.4182512760162353,0,0,0,0,0,0,,0,0,2,0,150,0,benign
57624.0,5355.0,17,0.4150393009185791,4.818820761247265,322.8609910035668,2,134,67.0,67,67,0.0,0.4112443923950195,0,0,0,0,0,0,,0,0,2,0,134,0,benign
59229.0,53.0,17,1e-06,1000000.0,89000000.0,1,89,89.0,89,89,0.0,0.0,0,0,0,0,0,0,,0,0,1,0,89,0,benign
53.0,59229.0,17,1e-06,1000000.0,150000000.0,1,150,150.0,150,150,0.0,0.0,0,0,0,0,0,0,,0,0,1,0,150,0,benign
80.0,59578.0,6,1e-06,1000000.0,66000000.0,1,66,66.0,66,66,0.0,0.0,0,0,0,0,0,1,507.0,0,1,1,0,66,0,benign
41260.0,53.0,17,1e-06,1000000.0,89000000.0,1,89,89.0,89,89,0.0,0.0,0,0,0,0,0,0,,0,0,1,0,89,0,benign
53.0,41260.0,17,1e-06,1000000.0,150000000.0,1,150,150.0,150,150,0.0,0.0,0,0,0,0,0,0,,0,0,1,0,150,0,benign
5353.0,5353.0,17,1e-06,1000000.0,87000000.0,1,87,87.0,87,87,0.0,0.0,0,0,0,0,0,0,,0,0,1,0,87,0,benign
52493.0,1900.0,17,1e-06,1000000.0,167000000.0,1,167,167.0,167,167,0.0,0.0,0,0,0,0,0,0,,0,0,1,0,167,0,benign
5353.0,5353.0,17,1.0066657066345217,1.986756861606409,168.87433323654477,2,170,85.0,85,85,0.0,1.0052180290222168,0,0,0,0,0,0,,0,0,2,0,170,0,benign
49159.0,5355.0,17,0.4248931407928467,4.707065866650656,353.0299399987992,2,150,75.0,75,75,0.0,0.4218854904174804,0,0,0,0,0,0,,0,0,2,0,150,0,benign
57621.0,57621.0,17,7.3313493728637695,0.5456021526958715,46.92178513184495,4,344,86.0,86,86,0.0,2.444150765736898,0,0,0,0,0,0,,0,0,4,0,344,0,benign
55932.0,1900.0,17,1e-06,1000000.0,167000000.0,1,167,167.0,167,167,0.0,0.0,0,0,0,0,0,0,,0,0,1,0,167,0,benign
54666.0,1900.0,17,1e-06,1000000.0,167000000.0,1,167,167.0,167,167,0.0,0.0,0,0,0,0,0,0,,0,0,1,0,167,0,benign
57621.0,57621.0,17,1e-06,1000000.0,86000000.0,1,86,86.0,86,86,0.0,0.0,0,0,0,0,0,0,,0,0,1,0,86,0,benign
80.0,41190.0,6,0.114574909210205,34.91165760089229,13231.518230738176,4,1516,379.0,66,1310,620.678123775386,0.034304936726888,1,0,1,0,1,4,65160.0,0,7,4,0,1516,0,benign
41190.0,80.0,6,0.1187729835510253,42.09711544251962,5177.945199429913,5,615,123.0,66,343,123.03251602726816,0.0285694003105163,1,0,1,0,1,4,64240.0,0,7,5,0,615,0,benign
5353.0,5353.0,17,1e-06,1000000.0,85000000.0,1,85,85.0,85,85,0.0,0.0,0,0,0,0,0,0,,0,0,1,0,85,0,benign
64072.0,5355.0,17,0.4208495616912842,4.752291987575141,356.4218990681356,2,150,75.0,75,75,0.0,0.4180316925048828,0,0,0,0,0,0,,0,0,2,0,150,0,benign
60801.0,5355.0,17,0.4222543239593506,4.736481988500692,355.2361491375519,2,150,75.0,75,75,0.0,0.4176099300384521,0,0,0,0,0,0,,0,0,2,0,150,0,benign
37950.0,53.0,17,1e-06,1000000.0,89000000.0,1,89,89.0,89,89,0.0,0.0,0,0,0,0,0,0,,0,0,1,0,89,0,benign
53.0,37950.0,17,1e-06,1000000.0,150000000.0,1,150,150.0,150,150,0.0,0.0,0,0,0,0,0,0,,0,0,1,0,150,0,benign
80.0,59590.0,6,1e-06,1000000.0,66000000.0,1,66,66.0,66,66,0.0,0.0,0,0,0,0,0,1,507.0,0,1,1,0,66,0,benign
55288.0,53.0,17,1e-06,1000000.0,89000000.0,1,89,89.0,89,89,0.0,0.0,0,0,0,0,0,0,,0,0,1,0,89,0,benign
53.0,55288.0,17,1e-06,1000000.0,150000000.0,1,150,150.0,150,150,0.0,0.0,0,0,0,0,0,0,,0,0,1,0,150,0,benign
5353.0,5353.0,17,1e-06,1000000.0,87000000.0,1,87,87.0,87,87,0.0,0.0,0,0,0,0,0,0,,0,0,1,0,87,0,benign
5353.0,5353.0,17,1e-06,1000000.0,87000000.0,1,87,87.0,87,87,0.0,0.0,0,0,0,0,0,0,,0,0,1,0,87,0,benign
47150.0,443.0,6,1.7433321475982666,14.340353921908516,1455.8327301521526,25,2538,101.52,66,583,117.13742641302424,0.0727455914020538,1,0,1,0,3,24,64240.0,0,29,25,0,2538,0,benign
443.0,47150.0,6,1.7462704181671145,15.461522865593292,31610.79717420798,27,55201,2044.4814814814813,66,2954,1257.859823741237,0.0671502076662503,1,0,1,0,20,27,65535.0,0,49,27,0,55201,0,benign
47150.0,443.0,6,0.0002274513244628,8793.090146750525,474826.8679245283,2,108,54.0,54,54,0.0,6.103515625e-05,0,2,0,0,0,0,0.0,0,2,2,0,108,0,benign
63246.0,1900.0,17,1e-06,1000000.0,167000000.0,1,167,167.0,167,167,0.0,0.0,0,0,0,0,0,0,,0,0,1,0,167,0,benign
62660.0,5355.0,17,0.3960089683532715,5.050390672505783,378.7793004379337,2,150,75.0,75,75,0.0,0.4047071933746338,0,0,0,0,0,0,,0,0,2,0,150,0,benign
51428.0,1900.0,17,1e-06,1000000.0,167000000.0,1,167,167.0,167,167,0.0,0.0,0,0,0,0,0,0,,0,0,1,0,167,0,benign
57621.0,57621.0,17,1e-06,1000000.0,86000000.0,1,86,86.0,86,86,0.0,0.0,0,0,0,0,0,0,,0,0,1,0,86,0,benign
58996.0,443.0,6,0.1803758144378662,194.0393179045431,17579.962202151608,35,3171,90.6,66,583,97.65672170474312,0.0052451877033009,1,0,1,0,3,34,64240.0,0,39,35,0,3171,0,benign
443.0,58996.0,6,0.2001280784606933,199.87200350727545,466466.2785853672,40,93353,2333.825,66,2954,1149.8750408698263,0.0047365029652913,1,0,1,0,34,40,65535.0,0,76,40,0,93353,0,benign
58996.0,443.0,6,0.0005173683166503,3865.7179723502304,208748.77050691243,2,108,54.0,54,54,0.0,0.0004167556762695,0,2,0,0,0,0,0.0,0,2,2,0,108,0,benign
5353.0,5353.0,17,10.011306047439575,1.7979672097431842,143.238054376207,18,1434,79.66666666666667,72,82,3.2539568672798427,0.5884240655338063,0,0,0,0,0,0,,0,0,18,0,1434,0,benign
5353.0,5353.0,17,10.007862329483032,2.4980359618207704,198.14421249162348,25,1983,79.32,72,82,3.5557465226494047,0.4168421924114227,0,0,0,0,0,0,,0,0,25,0,1983,0,benign
5353.0,5353.0,17,15.005520820617676,1.0662742194203552,207.92347278696928,16,3120,195.0,83,310,114.17647159842814,1.000925366083781,0,0,0,0,0,0,,0,0,16,0,3120,0,benign
56424.0,5355.0,17,0.4226970672607422,4.731520880806805,354.8640660605104,2,150,75.0,75,75,0.0,0.420907974243164,0,0,0,0,0,0,,0,0,2,0,150,0,benign
56435.0,5355.0,17,0.4131636619567871,4.840696760522905,363.05225703921786,2,150,75.0,75,75,0.0,0.4137861728668213,0,0,0,0,0,0,,0,0,2,0,150,0,benign
52962.0,1900.0,17,3.015999794006348,1.3262600375335376,281.1671279571099,4,848,212.0,212,212,0.0,1.0080856482187908,0,0,0,0,0,0,,0,0,4,0,848,0,benign
137.0,137.0,17,14.075648069381714,1.1367149790285156,104.57777807062342,16,1472,92.0,92,92,0.0,0.9381137053171794,0,0,0,0,0,0,,0,0,16,0,1472,0,benign
5353.0,5353.0,17,15.076157331466677,1.525587687520004,123.57260268912032,23,1863,81.0,81,81,0.0,0.6853350617668845,0,0,0,0,0,0,,0,0,23,0,1863,0,benign
50141.0,5355.0,17,0.4192605018615722,4.77030388295519,357.7727912216393,2,150,75.0,75,75,0.0,0.4160912036895752,0,0,0,0,0,0,,0,0,2,0,150,0,benign
49925.0,21027.0,17,1e-06,1000000.0,343000000.0,1,343,343.0,343,343,0.0,0.0,0,0,0,0,0,0,,0,0,1,0,343,0,benign
5353.0,5353.0,17,0.8025014400482178,7.476622097574671,1683.48607563723,6,1351,225.16666666666663,91,401,148.7338786782173,0.1571680545806884,0,0,0,0,0,0,,0,0,6,0,1351,0,benign
61762.0,5355.0,17,0.4278066158294678,4.675009515975414,336.6006851502298,2,144,72.0,72,72,0.0,0.4315509796142578,0,0,0,0,0,0,,0,0,2,0,144,0,benign
60972.0,53.0,17,1e-06,1000000.0,89000000.0,1,89,89.0,89,89,0.0,0.0,0,0,0,0,0,0,,0,0,1,0,89,0,benign
53.0,60972.0,17,1e-06,1000000.0,150000000.0,1,150,150.0,150,150,0.0,0.0,0,0,0,0,0,0,,0,0,1,0,150,0,benign
36396.0,53.0,17,1e-06,1000000.0,89000000.0,1,89,89.0,89,89,0.0,0.0,0,0,0,0,0,0,,0,0,1,0,89,0,benign
53.0,36396.0,17,1e-06,1000000.0,150000000.0,1,150,150.0,150,150,0.0,0.0,0,0,0,0,0,0,,0,0,1,0,150,0,benign
17500.0,17500.0,17,0.001267671585083,3155.3913861199926,555348.8839571187,4,704,176.0,176,176,0.0,0.0010782877604166,0,0,0,0,0,0,,0,0,4,0,704,0,benign
17500.0,17500.0,17,1e-06,1000000.0,176000000.0,1,176,176.0,176,176,0.0,0.0,0,0,0,0,0,0,,0,0,1,0,176,0,benign
50067.0,5355.0,17,0.4118094444274902,4.856615182248818,349.6762931219149,2,144,72.0,72,72,0.0,0.4188191890716553,0,0,0,0,0,0,,0,0,2,0,144,0,benign
50070.0,1900.0,17,3.060176134109497,1.3071143047666405,233.9734605532286,4,716,179.0,179,179,0.0,1.0210439364115398,0,0,0,0,0,0,,0,0,4,0,716,0,benign
57529.0,5355.0,17,0.4166862964630127,4.799773875399166,359.9830406549374,2,150,75.0,75,75,0.0,0.4173448085784912,0,0,0,0,0,0,,0,0,2,0,150,0,benign
64452.0,3702.0,17,5.419726610183716,1.2915780635220486,901.52148833839,7,4886,698.0,698,698,0.0,0.9033337036768596,0,0,0,0,0,0,,0,0,7,0,4886,0,benign
41180.0,80.0,6,1e-06,1000000.0,66000000.0,1,66,66.0,66,66,0.0,0.0,0,0,0,0,0,1,501.0,0,1,1,0,66,0,benign
60551.0,5355.0,17,0.4157381057739258,4.810720913534878,346.3719057745112,2,144,72.0,72,72,0.0,0.4153323173522949,0,0,0,0,0,0,,0,0,2,0,144,0,benign
59012.0,443.0,6,0.2732264995574951,65.87940785081959,8150.746737987513,18,2227,123.72222222222224,66,583,135.63437251130685,0.0182171148412367,1,0,1,0,4,17,64240.0,0,23,18,0,2227,0,benign
443.0,59012.0,6,0.297494888305664,70.58944817372237,117023.85946285576,21,34814,1657.809523809524,66,2954,1355.9266432608963,0.0155537128448486,1,0,1,0,14,21,65535.0,0,37,21,0,34814,0,benign
59012.0,443.0,6,0.0002076625823974,9631.00803673938,520074.43398392654,2,108,54.0,54,54,0.0,0.0004565715789794,0,2,0,0,0,0,0.0,0,2,2,0,108,0,benign
57621.0,57621.0,17,1e-06,1000000.0,86000000.0,1,86,86.0,86,86,0.0,0.0,0,0,0,0,0,0,,0,0,1,0,86,0,benign
60636.0,5355.0,17,0.3909766674041748,5.115394770942907,368.3084235078893,2,144,72.0,72,72,0.0,0.4173250198364258,0,0,0,0,0,0,,0,0,2,0,144,0,benign
137.0,137.0,17,2.270146369934082,5.28600277009823,581.4603047108053,12,1320,110.0,110,110,0.0,0.2062655362215909,0,0,0,0,0,0,,0,0,12,0,1320,0,benign
17500.0,17500.0,17,1e-06,1000000.0,176000000.0,1,176,176.0,176,176,0.0,0.0,0,0,0,0,0,0,,0,0,1,0,176,0,benign
60968.0,5355.0,17,0.4150938987731933,4.818186935319897,346.9094593430325,2,144,72.0,72,72,0.0,0.4156572818756103,0,0,0,0,0,0,,0,0,2,0,144,0,benign
54105.0,5355.0,17,0.4167366027832031,4.799194471142844,359.93958533571333,2,150,75.0,75,75,0.0,0.4134626388549804,0,0,0,0,0,0,,0,0,2,0,150,0,benign
137.0,137.0,17,15.290667057037354,0.784792445956577,72.20090502800508,12,1104,92.0,92,92,0.0,1.3901881954886697,0,0,0,0,0,0,,0,0,12,0,1104,0,benign
5353.0,5353.0,17,14.78092122077942,0.5412382544028029,43.84029860662704,8,648,81.0,81,81,0.0,2.1114414078848704,0,0,0,0,0,0,,0,0,8,0,648,0,benign
59342.0,5355.0,17,0.413905382156372,4.8320222114058105,362.4016658554358,2,150,75.0,75,75,0.0,0.411607027053833,0,0,0,0,0,0,,0,0,2,0,150,0,benign
58314.0,1900.0,17,3.0232856273651123,1.3230638758687596,280.489541684177,4,848,212.0,212,212,0.0,1.0069127877553303,0,0,0,0,0,0,,0,0,4,0,848,0,benign
5353.0,5353.0,17,1.0855021476745603,1.842465262997905,208.19857471876327,2,226,113.0,87,139,36.76955262170047,1.085381269454956,0,0,0,0,0,0,,0,0,2,0,226,0,benign
58763.0,5355.0,17,0.3974611759185791,5.031938013512305,377.39535101342295,2,150,75.0,75,75,0.0,0.4083065986633301,0,0,0,0,0,0,,0,0,2,0,150,0,benign
55780.0,443.0,6,0.2449166774749755,130.65668018164916,13326.981378528211,32,3264,102.0,66,583,111.94209332536406,0.0080964411458661,1,0,1,0,4,31,64240.0,0,37,32,0,3264,0,benign
443.0,55780.0,6,0.2499310970306396,140.03859630044062,295501.4437076869,35,73855,2110.1428571428573,66,2954,1217.465065155444,0.0073313642950618,1,0,1,0,27,35,65535.0,0,64,35,0,73855,0,benign
55780.0,443.0,6,0.0004925727844238,4060.313649564376,219256.9370764763,2,108,54.0,54,54,0.0,0.0001418590545654,0,2,0,0,0,0,0.0,0,2,2,0,108,0,benign
61229.0,5355.0,17,0.4021279811859131,4.973540995833746,373.0155746875309,2,150,75.0,75,75,0.0,0.4181010723114013,0,0,0,0,0,0,,0,0,2,0,150,0,benign
5353.0,5353.0,17,1e-06,1000000.0,87000000.0,1,87,87.0,87,87,0.0,0.0,0,0,0,0,0,0,,0,0,1,0,87,0,benign
56835.0,53.0,17,1e-06,1000000.0,89000000.0,1,89,89.0,89,89,0.0,0.0,0,0,0,0,0,0,,0,0,1,0,89,0,benign
53.0,56835.0,17,1e-06,1000000.0,150000000.0,1,150,150.0,150,150,0.0,0.0,0,0,0,0,0,0,,0,0,1,0,150,0,benign
60219.0,1900.0,17,1e-06,1000000.0,167000000.0,1,167,167.0,167,167,0.0,0.0,0,0,0,0,0,0,,0,0,1,0,167,0,benign
80.0,41190.0,6,1e-06,1000000.0,66000000.0,1,66,66.0,66,66,0.0,0.0,0,0,0,0,0,1,507.0,0,1,1,0,66,0,benign
58668.0,53.0,17,1e-06,1000000.0,89000000.0,1,89,89.0,89,89,0.0,0.0,0,0,0,0,0,0,,0,0,1,0,89,0,benign
53.0,58668.0,17,1e-06,1000000.0,150000000.0,1,150,150.0,150,150,0.0,0.0,0,0,0,0,0,0,,0,0,1,0,150,0,benign
5353.0,5353.0,17,13.32284140586853,0.1501181271375809,13.435572378813497,2,179,89.5,87,92,3.5355339059327378,13.335334777832031,0,0,0,0,0,0,,0,0,2,0,179,0,benign
5353.0,5353.0,17,1e-06,1000000.0,139000000.0,1,139,139.0,139,139,0.0,0.0,0,0,0,0,0,0,,0,0,1,0,139,0,benign
64951.0,1900.0,17,1e-06,1000000.0,167000000.0,1,167,167.0,167,167,0.0,0.0,0,0,0,0,0,0,,0,0,1,0,167,0,benign
52258.0,1900.0,17,3.0450243949890137,1.3136183757944675,278.4870956684272,4,848,212.0,212,212,0.0,1.0131178696950276,0,0,0,0,0,0,,0,0,4,0,848,0,benign
138.0,138.0,17,1e-06,1000000.0,258000000.0,1,258,258.0,258,258,0.0,0.0,0,0,0,0,0,0,,0,0,1,0,258,0,benign
58764.0,1900.0,17,3.0291404724121094,1.3205066045731426,285.2294265877988,4,864,216.0,216,216,0.0,1.0097777048746746,0,0,0,0,0,0,,0,0,4,0,864,0,benign
57621.0,57621.0,17,1e-06,1000000.0,86000000.0,1,86,86.0,86,86,0.0,0.0,0,0,0,0,0,0,,0,0,1,0,86,0,benign
5353.0,5353.0,17,0.7587432861328125,7.907812971342383,1738.4008848667672,6,1319,219.83333333333331,89,391,145.01367751583527,0.1544281959533691,0,0,0,0,0,0,,0,0,6,0,1319,0,benign
61356.0,5355.0,17,0.4210484027862549,4.750047706546697,356.2535779910023,2,150,75.0,75,75,0.0,0.4201526641845703,0,0,0,0,0,0,,0,0,2,0,150,0,benign
55788.0,443.0,6,0.3398106098175049,61.79912984847071,6797.904283331778,21,2310,110.0,66,583,130.96144470797503,0.0169528841972351,1,0,1,0,3,20,64240.0,0,25,21,0,2310,0,benign
443.0,55788.0,6,0.3591101169586181,75.18585170662661,152532.60048452514,27,54776,2028.7407407407409,66,2954,1314.115835913802,0.013419169646043,1,0,1,0,21,27,65535.0,0,50,27,0,54776,0,benign
55788.0,443.0,6,0.0004832744598388,4138.435125801678,223475.49679329057,2,108,54.0,54,54,0.0,0.0003995895385742,0,2,0,0,0,0,0.0,0,2,2,0,108,0,benign
5353.0,5353.0,17,6.305085182189941,0.6344085582378576,99.12633722466524,4,625,156.25,93,300,98.2560430711516,2.099318345387777,0,0,0,0,0,0,,0,0,4,0,625,0,benign
56376.0,1900.0,17,3.02811336517334,1.3209545078478349,280.042355663741,4,848,212.0,212,212,0.0,1.0107564131418865,0,0,0,0,0,0,,0,0,4,0,848,0,benign
50106.0,1900.0,17,3.042978048324585,1.3145017599460949,278.6743731085721,4,848,212.0,212,212,0.0,1.013566493988037,0,0,0,0,0,0,,0,0,4,0,848,0,benign
47257.0,53.0,17,1e-06,1000000.0,84000000.0,1,84,84.0,84,84,0.0,0.0,0,0,0,0,0,0,,0,0,1,0,84,0,benign
38292.0,53.0,17,1e-06,1000000.0,84000000.0,1,84,84.0,84,84,0.0,0.0,0,0,0,0,0,0,,0,0,1,0,84,0,benign
53.0,47257.0,17,1e-06,1000000.0,164000000.0,1,164,164.0,164,164,0.0,0.0,0,0,0,0,0,0,,0,0,1,0,164,0,benign
53.0,38292.0,17,1e-06,1000000.0,209000000.0,1,209,209.0,209,209,0.0,0.0,0,0,0,0,0,0,,0,0,1,0,209,0,benign
43662.0,53.0,17,1e-06,1000000.0,89000000.0,1,89,89.0,89,89,0.0,0.0,0,0,0,0,0,0,,0,0,1,0,89,0,benign
53.0,43662.0,17,1e-06,1000000.0,150000000.0,1,150,150.0,150,150,0.0,0.0,0,0,0,0,0,0,,0,0,1,0,150,0,benign
49293.0,3702.0,17,7.161737680435181,0.977416419359086,682.236660712642,7,4886,698.0,698,698,0.0,1.1934722661972046,0,0,0,0,0,0,,0,0,7,0,4886,0,benign
49947.0,5355.0,17,0.4127027988433838,4.846102341939722,363.4576756454791,2,150,75.0,75,75,0.0,0.4175670146942138,0,0,0,0,0,0,,0,0,2,0,150,0,benign
5353.0,5353.0,17,15.000426769256592,1.533289709272709,315.65768580027293,23,4735,205.8695652173913,83,385,117.71780754600697,0.681605187329379,0,0,0,0,0,0,,0,0,23,0,4735,0,benign
56940.0,1900.0,17,3.0349655151367188,1.3179721417097578,279.4100940424687,4,848,212.0,212,212,0.0,1.0132181644439695,0,0,0,0,0,0,,0,0,4,0,848,0,benign
137.0,137.0,17,14.820613861083984,1.147051003375687,105.52869231056322,17,1564,92.0,92,92,0.0,0.9261807054281236,0,0,0,0,0,0,,0,0,17,0,1564,0,benign
5353.0,5353.0,17,1e-06,1000000.0,87000000.0,1,87,87.0,87,87,0.0,0.0,0,0,0,0,0,0,,0,0,1,0,87,0,benign
5353.0,5353.0,17,14.055865049362184,1.4940382485354695,121.01709813137305,21,1701,81.0,81,81,0.0,0.7026179194450378,0,0,0,0,0,0,,0,0,21,0,1701,0,benign
57458.0,1900.0,17,1e-06,1000000.0,167000000.0,1,167,167.0,167,167,0.0,0.0,0,0,0,0,0,0,,0,0,1,0,167,0,benign
51680.0,443.0,6,0.137571096420288,196.26215609646195,19255.498203686213,27,2649,98.11111111111111,66,583,111.09466972373446,0.0053228048177865,1,0,1,0,3,26,64240.0,0,31,27,0,2649,0,benign
443.0,51680.0,6,0.1428456306457519,196.01579602695872,425683.30389326,28,60807,2171.678571428572,66,2954,1255.7098937659075,0.0053676322654441,1,0,1,0,22,28,65535.0,0,52,28,0,60807,0,benign
51680.0,443.0,6,0.0006930828094482,2885.658066735466,155825.53560371517,2,108,54.0,54,54,0.0,9.584426879882812e-05,0,2,0,0,0,0,0.0,0,2,2,0,108,0,benign
56804.0,5355.0,17,0.3882722854614258,5.151024358133583,386.32682686001874,2,150,75.0,75,75,0.0,0.4140605926513672,0,0,0,0,0,0,,0,0,2,0,150,0,benign
53607.0,5355.0,17,0.4120876789093017,4.853336079577835,364.0002059683376,2,150,75.0,75,75,0.0,0.4128181934356689,0,0,0,0,0,0,,0,0,2,0,150,0,benign
5353.0,5353.0,17,10.039860963821411,5.876575404042566,463.9506480005131,59,4658,78.94915254237289,70,81,3.7574006459600056,0.1729896520746165,0,0,0,0,0,0,,0,0,59,0,4658,0,benign
5353.0,5353.0,17,10.041002988815308,5.875907024997424,465.9893045756432,59,4679,79.30508474576271,70,93,4.05672807384327,0.1730170619898829,0,0,0,0,0,0,,0,0,59,0,4679,0,benign
53.0,38687.0,17,1e-06,1000000.0,150000000.0,1,150,150.0,150,150,0.0,0.0,0,0,0,0,0,0,,0,0,1,0,150,0,benign
5353.0,5353.0,17,1e-06,1000000.0,128000000.0,1,128,128.0,128,128,0.0,0.0,0,0,0,0,0,0,,0,0,1,0,128,0,benign
5353.0,5353.0,17,13.916223526000977,0.5030100290442481,84.86497775732244,7,1181,168.71428571428572,93,312,93.06219118724547,2.317050576210022,0,0,0,0,0,0,,0,0,7,0,1181,0,benign
5353.0,5353.0,17,8.039827108383179,0.2487615682574302,27.23939172418861,2,219,109.5,87,132,31.81980515339464,8.03764796257019,0,0,0,0,0,0,,0,0,2,0,219,0,benign
55959.0,5355.0,17,0.4122881889343261,4.850975734157115,363.8231800617836,2,150,75.0,75,75,0.0,0.4163284301757812,0,0,0,0,0,0,,0,0,2,0,150,0,benign
50301.0,5355.0,17,0.4330592155456543,4.618306061169952,346.3729545877464,2,150,75.0,75,75,0.0,0.4160125255584717,0,0,0,0,0,0,,0,0,2,0,150,0,benign
51688.0,443.0,6,0.7480695247650146,40.10322437533286,3848.5727658861097,30,2879,95.96666666666668,66,583,108.37498226809171,0.0259500947491876,1,0,1,0,3,29,64240.0,0,34,30,0,2879,0,benign
443.0,51688.0,6,0.7667074203491211,41.73691182671581,95796.64687026944,32,73448,2295.25,66,2954,1153.55512194036,0.0244436110219647,1,0,1,0,27,32,65535.0,0,61,32,0,73448,0,benign
51688.0,443.0,6,0.000206708908081,9675.441753171855,522473.85467128025,2,108,54.0,54,54,0.0,0.0003442764282226,0,2,0,0,0,0,0.0,0,2,2,0,108,0,benign
137.0,137.0,17,8.713257789611816,1.3772116342416412,126.703470350231,12,1104,92.0,92,92,0.0,0.7921288880434904,0,0,0,0,0,0,,0,0,12,0,1104,0,benign
5353.0,5353.0,17,8.198362112045288,0.9758046656961092,79.04017792138484,8,648,81.0,81,81,0.0,1.1710568836757116,0,0,0,0,0,0,,0,0,8,0,648,0,benign
61182.0,5355.0,17,0.4153571128845215,4.815133623475576,361.1350217606682,2,150,75.0,75,75,0.0,0.4149618148803711,0,0,0,0,0,0,,0,0,2,0,150,0,benign
57506.0,5355.0,17,0.4186928272247314,4.776771585166204,358.2578688874653,2,150,75.0,75,75,0.0,0.4159345626831054,0,0,0,0,0,0,,0,0,2,0,150,0,benign
47763.0,53.0,17,1e-06,1000000.0,82000000.0,1,82,82.0,82,82,0.0,0.0,0,0,0,0,0,0,,0,0,1,0,82,0,benign
46662.0,53.0,17,1e-06,1000000.0,82000000.0,1,82,82.0,82,82,0.0,0.0,0,0,0,0,0,0,,0,0,1,0,82,0,benign
53.0,47763.0,17,1e-06,1000000.0,160000000.0,1,160,160.0,160,160,0.0,0.0,0,0,0,0,0,0,,0,0,1,0,160,0,benign
53.0,46662.0,17,1e-06,1000000.0,202000000.0,1,202,202.0,202,202,0.0,0.0,0,0,0,0,0,0,,0,0,1,0,202,0,benign
41243.0,53.0,17,1e-06,1000000.0,89000000.0,1,89,89.0,89,89,0.0,0.0,0,0,0,0,0,0,,0,0,1,0,89,0,benign
53.0,41243.0,17,1e-06,1000000.0,150000000.0,1,150,150.0,150,150,0.0,0.0,0,0,0,0,0,0,,0,0,1,0,150,0,benign
64638.0,5355.0,17,0.4175519943237304,4.789822650085077,359.2366987563808,2,150,75.0,75,75,0.0,0.4180777072906494,0,0,0,0,0,0,,0,0,2,0,150,0,benign
60744.0,5355.0,17,0.4231071472167969,4.726935040346211,354.52012802596585,2,150,75.0,75,75,0.0,0.4165904521942138,0,0,0,0,0,0,,0,0,2,0,150,0,benign
58765.0,53.0,17,1e-06,1000000.0,89000000.0,1,89,89.0,89,89,0.0,0.0,0,0,0,0,0,0,,0,0,1,0,89,0,benign
53.0,58765.0,17,1e-06,1000000.0,150000000.0,1,150,150.0,150,150,0.0,0.0,0,0,0,0,0,0,,0,0,1,0,150,0,benign
51666.0,5355.0,17,0.4113707542419433,4.861794328781382,364.6345746586037,2,150,75.0,75,75,0.0,0.4178183078765869,0,0,0,0,0,0,,0,0,2,0,150,0,benign
5353.0,5353.0,17,8.854007959365845,0.7906024065175298,211.65555854483583,7,1874,267.7142857142857,93,431,165.5382274941494,1.4646952946980794,0,0,0,0,0,0,,0,0,7,0,1874,0,benign
38948.0,443.0,6,0.141451358795166,176.73920005393651,17843.58963744543,25,2524,100.96,66,583,115.8517299539948,0.006664901971817,1,0,1,0,3,24,64240.0,0,29,25,0,2524,0,benign
443.0,38948.0,6,0.1720964908599853,151.07803692030618,321563.790891144,26,55340,2128.4615384615386,66,2954,1285.5919486608254,0.0065789413452148,1,0,1,0,20,26,65535.0,0,48,26,0,55340,0,benign
38948.0,443.0,6,0.0002880096435546,6944.211920529801,374987.44370860927,2,108,54.0,54,54,0.0,0.0004010200500488,0,2,0,0,0,0,0.0,0,2,2,0,108,0,benign
59102.0,5355.0,17,0.4158718585968017,4.80917368813611,360.6880266102083,2,150,75.0,75,75,0.0,0.4152076244354248,0,0,0,0,0,0,,0,0,2,0,150,0,benign
52162.0,1900.0,17,6.017641544342041,0.4985341811894206,89.23761843290629,3,537,179.0,179,179,0.0,3.004318594932556,0,0,0,0,0,0,,0,0,3,0,537,0,benign
5353.0,5353.0,17,1e-06,1000000.0,132000000.0,1,132,132.0,132,132,0.0,0.0,0,0,0,0,0,0,,0,0,1,0,132,0,benign
5353.0,5353.0,17,10.898719549179075,0.4587694891531193,92.02915952411573,5,1003,200.6,87,229,63.50433056099403,2.7268977761268616,0,0,0,0,0,0,,0,0,5,0,1003,0,benign
5353.0,5353.0,17,0.0016422271728515,1217.8583042973287,118132.25551684089,2,194,97.0,91,103,8.48528137423857,0.0006310939788818,0,0,0,0,0,0,,0,0,2,0,194,0,benign
60642.0,1900.0,17,1e-06,1000000.0,167000000.0,1,167,167.0,167,167,0.0,0.0,0,0,0,0,0,0,,0,0,1,0,167,0,benign
5353.0,5353.0,17,1e-06,1000000.0,91000000.0,1,91,91.0,91,91,0.0,0.0,0,0,0,0,0,0,,0,0,1,0,91,0,benign
5353.0,5353.0,17,1e-06,1000000.0,136000000.0,1,136,136.0,136,136,0.0,0.0,0,0,0,0,0,0,,0,0,1,0,136,0,benign
5353.0,5353.0,17,1e-06,1000000.0,133000000.0,1,133,133.0,133,133,0.0,0.0,0,0,0,0,0,0,,0,0,1,0,133,0,benign
61794.0,5355.0,17,0.4121015071868896,4.8531732233946725,363.9879917546005,2,150,75.0,75,75,0.0,0.4137966632843017,0,0,0,0,0,0,,0,0,2,0,150,0,benign
5353.0,5353.0,17,14.167844533920288,1.5528120701302282,526.191544673675,22,7455,338.8636363636364,87,1124,334.40854617903494,0.6747532799130395,0,0,0,0,0,0,,0,0,22,0,7455,0,benign
63226.0,1900.0,17,14.023621082305908,0.5704660695727068,95.26783361864204,8,1336,167.0,167,167,0.0,2.0032338074275424,0,0,0,0,0,0,,0,0,8,0,1336,0,benign
56359.0,1900.0,17,1e-06,1000000.0,167000000.0,1,167,167.0,167,167,0.0,0.0,0,0,0,0,0,0,,0,0,1,0,167,0,benign
137.0,137.0,17,14.062561988830566,1.1377727623677871,104.67509413783644,16,1472,92.0,92,92,0.0,0.9374634583791096,0,0,0,0,0,0,,0,0,16,0,1472,0,benign
62902.0,1900.0,17,3.0030667781829834,1.331971712737009,283.7099748129829,4,852,213.0,213,213,0.0,1.0014450550079346,0,0,0,0,0,0,,0,0,4,0,852,0,benign
49680.0,1900.0,17,1e-06,1000000.0,167000000.0,1,167,167.0,167,167,0.0,0.0,0,0,0,0,0,0,,0,0,1,0,167,0,benign
137.0,137.0,17,1.5134549140930176,1.982219603679333,218.0441564047266,3,330,110.0,110,110,0.0,0.7587757110595703,0,0,0,0,0,0,,0,0,3,0,330,0,benign
49925.0,21027.0,17,1e-06,1000000.0,343000000.0,1,343,343.0,343,343,0.0,0.0,0,0,0,0,0,0,,0,0,1,0,343,0,benign
38958.0,443.0,6,0.4821469783782959,58.07357767579123,5678.766274154156,28,2738,97.78571428571428,66,583,111.18231845265656,0.0179165557578757,1,0,1,0,3,27,64240.0,0,32,28,0,2738,0,benign
443.0,38958.0,6,0.4759407043457031,60.93196008495973,135708.08172163667,29,64589,2227.206896551724,66,2954,1245.7021364707864,0.0171344450541905,1,0,1,0,23,29,65535.0,0,54,29,0,64589,0,benign
38958.0,443.0,6,0.0003268718719482,6118.605397520058,330404.6914660832,2,108,54.0,54,54,0.0,7.486343383789062e-05,0,2,0,0,0,0,0.0,0,2,2,0,108,0,benign
5353.0,5353.0,17,15.078066110610962,1.5917160611937071,129.3269299719887,24,1950,81.25,81,87,1.224744871391589,0.6554878379987634,0,0,0,0,0,0,,0,0,24,0,1950,0,benign
37441.0,53.0,17,1e-06,1000000.0,89000000.0,1,89,89.0,89,89,0.0,0.0,0,0,0,0,0,0,,0,0,1,0,89,0,benign
36559.0,53.0,17,1e-06,1000000.0,89000000.0,1,89,89.0,89,89,0.0,0.0,0,0,0,0,0,0,,0,0,1,0,89,0,benign
53.0,37441.0,17,1e-06,1000000.0,105000000.0,1,105,105.0,105,105,0.0,0.0,0,0,0,0,0,0,,0,0,1,0,105,0,benign
53.0,36559.0,17,1e-06,1000000.0,150000000.0,1,150,150.0,150,150,0.0,0.0,0,0,0,0,0,0,,0,0,1,0,150,0,benign
55496.0,5355.0,17,0.4411351680755615,4.533757779333119,340.03183344998394,2,150,75.0,75,75,0.0,0.4201323986053467,0,0,0,0,0,0,,0,0,2,0,150,0,benign
57621.0,57621.0,17,1e-06,1000000.0,86000000.0,1,86,86.0,86,86,0.0,0.0,0,0,0,0,0,0,,0,0,1,0,86,0,benign
17500.0,17500.0,17,0.0103046894073486,388.1727863769927,68318.41040235071,4,704,176.0,176,176,0.0,0.0007660388946533,0,0,0,0,0,0,,0,0,4,0,704,0,benign
17500.0,17500.0,17,1e-06,1000000.0,176000000.0,1,176,176.0,176,176,0.0,0.0,0,0,0,0,0,0,,0,0,1,0,176,0,benign
5353.0,5353.0,17,2.597403049468994,0.76999986598494,198.6599654241145,2,516,258.0,87,429,241.83051916579925,2.522010803222656,0,0,0,0,0,0,,0,0,2,0,516,0,benign
57621.0,57621.0,17,3.355679035186768,1.1920091159068111,102.51278396798575,4,344,86.0,86,86,0.0,1.1201186180114746,0,0,0,0,0,0,,0,0,4,0,344,0,benign
57440.0,5355.0,17,0.4138305187225342,4.832896341656627,362.4672256242471,2,150,75.0,75,75,0.0,0.4116790294647217,0,0,0,0,0,0,,0,0,2,0,150,0,benign
38968.0,443.0,6,0.1211373805999755,239.39761497538808,22916.13031626473,29,2776,95.72413793103448,66,583,106.96391132117016,0.0061170288494655,1,0,1,0,3,28,64240.0,0,33,29,0,2776,0,benign
443.0,38968.0,6,0.1501660346984863,213.0974561874248,458758.8673984904,32,68890,2152.8125,66,2954,1195.9942668300391,0.0056856293832102,1,0,1,0,25,32,65535.0,0,59,32,0,68890,0,benign
38968.0,443.0,6,0.00050950050354,3925.413196069256,211972.3125877398,2,108,54.0,54,54,0.0,0.0011119842529296,0,2,0,0,0,0,0.0,0,2,2,0,108,0,benign
49167.0,1900.0,17,1e-06,1000000.0,167000000.0,1,167,167.0,167,167,0.0,0.0,0,0,0,0,0,0,,0,0,1,0,167,0,benign
5353.0,5353.0,17,1.0089726448059082,2.973321442799965,448.9715378627948,3,453,151.0,77,299,128.17175976009693,0.5004589557647705,0,0,0,0,0,0,,0,0,3,0,453,0,benign
5353.0,5353.0,17,14.80454421043396,2.4992326324996283,375.1550821865658,37,5554,150.1081081081081,92,563,136.03651139467092,0.4112568828794691,0,0,0,0,0,0,,0,0,37,0,5554,0,benign
63285.0,5355.0,17,0.4182367324829101,4.781980741210298,631.2214578397594,2,264,132.0,132,132,0.0,0.4223670959472656,0,0,0,0,0,0,,0,0,2,0,264,0,benign
61319.0,5355.0,17,0.4065461158752441,4.919491102981624,649.3728255935744,2,264,132.0,132,132,0.0,0.4098103046417236,0,0,0,0,0,0,,0,0,2,0,264,0,benign
61233.0,5355.0,17,0.4111621379852295,4.864261115579294,428.05497817097785,2,176,88.0,88,88,0.0,0.4172277450561523,0,0,0,0,0,0,,0,0,2,0,176,0,benign
17500.0,17500.0,17,1e-06,1000000.0,176000000.0,1,176,176.0,176,176,0.0,0.0,0,0,0,0,0,0,,0,0,1,0,176,0,benign
60046.0,5355.0,17,0.3965704441070556,5.043240185242077,443.8051363013028,2,176,88.0,88,88,0.0,0.4058117866516113,0,0,0,0,0,0,,0,0,2,0,176,0,benign
5353.0,5353.0,17,0.8035595417022705,7.466777119327742,1549.3562522605064,6,1245,207.5,93,365,127.62092304947492,0.1585559844970703,0,0,0,0,0,0,,0,0,6,0,1245,0,benign
5353.0,5353.0,17,0.767000675201416,7.822678902367834,1795.3048080934177,6,1377,229.5,93,409,151.37205818776462,0.1538533210754394,0,0,0,0,0,0,,0,0,6,0,1377,0,benign
5353.0,5353.0,17,8.661474704742432,1.962714269741152,404.66550090839627,17,3505,206.1764705882353,83,385,119.77073687576906,0.5412974208593369,0,0,0,0,0,0,,0,0,17,0,3505,0,benign
5353.0,5353.0,17,1e-06,1000000.0,363000000.0,1,363,363.0,363,363,0.0,0.0,0,0,0,0,0,0,,0,0,1,0,363,0,benign
5353.0,5353.0,17,1e-06,1000000.0,363000000.0,1,363,363.0,363,363,0.0,0.0,0,0,0,0,0,0,,0,0,1,0,363,0,benign
5353.0,5353.0,17,1e-06,1000000.0,451000000.0,1,451,451.0,451,451,0.0,0.0,0,0,0,0,0,0,,0,0,1,0,451,0,benign
5353.0,5353.0,17,0.0468242168426513,42.71294075714759,12771.169286387129,2,598,299.0,299,299,0.0,0.0008916854858398,0,0,0,0,0,0,,0,0,2,0,598,0,benign
5353.0,5353.0,17,1e-06,1000000.0,259000000.0,1,259,259.0,259,259,0.0,0.0,0,0,0,0,0,0,,0,0,1,0,259,0,benign
5353.0,5353.0,17,1e-06,1000000.0,312000000.0,1,312,312.0,312,312,0.0,0.0,0,0,0,0,0,0,,0,0,1,0,312,0,benign
5353.0,5353.0,17,13.1891770362854,0.6065579359493622,147.16611920971403,8,1941,242.625,84,417,158.924903649491,1.886763232094901,0,0,0,0,0,0,,0,0,8,0,1941,0,benign
5353.0,5353.0,17,13.155637264251707,0.1520260827983356,125.11746614303024,2,1646,823.0,132,1514,977.2215715998088,13.183627605438232,0,0,0,0,0,0,,0,0,2,0,1646,0,benign
,,17,0.008955955505371,1339.8905334895112,1900969.694388244,12,17025,1418.75,371,1514,329.95567884187113,7.690082896839489e-05,0,0,0,0,0,0,,0,0,12,0,17025,0,benign
5353.0,5353.0,17,1e-06,1000000.0,387000000.0,1,387,387.0,387,387,0.0,0.0,0,0,0,0,0,0,,0,0,1,0,387,0,benign
5353.0,5353.0,17,4.077841520309448,1.7165944201452936,282.2571682267476,7,1151,164.42857142857142,82,253,80.13916467174907,0.6844433943430582,0,0,0,0,0,0,,0,0,7,0,1151,0,benign
5353.0,5353.0,17,3.1513214111328125,2.221290400677884,647.9821425977484,7,2042,291.7142857142857,93,473,187.7362638434694,0.5314290523529053,0,0,0,0,0,0,,0,0,7,0,2042,0,benign
5353.0,5353.0,17,4.951496362686157,1.4137140547554683,366.1519401816663,7,1813,259.0,88,419,162.06377345559576,0.8306158781051636,0,0,0,0,0,0,,0,0,7,0,1813,0,benign
5353.0,5353.0,17,1e-06,1000000.0,299000000.0,1,299,299.0,299,299,0.0,0.0,0,0,0,0,0,0,,0,0,1,0,299,0,benign
5353.0,5353.0,17,2.284015655517578,3.064777591646472,1013.1279067242764,7,2314,330.57142857142856,93,541,223.7825262338841,0.3877640167872111,0,0,0,0,0,0,,0,0,7,0,2314,0,benign
5353.0,5353.0,17,1e-06,1000000.0,301000000.0,1,301,301.0,301,301,0.0,0.0,0,0,0,0,0,0,,0,0,1,0,301,0,benign
5353.0,5353.0,17,1e-06,1000000.0,475000000.0,1,475,475.0,475,475,0.0,0.0,0,0,0,0,0,0,,0,0,1,0,475,0,benign
5353.0,5353.0,17,6.514809846878052,2.9164320136074195,263.2463633335118,19,1715,90.26315789473684,75,365,66.53056282246291,0.3650858004887898,0,0,0,0,0,0,,0,0,19,0,1715,0,benign
5353.0,5353.0,17,1e-06,1000000.0,363000000.0,1,363,363.0,363,363,0.0,0.0,0,0,0,0,0,0,,0,0,1,0,363,0,benign
5353.0,5353.0,17,1e-06,1000000.0,385000000.0,1,385,385.0,385,385,0.0,0.0,0,0,0,0,0,0,,0,0,1,0,385,0,benign
5353.0,5353.0,17,1e-06,1000000.0,391000000.0,1,391,391.0,391,391,0.0,0.0,0,0,0,0,0,0,,0,0,1,0,391,0,benign
5353.0,5353.0,17,13.971973896026611,0.2862873943056486,47.308991909008434,4,661,165.25,82,387,148.4214157952506,4.687045653661092,0,0,0,0,0,0,,0,0,4,0,661,0,benign
55914.0,5355.0,17,0.3375787734985351,5.924543120033222,521.3597945629235,2,176,88.0,88,88,0.0,0.4122936725616455,0,0,0,0,0,0,,0,0,2,0,176,0,benign
52929.0,5355.0,17,0.3732459545135498,5.358396992156535,460.822141325462,2,172,86.0,86,86,0.0,0.4118387699127197,0,0,0,0,0,0,,0,0,2,0,172,0,benign
55778.0,5355.0,17,0.4135594367980957,4.836064231745296,415.9015239300954,2,172,86.0,86,86,0.0,0.411679744720459,0,0,0,0,0,0,,0,0,2,0,172,0,benign
42682.0,53.0,17,1e-06,1000000.0,89000000.0,1,89,89.0,89,89,0.0,0.0,0,0,0,0,0,0,,0,0,1,0,89,0,benign
53.0,42682.0,17,1e-06,1000000.0,150000000.0,1,150,150.0,150,150,0.0,0.0,0,0,0,0,0,0,,0,0,1,0,150,0,benign
59445.0,1900.0,17,3.042051315307617,1.3149022108443669,278.75926869900576,4,848,212.0,212,212,0.0,1.013391097386678,0,0,0,0,0,0,,0,0,4,0,848,0,benign
443.0,51688.0,6,1e-06,1000000.0,66000000.0,1,66,66.0,66,66,0.0,0.0,0,0,0,0,0,1,287.0,0,1,1,0,66,0,benign
51688.0,443.0,6,1e-06,1000000.0,54000000.0,1,54,54.0,54,54,0.0,0.0,0,1,0,0,0,0,0.0,0,1,1,0,54,0,benign
5353.0,5353.0,17,10.046427488327026,2.886598249347361,229.83294337045024,29,2309,79.62068965517241,72,93,4.287971490972061,0.3574984329087393,0,0,0,0,0,0,,0,0,29,0,2309,0,benign
5353.0,5353.0,17,10.057994604110718,2.783855142312003,219.7257094467688,28,2210,78.92857142857143,72,93,4.760396586564576,0.3707076620172571,0,0,0,0,0,0,,0,0,28,0,2210,0,benign
5353.0,5353.0,17,0.1028468608856201,19.44638837566735,2430.7985469584187,2,250,125.0,111,139,19.79898987322333,0.1130142211914062,0,0,0,0,0,0,,0,0,2,0,250,0,benign
59089.0,1900.0,17,3.0293633937835693,1.3204094326247666,279.9267997164505,4,848,212.0,212,212,0.0,1.0098951657613118,0,0,0,0,0,0,,0,0,4,0,848,0,benign
5353.0,5353.0,17,1e-06,1000000.0,139000000.0,1,139,139.0,139,139,0.0,0.0,0,0,0,0,0,0,,0,0,1,0,139,0,benign
5353.0,5353.0,17,1e-06,1000000.0,139000000.0,1,139,139.0,139,139,0.0,0.0,0,0,0,0,0,0,,0,0,1,0,139,0,benign
55008.0,443.0,6,0.1692845821380615,212.6596500716166,19157.09014395146,36,3243,90.08333333333331,66,583,96.78440694952586,0.0048360007149832,1,0,1,0,3,35,64240.0,0,40,36,0,3243,0,benign
443.0,55008.0,6,0.1613266468048095,235.54695242613275,550739.7677923545,38,88849,2338.1315789473683,66,4398,1217.957975821707,0.0045158540880357,1,0,1,0,32,38,65535.0,0,72,38,0,88849,0,benign
55008.0,443.0,6,0.0006129741668701,3262.780241151303,176190.13302217037,2,108,54.0,54,54,0.0,6.4849853515625e-05,0,2,0,0,0,0,0.0,0,2,2,0,108,0,benign
56775.0,5355.0,17,1e-06,1000000.0,72000000.0,1,72,72.0,72,72,0.0,0.0,0,0,0,0,0,0,,0,0,1,0,72,0,benign
137.0,137.0,17,3.4427754878997803,1.452316602570615,133.61312743649657,5,460,92.0,92,92,0.0,0.8543329238891602,0,0,0,0,0,0,,0,0,5,0,460,0,benign
62954.0,5355.0,17,0.4073977470397949,4.9092073152889535,338.73530475493783,2,138,69.0,69,69,0.0,0.4101285934448242,0,0,0,0,0,0,,0,0,2,0,138,0,benign
64424.0,5355.0,17,0.4066827297210693,4.91783853563621,339.33085895889843,2,138,69.0,69,69,0.0,0.4100263118743896,0,0,0,0,0,0,,0,0,2,0,138,0,benign
5353.0,5353.0,17,0.7860054969787598,7.633534400284401,1216.2764811119814,6,956,159.33333333333334,86,271,83.03172084611198,0.1576995372772217,0,0,0,0,0,0,,0,0,6,0,956,0,benign
56098.0,5355.0,17,0.4150314331054687,4.818912112355006,361.4184084266255,2,150,75.0,75,75,0.0,0.4153511524200439,0,0,0,0,0,0,,0,0,2,0,150,0,benign
65387.0,5355.0,17,0.4114041328430176,4.86139987505462,350.02079100393263,2,144,72.0,72,72,0.0,0.411790132522583,0,0,0,0,0,0,,0,0,2,0,144,0,benign
56778.0,1900.0,17,3.0802319049835205,1.2986035218739156,232.4500304154309,4,716,179.0,179,179,0.0,1.0266858736673992,0,0,0,0,0,0,,0,0,4,0,716,0,benign
137.0,137.0,17,14.710582971572876,1.1556306118425934,106.3180162895186,17,1564,92.0,92,92,0.0,0.9191990941762924,0,0,0,0,0,0,,0,0,17,0,1564,0,benign
5353.0,5353.0,17,14.964037656784058,0.8019226010541153,64.95573068538334,12,972,81.0,81,81,0.0,1.3604155453768645,0,0,0,0,0,0,,0,0,12,0,972,0,benign
53648.0,5355.0,17,0.4162032604217529,4.805344383831429,360.4008287873572,2,150,75.0,75,75,0.0,0.4162602424621582,0,0,0,0,0,0,,0,0,2,0,150,0,benign
60089.0,5355.0,17,0.4068634510040283,4.915654121953064,353.92709678062056,2,144,72.0,72,72,0.0,0.409555435180664,0,0,0,0,0,0,,0,0,2,0,144,0,benign
65127.0,5355.0,17,0.4129657745361328,4.843016354676163,334.1681284726552,2,138,69.0,69,69,0.0,0.4092161655426025,0,0,0,0,0,0,,0,0,2,0,138,0,benign
52770.0,5355.0,17,0.4121880531311035,4.852154216521811,334.79864094000493,2,138,69.0,69,69,0.0,0.4092156887054443,0,0,0,0,0,0,,0,0,2,0,138,0,benign
55438.0,53.0,17,1e-06,1000000.0,82000000.0,1,82,82.0,82,82,0.0,0.0,0,0,0,0,0,0,,0,0,1,0,82,0,benign
34199.0,53.0,17,1e-06,1000000.0,82000000.0,1,82,82.0,82,82,0.0,0.0,0,0,0,0,0,0,,0,0,1,0,82,0,benign
53.0,55438.0,17,1e-06,1000000.0,160000000.0,1,160,160.0,160,160,0.0,0.0,0,0,0,0,0,0,,0,0,1,0,160,0,benign
53.0,34199.0,17,1e-06,1000000.0,202000000.0,1,202,202.0,202,202,0.0,0.0,0,0,0,0,0,0,,0,0,1,0,202,0,benign
57454.0,53.0,17,1e-06,1000000.0,89000000.0,1,89,89.0,89,89,0.0,0.0,0,0,0,0,0,0,,0,0,1,0,89,0,benign
53.0,57454.0,17,1e-06,1000000.0,150000000.0,1,150,150.0,150,150,0.0,0.0,0,0,0,0,0,0,,0,0,1,0,150,0,benign
54802.0,5355.0,17,0.3993716239929199,5.007867058765938,360.56642823114754,2,144,72.0,72,72,0.0,0.4026174545288086,0,0,0,0,0,0,,0,0,2,0,144,0,benign
137.0,137.0,17,2.300896406173706,5.215358660999213,573.6894527099134,12,1320,110.0,110,110,0.0,0.2090216549960049,0,0,0,0,0,0,,0,0,12,0,1320,0,benign
58829.0,5355.0,17,0.3684353828430176,5.428360285505361,407.1270214129021,2,150,75.0,75,75,0.0,0.414320707321167,0,0,0,0,0,0,,0,0,2,0,150,0,benign
65160.0,1900.0,17,3.0263140201568604,1.3217399031818486,280.208859474552,4,848,212.0,212,212,0.0,1.0092703501383464,0,0,0,0,0,0,,0,0,4,0,848,0,benign
55024.0,443.0,6,0.1362881660461425,198.10964358313183,19620.19210893684,27,2674,99.03703703703704,66,583,113.3050618332519,0.0052893161773681,1,0,1,0,3,26,64240.0,0,31,27,0,2674,0,benign
443.0,55024.0,6,0.1336290836334228,209.53522420920604,460124.3855616872,28,61486,2195.928571428572,66,2954,1258.2446894037337,0.0050636044255009,1,0,1,0,22,28,65535.0,0,52,28,0,61486,0,benign
55024.0,443.0,6,0.000361680984497,5529.7350032959785,298605.69017798285,2,108,54.0,54,54,0.0,6.413459777832031e-05,0,2,0,0,0,0,0.0,0,2,2,0,108,0,benign
57621.0,57621.0,17,1e-06,1000000.0,86000000.0,1,86,86.0,86,86,0.0,0.0,0,0,0,0,0,0,,0,0,1,0,86,0,benign
58796.0,1900.0,17,1e-06,1000000.0,167000000.0,1,167,167.0,167,167,0.0,0.0,0,0,0,0,0,0,,0,0,1,0,167,0,benign
63226.0,1900.0,17,14.015129327774048,0.5708117144624737,95.3255563152331,8,1336,167.0,167,167,0.0,2.0019732202802385,0,0,0,0,0,0,,0,0,8,0,1336,0,benign
35297.0,53.0,17,1e-06,1000000.0,89000000.0,1,89,89.0,89,89,0.0,0.0,0,0,0,0,0,0,,0,0,1,0,89,0,benign
53.0,35297.0,17,1e-06,1000000.0,150000000.0,1,150,150.0,150,150,0.0,0.0,0,0,0,0,0,0,,0,0,1,0,150,0,benign
5353.0,5353.0,17,13.984126567840576,0.5720772020469032,49.770716578080574,8,696,87.0,87,87,0.0,1.9984936373574396,0,0,0,0,0,0,,0,0,8,0,696,0,benign
137.0,137.0,17,14.79304552078247,1.3519866461508807,124.38277144588102,20,1840,92.0,92,92,0.0,0.7786882802059776,0,0,0,0,0,0,,0,0,20,0,1840,0,benign
57621.0,57621.0,17,1e-06,1000000.0,86000000.0,1,86,86.0,86,86,0.0,0.0,0,0,0,0,0,0,,0,0,1,0,86,0,benign
5353.0,5353.0,17,14.044997453689575,1.9935923870633732,161.48098335213325,28,2268,81.0,81,81,0.0,0.520008572825679,0,0,0,0,0,0,,0,0,28,0,2268,0,benign
5353.0,5353.0,17,1e-06,1000000.0,87000000.0,1,87,87.0,87,87,0.0,0.0,0,0,0,0,0,0,,0,0,1,0,87,0,benign
58739.0,5355.0,17,0.4247491359710693,4.708661726709727,353.1496295032295,2,150,75.0,75,75,0.0,0.415459394454956,0,0,0,0,0,0,,0,0,2,0,150,0,benign
59683.0,5355.0,17,0.4201176166534424,4.760571613091417,357.0428709818563,2,150,75.0,75,75,0.0,0.4202742576599121,0,0,0,0,0,0,,0,0,2,0,150,0,benign
47418.0,443.0,6,0.4989445209503174,46.09730948882438,4808.149802769117,23,2399,104.30434782608695,66,583,121.16233842644516,0.0227508328177712,1,0,1,0,3,22,64240.0,0,27,23,0,2399,0,benign
443.0,47418.0,6,0.5103065967559814,50.94976268243831,101292.0474252014,26,51690,1988.076923076923,66,2954,1334.0996641353877,0.0203051662445068,1,0,1,0,20,26,65535.0,0,48,26,0,51690,0,benign
47418.0,443.0,6,0.0012910366058349,1549.1427516158817,83653.70858725761,2,108,54.0,54,54,0.0,0.0002532005310058,0,2,0,0,0,0,0.0,0,2,2,0,108,0,benign
53799.0,1900.0,17,1e-06,1000000.0,167000000.0,1,167,167.0,167,167,0.0,0.0,0,0,0,0,0,0,,0,0,1,0,167,0,benign
5353.0,5353.0,17,1e-06,1000000.0,83000000.0,1,83,83.0,83,83,0.0,0.0,0,0,0,0,0,0,,0,0,1,0,83,0,benign
33167.0,53.0,17,1e-06,1000000.0,89000000.0,1,89,89.0,89,89,0.0,0.0,0,0,0,0,0,0,,0,0,1,0,89,0,benign
53.0,33167.0,17,1e-06,1000000.0,150000000.0,1,150,150.0,150,150,0.0,0.0,0,0,0,0,0,0,,0,0,1,0,150,0,benign
5353.0,5353.0,17,1e-06,1000000.0,139000000.0,1,139,139.0,139,139,0.0,0.0,0,0,0,0,0,0,,0,0,1,0,139,0,benign
5353.0,5353.0,17,1e-06,1000000.0,139000000.0,1,139,139.0,139,139,0.0,0.0,0,0,0,0,0,0,,0,0,1,0,139,0,benign
64740.0,5355.0,17,0.3871760368347168,5.165608947161646,387.4206710371234,2,150,75.0,75,75,0.0,0.4129550457000732,0,0,0,0,0,0,,0,0,2,0,150,0,benign
54875.0,5355.0,17,0.4182615280151367,4.781697254086493,358.62729405648696,2,150,75.0,75,75,0.0,0.4179129600524902,0,0,0,0,0,0,,0,0,2,0,150,0,benign
48701.0,53.0,17,1e-06,1000000.0,100000000.0,1,100,100.0,100,100,0.0,0.0,0,0,0,0,0,0,,0,0,1,0,100,0,benign
53.0,48701.0,17,1e-06,1000000.0,436000000.0,1,436,436.0,436,436,0.0,0.0,0,0,0,0,0,0,,0,0,1,0,436,0,benign
5353.0,5353.0,17,1e-06,1000000.0,92000000.0,1,92,92.0,92,92,0.0,0.0,0,0,0,0,0,0,,0,0,1,0,92,0,benign
55643.0,5355.0,17,0.4137678146362304,4.8336287387609564,362.52215540707175,2,150,75.0,75,75,0.0,0.41705322265625,0,0,0,0,0,0,,0,0,2,0,150,0,benign
5353.0,5353.0,17,1e-06,1000000.0,82000000.0,1,82,82.0,82,82,0.0,0.0,0,0,0,0,0,0,,0,0,1,0,82,0,benign
47422.0,443.0,6,0.2360668182373047,122.8465746119725,11988.131246616626,29,2830,97.58620689655172,66,583,111.71472509457142,0.0087149654115949,1,0,1,0,3,28,64240.0,0,33,29,0,2830,0,benign
443.0,47422.0,6,0.2611002922058105,149.36789105260178,359379.14587255986,39,93834,2406.0,66,4398,1177.695966484425,0.0068316836106149,1,0,1,0,33,39,65535.0,0,74,39,0,93834,0,benign
47422.0,443.0,6,0.000295877456665,6759.555197421434,365015.9806607575,2,108,54.0,54,54,0.0,0.000227928161621,0,2,0,0,0,0,0.0,0,2,2,0,108,0,benign
5353.0,5353.0,17,15.005447387695312,1.1995643671884295,233.51519681268093,18,3504,194.66666666666663,83,310,113.58386380840837,0.8825474065892837,0,0,0,0,0,0,,0,0,18,0,3504,0,benign
55137.0,5355.0,17,0.4149584770202636,4.8197593512527135,361.4819513439535,2,150,75.0,75,75,0.0,0.4123353958129883,0,0,0,0,0,0,,0,0,2,0,150,0,benign
137.0,137.0,17,1.5060381889343262,1.991981360129256,183.26228513189156,3,276,92.0,92,92,0.0,0.7528202533721924,0,0,0,0,0,0,,0,0,3,0,276,0,benign
51311.0,1900.0,17,3.0251007080078125,1.3222700287007003,280.32124608454853,4,848,212.0,212,212,0.0,1.0081302324930828,0,0,0,0,0,0,,0,0,4,0,848,0,benign
49666.0,1900.0,17,3.0038928985595703,1.3316053984208571,282.3003444652217,4,848,212.0,212,212,0.0,1.000969409942627,0,0,0,0,0,0,,0,0,4,0,848,0,benign
5353.0,5353.0,17,12.23044490814209,0.5723422207919794,114.30491780959817,7,1398,199.7142857142857,87,387,136.6854226386441,2.038052280743917,0,0,0,0,0,0,,0,0,7,0,1398,0,benign
58508.0,5355.0,17,0.4294850826263428,4.656739153243244,349.2554364932433,2,150,75.0,75,75,0.0,0.4153294563293457,0,0,0,0,0,0,,0,0,2,0,150,0,benign
46579.0,53.0,17,1e-06,1000000.0,89000000.0,1,89,89.0,89,89,0.0,0.0,0,0,0,0,0,0,,0,0,1,0,89,0,benign
53.0,46579.0,17,1e-06,1000000.0,150000000.0,1,150,150.0,150,150,0.0,0.0,0,0,0,0,0,0,,0,0,1,0,150,0,benign
56062.0,5355.0,17,0.4151854515075683,4.817124474708484,361.2843356031363,2,150,75.0,75,75,0.0,0.4136574268341064,0,0,0,0,0,0,,0,0,2,0,150,0,benign
5353.0,5353.0,17,0.7760848999023438,7.731112924314068,1689.248173962624,6,1311,218.5,93,387,139.48153999723405,0.1543661117553711,0,0,0,0,0,0,,0,0,6,0,1311,0,benign
137.0,137.0,17,11.556384086608888,0.8653225719269432,79.60967661727878,10,920,92.0,92,92,0.0,1.2837263213263617,0,0,0,0,0,0,,0,0,10,0,920,0,benign
65068.0,5355.0,17,0.4129374027252197,4.843349105217424,363.2511828913068,2,150,75.0,75,75,0.0,0.4157865047454834,0,0,0,0,0,0,,0,0,2,0,150,0,benign
5353.0,5353.0,17,3.382460832595825,1.1825709736098415,95.78824886239715,4,324,81.0,81,81,0.0,1.1281476815541585,0,0,0,0,0,0,,0,0,4,0,324,0,benign
50091.0,5355.0,17,0.4109814167022705,4.866400082145006,364.9800061608754,2,150,75.0,75,75,0.0,0.4103584289550781,0,0,0,0,0,0,,0,0,2,0,150,0,benign
51364.0,443.0,6,0.4664177894592285,23.58400611767737,3396.096880945541,11,1584,144.0,66,583,164.5715649801022,0.0466644287109375,1,0,1,0,3,10,64240.0,0,15,11,0,1584,0,benign
43810.0,443.0,6,0.7725975513458252,16.82635413140343,2199.0750514811098,13,1699,130.69230769230768,66,583,152.90159396127115,0.06436554590861,1,0,1,0,3,12,64240.0,0,17,13,0,1699,0,benign
443.0,51364.0,6,0.4663591384887695,25.731242318711363,30268.51804757747,12,14116,1176.3333333333333,66,5858,1851.9637407275816,0.0424574505199085,1,0,1,0,7,12,65160.0,0,21,12,0,14116,0,benign
51364.0,443.0,6,0.0048325061798095,413.8639301396221,22348.65222753959,2,108,54.0,54,54,0.0,6.413459777832031e-05,0,2,0,0,0,0,0.0,0,2,2,0,108,0,benign
443.0,43810.0,6,0.7693972587585449,16.896343016579042,9390.4675611372,13,7225,555.7692307692307,66,5427,1470.2940269350977,0.0643109679222107,1,0,1,0,8,13,26847.0,0,23,13,0,7225,0,benign
43810.0,443.0,6,0.0055427551269531,360.83138334480384,19484.894700619407,2,108,54.0,54,54,0.0,0.0001981258392333,0,2,0,0,0,0,0.0,0,2,2,0,108,0,benign
53013.0,53.0,17,1e-06,1000000.0,89000000.0,1,89,89.0,89,89,0.0,0.0,0,0,0,0,0,0,,0,0,1,0,89,0,benign
53.0,53013.0,17,1e-06,1000000.0,150000000.0,1,150,150.0,150,150,0.0,0.0,0,0,0,0,0,0,,0,0,1,0,150,0,benign
5353.0,5353.0,17,1e-06,1000000.0,87000000.0,1,87,87.0,87,87,0.0,0.0,0,0,0,0,0,0,,0,0,1,0,87,0,benign
5353.0,5353.0,17,10.041500568389893,4.780162055768979,376.5373486013023,48,3781,78.77083333333333,70,82,4.059344792185553,0.2130802895160431,0,0,0,0,0,0,,0,0,48,0,3781,0,benign
5353.0,5353.0,17,10.04238486289978,5.078474953535443,401.7969889708924,51,4035,79.11764705882354,70,81,3.7183171399090176,0.2002833461761474,0,0,0,0,0,0,,0,0,51,0,4035,0,benign
57621.0,57621.0,17,1e-06,1000000.0,86000000.0,1,86,86.0,86,86,0.0,0.0,0,0,0,0,0,0,,0,0,1,0,86,0,benign
59540.0,5355.0,17,0.418666124343872,4.777076251713399,358.2807188785049,2,150,75.0,75,75,0.0,0.4196457862854004,0,0,0,0,0,0,,0,0,2,0,150,0,benign
60711.0,5355.0,17,0.4069311618804931,4.914836186930694,368.61271401980207,2,150,75.0,75,75,0.0,0.4154176712036133,0,0,0,0,0,0,,0,0,2,0,150,0,benign
137.0,137.0,17,1.5019609928131104,1.99738875666879,183.75976561352869,3,276,92.0,92,92,0.0,0.7505041360855103,0,0,0,0,0,0,,0,0,3,0,276,0,benign
64687.0,3702.0,17,14.945250272750854,0.8698415725899512,607.1494176677859,13,9074,698.0,698,698,0.0,1.2455260157585144,0,0,0,0,0,0,,0,0,13,0,9074,0,benign
50528.0,1900.0,17,1e-06,1000000.0,167000000.0,1,167,167.0,167,167,0.0,0.0,0,0,0,0,0,0,,0,0,1,0,167,0,benign
61852.0,1900.0,17,3.035769462585449,1.3176231098238114,279.336099282648,4,848,212.0,212,212,0.0,1.010450839996338,0,0,0,0,0,0,,0,0,4,0,848,0,benign
57621.0,57621.0,17,1e-06,1000000.0,86000000.0,1,86,86.0,86,86,0.0,0.0,0,0,0,0,0,0,,0,0,1,0,86,0,benign
49925.0,21027.0,17,1e-06,1000000.0,343000000.0,1,343,343.0,343,343,0.0,0.0,0,0,0,0,0,0,,0,0,1,0,343,0,benign
137.0,137.0,17,14.069531679153442,1.350435851973093,124.24009838152456,19,1748,92.0,92,92,0.0,0.7816422250535753,0,0,0,0,0,0,,0,0,19,0,1748,0,benign
137.0,137.0,17,2.067141056060791,1.4512797717427637,133.51773900033425,3,276,92.0,92,92,0.0,1.0301737785339355,0,0,0,0,0,0,,0,0,3,0,276,0,benign
63226.0,1900.0,17,8.010494232177734,0.6241812121798007,104.23826243402672,5,835,167.0,167,167,0.0,2.0019769072532654,0,0,0,0,0,0,,0,0,5,0,835,0,benign
5353.0,5353.0,17,8.031373023986816,0.7470702683190238,74.33349169774286,6,597,99.5,87,162,30.618621784789728,1.6057205200195312,0,0,0,0,0,0,,0,0,6,0,597,0,benign
5353.0,5353.0,17,0.804267406463623,7.460205339393397,1786.7191787847185,6,1437,239.5,93,429,162.20203451251774,0.1608660221099853,0,0,0,0,0,0,,0,0,6,0,1437,0,benign
5353.0,5353.0,17,15.079333782196043,1.5252663235796116,123.54657220994854,23,1863,81.0,81,81,0.0,0.6852987029335715,0,0,0,0,0,0,,0,0,23,0,1863,0,benign
50356.0,5355.0,17,0.4285702705383301,4.666679276394478,350.00094572958585,2,150,75.0,75,75,0.0,0.4200224876403808,0,0,0,0,0,0,,0,0,2,0,150,0,benign
57621.0,57621.0,17,1e-06,1000000.0,86000000.0,1,86,86.0,86,86,0.0,0.0,0,0,0,0,0,0,,0,0,1,0,86,0,benign
5353.0,5353.0,17,1e-06,1000000.0,87000000.0,1,87,87.0,87,87,0.0,0.0,0,0,0,0,0,0,,0,0,1,0,87,0,benign
17500.0,17500.0,17,0.0065979957580566,606.244706222447,106699.06829515068,4,704,176.0,176,176,0.0,0.0018889904022216,0,0,0,0,0,0,,0,0,4,0,704,0,benign
17500.0,17500.0,17,1e-06,1000000.0,176000000.0,1,176,176.0,176,176,0.0,0.0,0,0,0,0,0,0,,0,0,1,0,176,0,benign
55666.0,53.0,17,1e-06,1000000.0,89000000.0,1,89,89.0,89,89,0.0,0.0,0,0,0,0,0,0,,0,0,1,0,89,0,benign
53.0,55666.0,17,1e-06,1000000.0,150000000.0,1,150,150.0,150,150,0.0,0.0,0,0,0,0,0,0,,0,0,1,0,150,0,benign
53580.0,443.0,6,0.1947922706604004,56.470413136552686,8331.952774602272,11,1623,147.54545454545453,66,583,169.07712064993515,0.0194370031356811,1,0,1,0,3,10,64240.0,0,15,11,0,1623,0,benign
51616.0,80.0,6,0.2440903186798095,20.48422086972999,2490.881257759167,5,608,121.6,66,336,119.90329436675208,0.0612348318099975,1,0,1,0,1,4,64240.0,0,7,5,0,608,0,benign
80.0,51616.0,6,0.2534623146057129,15.781438776105308,2150.2210332443483,4,545,136.25,66,339,135.21926637872284,0.0817178090413411,1,0,1,0,1,4,65160.0,0,7,4,0,545,0,benign
443.0,53580.0,6,0.2130444049835205,56.32628559725954,66296.03814797448,12,14124,1177.0,66,5858,1852.7451868167752,0.0178691690618341,1,0,1,0,7,12,65160.0,0,21,12,0,14124,0,benign
53580.0,443.0,6,0.0002138614654541,9351.848383500555,504999.8127090301,2,108,54.0,54,54,0.0,0.0049271583557128,0,2,0,0,0,0,0.0,0,2,2,0,108,0,benign
57621.0,57621.0,17,1e-06,1000000.0,86000000.0,1,86,86.0,86,86,0.0,0.0,0,0,0,0,0,0,,0,0,1,0,86,0,benign
5353.0,5353.0,17,0.7668704986572266,7.824006804937559,1959.9137046368585,6,1503,250.5,93,451,174.13299515025864,0.1534531593322753,0,0,0,0,0,0,,0,0,6,0,1503,0,benign
5353.0,5353.0,17,3.8677244186401367,2.0683996929679758,314.6553032927533,8,1217,152.125,85,299,88.35227784273589,0.5534007208687919,0,0,0,0,0,0,,0,0,8,0,1217,0,benign
57621.0,57621.0,17,1e-06,1000000.0,86000000.0,1,86,86.0,86,86,0.0,0.0,0,0,0,0,0,0,,0,0,1,0,86,0,benign
62653.0,1900.0,17,1e-06,1000000.0,167000000.0,1,167,167.0,167,167,0.0,0.0,0,0,0,0,0,0,,0,0,1,0,167,0,benign
58182.0,5355.0,17,0.4112567901611328,4.863141589021274,364.7356191765956,2,150,75.0,75,75,0.0,0.4205822944641113,0,0,0,0,0,0,,0,0,2,0,150,0,benign
17500.0,17500.0,17,1e-06,1000000.0,176000000.0,1,176,176.0,176,176,0.0,0.0,0,0,0,0,0,0,,0,0,1,0,176,0,benign
137.0,137.0,17,1.5179719924926758,1.9763210486338896,181.82153647431787,3,276,92.0,92,92,0.0,0.7580375671386719,0,0,0,0,0,0,,0,0,3,0,276,0,benign
57621.0,57621.0,17,1e-06,1000000.0,86000000.0,1,86,86.0,86,86,0.0,0.0,0,0,0,0,0,0,,0,0,1,0,86,0,benign
137.0,137.0,17,1.5155887603759766,1.9794287727864788,182.10744709635603,3,276,92.0,92,92,0.0,0.7571234703063965,0,0,0,0,0,0,,0,0,3,0,276,0,benign
137.0,137.0,17,1.5096468925476074,1.9872196702484144,182.82420966285412,3,276,92.0,92,92,0.0,0.7547364234924316,0,0,0,0,0,0,,0,0,3,0,276,0,benign
137.0,137.0,17,1.4979934692382812,2.002678957956658,184.24646413201253,3,276,92.0,92,92,0.0,0.7504380941390991,0,0,0,0,0,0,,0,0,3,0,276,0,benign
137.0,137.0,17,1.5303072929382324,1.9603905789666052,180.3559332649277,3,276,92.0,92,92,0.0,0.762683629989624,0,0,0,0,0,0,,0,0,3,0,276,0,benign
57621.0,57621.0,17,1e-06,1000000.0,86000000.0,1,86,86.0,86,86,0.0,0.0,0,0,0,0,0,0,,0,0,1,0,86,0,benign
47968.0,53.0,17,1e-06,1000000.0,84000000.0,1,84,84.0,84,84,0.0,0.0,0,0,0,0,0,0,,0,0,1,0,84,0,benign
41507.0,53.0,17,1e-06,1000000.0,84000000.0,1,84,84.0,84,84,0.0,0.0,0,0,0,0,0,0,,0,0,1,0,84,0,benign
53.0,47968.0,17,1e-06,1000000.0,164000000.0,1,164,164.0,164,164,0.0,0.0,0,0,0,0,0,0,,0,0,1,0,164,0,benign
53.0,41507.0,17,1e-06,1000000.0,209000000.0,1,209,209.0,209,209,0.0,0.0,0,0,0,0,0,0,,0,0,1,0,209,0,benign
58936.0,53.0,17,1e-06,1000000.0,89000000.0,1,89,89.0,89,89,0.0,0.0,0,0,0,0,0,0,,0,0,1,0,89,0,benign
53.0,58936.0,17,1e-06,1000000.0,150000000.0,1,150,150.0,150,150,0.0,0.0,0,0,0,0,0,0,,0,0,1,0,150,0,benign
137.0,137.0,17,1.497617244720459,2.003182061755687,184.2927496815232,3,276,92.0,92,92,0.0,0.7487697601318359,0,0,0,0,0,0,,0,0,3,0,276,0,benign
5353.0,5353.0,17,15.009637594223022,1.1326056271034175,213.596096499621,17,3206,188.58823529411765,83,310,113.66785980628462,0.9379020035266876,0,0,0,0,0,0,,0,0,17,0,3206,0,benign
137.0,137.0,17,1.5244340896606443,1.9679433964034696,181.0507924691192,3,276,92.0,92,92,0.0,0.7584999799728394,0,0,0,0,0,0,,0,0,3,0,276,0,benign
49885.0,5355.0,17,0.4272792339324951,4.68077978326458,351.05848374484344,2,150,75.0,75,75,0.0,0.4195220470428467,0,0,0,0,0,0,,0,0,2,0,150,0,benign
35378.0,443.0,6,0.1765308380126953,56.647326396767255,8701.029334543451,10,1536,153.6,66,583,173.35140931388793,0.0195190111796061,1,0,1,0,3,9,64240.0,0,14,10,0,1536,0,benign
52718.0,80.0,6,0.212590217590332,23.519426513007083,2761.1806726270315,5,587,117.4,66,315,110.51606218102415,0.0527352690696716,1,0,1,0,1,4,64240.0,0,7,5,0,587,0,benign
80.0,52718.0,6,0.208324909210205,19.20077639858179,2808.113548292587,4,585,146.25,66,379,155.21248875869065,0.0693071683247884,1,0,1,0,1,4,65160.0,0,7,4,0,585,0,benign
443.0,35378.0,6,0.1708681583404541,58.52465489839857,45286.377960380814,10,7738,773.8,66,2938,1118.7248495000408,0.018793953789605,1,0,1,0,6,10,65160.0,0,18,10,0,7738,0,benign
35378.0,443.0,6,0.0007672309875488,2606.77688004972,140765.9515226849,2,108,54.0,54,54,0.0,6.67572021484375e-05,0,2,0,0,0,0,0.0,0,2,2,0,108,0,benign
50839.0,3702.0,17,5.617328405380249,1.2461439842640205,869.8085010162863,7,4886,698.0,698,698,0.0,0.935267686843872,0,0,0,0,0,0,,0,0,7,0,4886,0,benign
137.0,137.0,17,1.5417466163635254,1.9458450358568105,179.01774329882656,3,276,92.0,92,92,0.0,0.7607653141021729,0,0,0,0,0,0,,0,0,3,0,276,0,benign
137.0,137.0,17,1.515185832977295,1.9799551544810117,182.15587421225305,3,276,92.0,92,92,0.0,0.7571918964385986,0,0,0,0,0,0,,0,0,3,0,276,0,benign
53983.0,1900.0,17,3.005170583724976,1.3310392500388153,282.1803210082288,4,848,212.0,212,212,0.0,1.0009676615397136,0,0,0,0,0,0,,0,0,4,0,848,0,benign
5353.0,5353.0,17,1e-06,1000000.0,92000000.0,1,92,92.0,92,92,0.0,0.0,0,0,0,0,0,0,,0,0,1,0,92,0,benign
5353.0,5353.0,17,1e-06,1000000.0,128000000.0,1,128,128.0,128,128,0.0,0.0,0,0,0,0,0,0,,0,0,1,0,128,0,benign
5353.0,5353.0,17,1e-06,1000000.0,139000000.0,1,139,139.0,139,139,0.0,0.0,0,0,0,0,0,0,,0,0,1,0,139,0,benign
5353.0,5353.0,17,1e-06,1000000.0,139000000.0,1,139,139.0,139,139,0.0,0.0,0,0,0,0,0,0,,0,0,1,0,139,0,benign
5353.0,5353.0,17,1e-06,1000000.0,108000000.0,1,108,108.0,108,108,0.0,0.0,0,0,0,0,0,0,,0,0,1,0,108,0,benign
56113.0,1900.0,17,1e-06,1000000.0,167000000.0,1,167,167.0,167,167,0.0,0.0,0,0,0,0,0,0,,0,0,1,0,167,0,benign
5353.0,5353.0,17,1.636380672454834,4.277733242533888,727.8257559796942,7,1191,170.14285714285714,86,301,106.34445381468116,0.2764214674631755,0,0,0,0,0,0,,0,0,7,0,1191,0,benign
60210.0,1900.0,17,3.0439367294311523,1.314087760538806,278.58660523422685,4,848,212.0,212,212,0.0,1.0104775428771973,0,0,0,0,0,0,,0,0,4,0,848,0,benign
137.0,137.0,17,1.512523174285889,1.983440684415561,182.4765429662316,3,276,92.0,92,92,0.0,0.756690502166748,0,0,0,0,0,0,,0,0,3,0,276,0,benign
62745.0,1900.0,17,3.033400535583496,1.3186521044872737,279.554246151302,4,848,212.0,212,212,0.0,1.0130663712819417,0,0,0,0,0,0,,0,0,4,0,848,0,benign
56865.0,5355.0,17,0.4207379817962646,4.753552297468753,356.51642231015643,2,150,75.0,75,75,0.0,0.421588659286499,0,0,0,0,0,0,,0,0,2,0,150,0,benign
5353.0,5353.0,17,0.7963502407073975,7.534373311258377,1314.7481428145868,6,1047,174.5,93,299,92.33363417520184,0.1582217693328857,0,0,0,0,0,0,,0,0,6,0,1047,0,benign
137.0,137.0,17,1.528475046157837,1.9627405809085137,180.57213344358323,3,276,92.0,92,92,0.0,0.7636513710021973,0,0,0,0,0,0,,0,0,3,0,276,0,benign
49547.0,3702.0,17,14.462446451187134,0.8988797326840169,627.4180534134438,13,9074,698.0,698,698,0.0,1.2054468393325806,0,0,0,0,0,0,,0,0,13,0,9074,0,benign
55514.0,1900.0,17,1e-06,1000000.0,167000000.0,1,167,167.0,167,167,0.0,0.0,0,0,0,0,0,0,,0,0,1,0,167,0,benign
80.0,57256.0,6,0.0776624679565429,77.25739546877878,47333.030957205134,6,3676,612.6666666666666,66,2814,1097.9879173591423,0.015249490737915,1,0,1,0,3,6,65160.0,0,11,6,0,3676,0,benign
57256.0,80.0,6,0.079620361328125,87.91720965887313,9030.353392104254,7,719,102.71428571428572,66,315,93.6566678276108,0.0131684144337972,1,0,1,0,1,6,64240.0,0,9,7,0,719,0,benign
46914.0,53.0,17,1e-06,1000000.0,92000000.0,1,92,92.0,92,92,0.0,0.0,0,0,0,0,0,0,,0,0,1,0,92,0,benign
43059.0,53.0,17,1e-06,1000000.0,92000000.0,1,92,92.0,92,92,0.0,0.0,0,0,0,0,0,0,,0,0,1,0,92,0,benign
53.0,46914.0,17,1e-06,1000000.0,140000000.0,1,140,140.0,140,140,0.0,0.0,0,0,0,0,0,0,,0,0,1,0,140,0,benign
5353.0,5353.0,17,1e-06,1000000.0,87000000.0,1,87,87.0,87,87,0.0,0.0,0,0,0,0,0,0,,0,0,1,0,87,0,benign
53.0,43059.0,17,1e-06,1000000.0,180000000.0,1,180,180.0,180,180,0.0,0.0,0,0,0,0,0,0,,0,0,1,0,180,0,benign
137.0,137.0,17,1.5258162021636963,1.9661607969202484,180.88679331666285,3,276,92.0,92,92,0.0,0.7575775384902954,0,0,0,0,0,0,,0,0,3,0,276,0,benign
56979.0,1900.0,17,2.9922780990600586,1.3367741458444284,284.7328930648633,4,852,213.0,213,213,0.0,1.0004494190216064,0,0,0,0,0,0,,0,0,4,0,852,0,benign
55389.0,53.0,17,1e-06,1000000.0,93000000.0,1,93,93.0,93,93,0.0,0.0,0,0,0,0,0,0,,0,0,1,0,93,0,benign
45580.0,53.0,17,1e-06,1000000.0,93000000.0,1,93,93.0,93,93,0.0,0.0,0,0,0,0,0,0,,0,0,1,0,93,0,benign
53.0,55389.0,17,1e-06,1000000.0,210000000.0,1,210,210.0,210,210,0.0,0.0,0,0,0,0,0,0,,0,0,1,0,210,0,benign
53.0,45580.0,17,1e-06,1000000.0,234000000.0,1,234,234.0,234,234,0.0,0.0,0,0,0,0,0,0,,0,0,1,0,234,0,benign
53292.0,5355.0,17,0.4058218002319336,4.928271470031842,369.6203602523882,2,150,75.0,75,75,0.0,0.4240939617156982,0,0,0,0,0,0,,0,0,2,0,150,0,benign
137.0,137.0,17,1.5243301391601562,1.968077598762744,181.06313908617247,3,276,92.0,92,92,0.0,0.7628227472305298,0,0,0,0,0,0,,0,0,3,0,276,0,benign
57621.0,57621.0,17,1e-06,1000000.0,86000000.0,1,86,86.0,86,86,0.0,0.0,0,0,0,0,0,0,,0,0,1,0,86,0,benign
54418.0,1900.0,17,1e-06,1000000.0,167000000.0,1,167,167.0,167,167,0.0,0.0,0,0,0,0,0,0,,0,0,1,0,167,0,benign
5353.0,5353.0,17,15.131150722503662,1.0574212294511185,85.65111958554058,16,1296,81.0,81,81,0.0,1.0083841323852538,0,0,0,0,0,0,,0,0,16,0,1296,0,benign
137.0,137.0,17,14.858917951583862,1.5478919847961303,142.406062601244,23,2116,92.0,92,92,0.0,0.6754680438475176,0,0,0,0,0,0,,0,0,23,0,2116,0,benign
60870.0,5355.0,17,0.4101016521453857,4.876839655576362,365.7629741682272,2,150,75.0,75,75,0.0,0.4113154411315918,0,0,0,0,0,0,,0,0,2,0,150,0,benign
5353.0,5353.0,17,0.7830979824066162,8.938855874060108,2001.026736378884,7,1567,223.8571428571429,93,365,124.27983018364722,0.1299530665079752,0,0,0,0,0,0,,0,0,7,0,1567,0,benign
51746.0,5355.0,17,0.4108126163482666,4.868399655731359,365.1299741798519,2,150,75.0,75,75,0.0,0.4165189266204834,0,0,0,0,0,0,,0,0,2,0,150,0,benign
80.0,46876.0,6,0.1133010387420654,35.30417765282954,10838.382539418668,4,1228,307.0,66,1022,476.6815848481388,0.0359200636545817,1,0,1,0,1,4,65160.0,0,7,4,0,1228,0,benign
46876.0,80.0,6,0.1145122051239013,43.66346796474696,5248.348849362585,5,601,120.2,66,329,116.77414097307674,0.0292853116989135,1,0,1,0,1,4,64240.0,0,7,5,0,601,0,benign
57621.0,57621.0,17,1e-06,1000000.0,86000000.0,1,86,86.0,86,86,0.0,0.0,0,0,0,0,0,0,,0,0,1,0,86,0,benign
137.0,137.0,17,14.823245286941528,1.146847378622013,105.5099588332252,17,1564,92.0,92,92,0.0,0.9264484643936156,0,0,0,0,0,0,,0,0,17,0,1564,0,benign
64687.0,3702.0,17,1e-06,1000000.0,698000000.0,1,698,698.0,698,698,0.0,0.0,0,0,0,0,0,0,,0,0,1,0,698,0,benign
62824.0,1900.0,17,3.021700143814087,1.3237580863834728,280.63671431329624,4,848,212.0,212,212,0.0,1.007379134496053,0,0,0,0,0,0,,0,0,4,0,848,0,benign
57621.0,57621.0,17,3.0663275718688965,0.978369052126916,84.13973848291477,3,258,86.0,86,86,0.0,1.5329033136367798,0,0,0,0,0,0,,0,0,3,0,258,0,benign
443.0,59102.0,6,0.5360755920410156,126.847782308278,417394.4930939521,68,223755,3290.514705882353,66,7286,1564.5106000570777,0.0080062595765982,1,0,1,0,61,68,65535.0,0,131,68,0,223755,0,benign
59102.0,443.0,6,0.5568521022796631,122.1150099310372,10615.026819152366,68,5911,86.92647058823529,66,583,95.37425357020494,0.0083191892993983,1,1,0,0,4,67,64240.0,0,73,68,0,5911,0,benign
443.0,59104.0,6,0.1916043758392334,93.94357472870551,198278.35263990285,18,37991,2110.6111111111118,66,2954,1263.4177334836827,0.0108262090121998,1,0,1,0,14,18,65535.0,0,34,18,0,37991,0,benign
5353.0,5353.0,17,14.0608549118042,1.4935080499529465,120.97415204618868,21,1701,81.0,81,81,0.0,0.70311039686203,0,0,0,0,0,0,,0,0,21,0,1701,0,benign
51493.0,5355.0,17,0.4161176681518554,4.806332806974521,360.4749605230891,2,150,75.0,75,75,0.0,0.4130868911743164,0,0,0,0,0,0,,0,0,2,0,150,0,benign
50436.0,5355.0,17,0.4180636405944824,4.78396063612712,358.797047709534,2,150,75.0,75,75,0.0,0.4155237674713135,0,0,0,0,0,0,,0,0,2,0,150,0,benign
59104.0,443.0,6,0.2299668788909912,91.3174979861096,9931.865019060682,21,2284,108.76190476190476,66,583,126.7678605806317,0.0115212678909301,1,1,0,0,3,20,64240.0,0,25,21,0,2284,0,benign
51616.0,80.0,6,1e-06,1000000.0,66000000.0,1,66,66.0,66,66,0.0,0.0,0,0,0,0,0,1,501.0,0,1,1,0,66,0,benign
56559.0,5355.0,17,0.4154708385467529,4.813815590513316,361.0361692884987,2,150,75.0,75,75,0.0,0.413658857345581,0,0,0,0,0,0,,0,0,2,0,150,0,benign
5353.0,5353.0,17,10.021960020065308,3.192988191524583,256.7362067747735,32,2573,80.40625,70,110,7.950895161613423,0.3230227885707732,0,0,0,0,0,0,,0,0,32,0,2573,0,benign
5353.0,5353.0,17,10.020119190216064,3.4929724223415444,280.83498275626016,35,2814,80.4,70,110,7.6512205869774945,0.2945958305807674,0,0,0,0,0,0,,0,0,35,0,2814,0,benign
5353.0,5353.0,17,1e-06,1000000.0,132000000.0,1,132,132.0,132,132,0.0,0.0,0,0,0,0,0,0,,0,0,1,0,132,0,benign
57042.0,5355.0,17,0.4188244342803955,4.775270581899803,358.1452936424852,2,150,75.0,75,75,0.0,0.4161217212677002,0,0,0,0,0,0,,0,0,2,0,150,0,benign
443.0,59116.0,6,0.1360321044921875,330.80426247896804,1110017.3783510935,45,150998,3355.511111111111,66,7286,1749.532348193007,0.0029531988230618,1,0,1,0,40,45,65535.0,0,87,45,0,150998,0,benign
59116.0,443.0,6,0.1411678791046142,318.7693991396738,27180.404099976186,45,3837,85.26666666666667,66,583,86.86834343366455,0.0034884810447692,1,1,0,0,3,44,64240.0,0,49,45,0,3837,0,benign
58056.0,5355.0,17,0.4184753894805908,4.779253572073589,358.4440179055192,2,150,75.0,75,75,0.0,0.4176869392395019,0,0,0,0,0,0,,0,0,2,0,150,0,benign
5353.0,5353.0,17,0.7954039573669434,7.543336872325898,1626.8463187982852,6,1294,215.66666666666663,82,385,147.72226191968042,0.1562055587768554,0,0,0,0,0,0,,0,0,6,0,1294,0,benign
62060.0,5355.0,17,0.4109513759613037,4.866755818304707,365.006686372853,2,150,75.0,75,75,0.0,0.4091439247131347,0,0,0,0,0,0,,0,0,2,0,150,0,benign
5353.0,5353.0,17,1e-06,1000000.0,87000000.0,1,87,87.0,87,87,0.0,0.0,0,0,0,0,0,0,,0,0,1,0,87,0,benign
5353.0,5353.0,17,15.00859022140503,1.0660561561059236,207.8809504406551,16,3120,195.0,83,310,114.17647159842814,1.0010462443033854,0,0,0,0,0,0,,0,0,16,0,3120,0,benign
5353.0,5353.0,17,3.012533187866211,0.9958396515209552,81.65885142471834,3,246,82.0,82,82,0.0,1.5072404146194458,0,0,0,0,0,0,,0,0,3,0,246,0,benign
5353.0,5353.0,17,0.7655251026153564,7.837757350479391,1197.8705817316002,6,917,152.83333333333334,83,259,79.04534563569614,0.1550269603729248,0,0,0,0,0,0,,0,0,6,0,917,0,benign
52718.0,80.0,6,1e-06,1000000.0,66000000.0,1,66,66.0,66,66,0.0,0.0,0,0,0,0,0,1,501.0,0,1,1,0,66,0,benign
63673.0,5355.0,17,1e-06,1000000.0,72000000.0,1,72,72.0,72,72,0.0,0.0,0,0,0,0,0,0,,0,0,1,0,72,0,benign
64774.0,1900.0,17,3.005002021789551,1.3311139130674874,282.19614957030734,4,848,212.0,212,212,0.0,1.0047682126363118,0,0,0,0,0,0,,0,0,4,0,848,0,benign
50819.0,5355.0,17,0.4109268188476562,4.867046657135961,350.4273593137892,2,144,72.0,72,72,0.0,0.4099404811859131,0,0,0,0,0,0,,0,0,2,0,144,0,benign
62035.0,1900.0,17,3.070312261581421,1.3027990833543837,233.2010359204347,4,716,179.0,179,179,0.0,1.0238605340321858,0,0,0,0,0,0,,0,0,4,0,716,0,benign
53855.0,5355.0,17,0.4164824485778808,4.802123131068767,360.1592348301575,2,150,75.0,75,75,0.0,0.416757583618164,0,0,0,0,0,0,,0,0,2,0,150,0,benign
60880.0,5355.0,17,0.4264669418334961,4.689695270169036,351.7271452626777,2,150,75.0,75,75,0.0,0.4211049079895019,0,0,0,0,0,0,,0,0,2,0,150,0,benign
57621.0,57621.0,17,1e-06,1000000.0,86000000.0,1,86,86.0,86,86,0.0,0.0,0,0,0,0,0,0,,0,0,1,0,86,0,benign
53092.0,5355.0,17,0.4369523525238037,4.57715810075893,329.555383254643,2,144,72.0,72,72,0.0,0.4227817058563232,0,0,0,0,0,0,,0,0,2,0,144,0,benign
55852.0,5355.0,17,0.4161288738250732,4.806203380255544,346.0466433783992,2,144,72.0,72,72,0.0,0.4145703315734863,0,0,0,0,0,0,,0,0,2,0,144,0,benign
137.0,137.0,17,2.2564566135406494,5.318072560309755,584.987981634073,12,1320,110.0,110,110,0.0,0.205239014192061,0,0,0,0,0,0,,0,0,12,0,1320,0,benign
5353.0,5353.0,17,1.0038447380065918,1.992339974776923,169.34889785603846,2,170,85.0,85,85,0.0,1.0045576095581057,0,0,0,0,0,0,,0,0,2,0,170,0,benign
443.0,55510.0,6,0.1408507823944091,70.99712071174787,60908.4298586085,10,8579,857.9,66,2954,1185.6758457146334,0.0147369702657063,1,0,1,0,5,10,65535.0,0,17,10,0,8579,0,benign
55510.0,443.0,6,0.1630492210388183,55.19805579357722,9285.539607941768,9,1514,168.22222222222223,66,583,189.3956030229964,0.0204190611839294,1,1,0,0,3,8,64240.0,0,13,9,0,1514,0,benign
53096.0,1900.0,17,1e-06,1000000.0,167000000.0,1,167,167.0,167,167,0.0,0.0,0,0,0,0,0,0,,0,0,1,0,167,0,benign
59335.0,5355.0,17,0.4077882766723633,4.904505878198397,367.8379408648798,2,150,75.0,75,75,0.0,0.4092385768890381,0,0,0,0,0,0,,0,0,2,0,150,0,benign
48799.0,53.0,17,1e-06,1000000.0,91000000.0,1,91,91.0,91,91,0.0,0.0,0,0,0,0,0,0,,0,0,1,0,91,0,benign
53.0,48799.0,17,1e-06,1000000.0,107000000.0,1,107,107.0,107,107,0.0,0.0,0,0,0,0,0,0,,0,0,1,0,107,0,benign
80.0,57256.0,6,1e-06,1000000.0,66000000.0,1,66,66.0,66,66,0.0,0.0,0,0,0,0,0,1,508.0,0,1,1,0,66,0,benign
57104.0,5355.0,17,0.4204475879669189,4.756835470673128,356.7626603004845,2,150,75.0,75,75,0.0,0.4210090637207031,0,0,0,0,0,0,,0,0,2,0,150,0,benign
49547.0,3702.0,17,1e-06,1000000.0,698000000.0,1,698,698.0,698,698,0.0,0.0,0,0,0,0,0,0,,0,0,1,0,698,0,benign
5353.0,5353.0,17,1e-06,1000000.0,132000000.0,1,132,132.0,132,132,0.0,0.0,0,0,0,0,0,0,,0,0,1,0,132,0,benign
5353.0,5353.0,17,0.0078656673431396,254.26958867569945,24664.150101542844,2,194,97.0,91,103,8.48528137423857,0.0065298080444335,0,0,0,0,0,0,,0,0,2,0,194,0,benign
5353.0,5353.0,17,1e-06,1000000.0,91000000.0,1,91,91.0,91,91,0.0,0.0,0,0,0,0,0,0,,0,0,1,0,91,0,benign
5353.0,5353.0,17,1e-06,1000000.0,133000000.0,1,133,133.0,133,133,0.0,0.0,0,0,0,0,0,0,,0,0,1,0,133,0,benign
5353.0,5353.0,17,1e-06,1000000.0,136000000.0,1,136,136.0,136,136,0.0,0.0,0,0,0,0,0,0,,0,0,1,0,136,0,benign
52205.0,5355.0,17,0.4268369674682617,4.685629766003606,351.4222324502705,2,150,75.0,75,75,0.0,0.4258790016174316,0,0,0,0,0,0,,0,0,2,0,150,0,benign
49503.0,5355.0,17,0.4113569259643554,4.861957764078833,364.6468323059125,2,150,75.0,75,75,0.0,0.4163539409637451,0,0,0,0,0,0,,0,0,2,0,150,0,benign
137.0,137.0,17,1e-06,1000000.0,92000000.0,1,92,92.0,92,92,0.0,0.0,0,0,0,0,0,0,,0,0,1,0,92,0,benign
49925.0,21027.0,17,1e-06,1000000.0,343000000.0,1,343,343.0,343,343,0.0,0.0,0,0,0,0,0,0,,0,0,1,0,343,0,benign
52930.0,53.0,17,1e-06,1000000.0,86000000.0,1,86,86.0,86,86,0.0,0.0,0,0,0,0,0,0,,0,0,1,0,86,0,benign
42106.0,53.0,17,1e-06,1000000.0,86000000.0,1,86,86.0,86,86,0.0,0.0,0,0,0,0,0,0,,0,0,1,0,86,0,benign
53.0,52930.0,17,1e-06,1000000.0,207000000.0,1,207,207.0,207,207,0.0,0.0,0,0,0,0,0,0,,0,0,1,0,207,0,benign
53.0,42106.0,17,1e-06,1000000.0,249000000.0,1,249,249.0,249,249,0.0,0.0,0,0,0,0,0,0,,0,0,1,0,249,0,benign
45915.0,53.0,17,1e-06,1000000.0,93000000.0,1,93,93.0,93,93,0.0,0.0,0,0,0,0,0,0,,0,0,1,0,93,0,benign
53.0,45915.0,17,1e-06,1000000.0,154000000.0,1,154,154.0,154,154,0.0,0.0,0,0,0,0,0,0,,0,0,1,0,154,0,benign
80.0,46876.0,6,1e-06,1000000.0,66000000.0,1,66,66.0,66,66,0.0,0.0,0,0,0,0,0,1,508.0,0,1,1,0,66,0,benign
44704.0,53.0,17,1e-06,1000000.0,93000000.0,1,93,93.0,93,93,0.0,0.0,0,0,0,0,0,0,,0,0,1,0,93,0,benign
53.0,44704.0,17,1e-06,1000000.0,154000000.0,1,154,154.0,154,154,0.0,0.0,0,0,0,0,0,0,,0,0,1,0,154,0,benign
5353.0,5353.0,17,0.7658004760742188,7.83493897882939,1617.914899128269,6,1239,206.5,93,363,126.54445859064712,0.1532034873962402,0,0,0,0,0,0,,0,0,6,0,1239,0,benign
39758.0,443.0,6,0.5013279914855957,19.94702105176053,3073.835944076297,10,1541,154.1,66,583,176.09874124100563,0.0554505983988444,1,0,1,0,3,9,64240.0,0,14,10,0,1541,0,benign
137.0,137.0,17,15.331020593643188,1.108862902907379,102.0153870674789,17,1564,92.0,92,92,0.0,0.9586937874555588,0,0,0,0,0,0,,0,0,17,0,1564,0,benign
443.0,39758.0,6,0.4990615844726562,16.03008576276887,9030.949566599911,8,4507,563.375,66,2826,941.603182647249,0.071291480745588,1,0,1,0,4,8,65535.0,0,14,8,0,4507,0,benign
137.0,137.0,17,1.5284764766693115,1.962738743966326,180.571964444902,3,276,92.0,92,92,0.0,0.7630029916763306,0,0,0,0,0,0,,0,0,3,0,276,0,benign
53533.0,53.0,17,1e-06,1000000.0,93000000.0,1,93,93.0,93,93,0.0,0.0,0,0,0,0,0,0,,0,0,1,0,93,0,benign
53.0,53533.0,17,1e-06,1000000.0,154000000.0,1,154,154.0,154,154,0.0,0.0,0,0,0,0,0,0,,0,0,1,0,154,0,benign
443.0,59104.0,6,1e-06,1000000.0,1510000000.0,1,1510,1510.0,1510,1510,0.0,0.0,0,0,0,0,0,1,287.0,0,1,1,0,1510,0,benign
5353.0,5353.0,17,15.06419849395752,1.4604162318243838,118.2937147777751,22,1782,81.0,81,81,0.0,0.717258442015875,0,0,0,0,0,0,,0,0,22,0,1782,0,benign
17500.0,17500.0,17,0.0067765712738037,590.269007493931,103887.34531893184,4,704,176.0,176,176,0.0,0.0015587011973063,0,0,0,0,0,0,,0,0,4,0,704,0,benign
17500.0,17500.0,17,1e-06,1000000.0,176000000.0,1,176,176.0,176,176,0.0,0.0,0,0,0,0,0,0,,0,0,1,0,176,0,benign
53260.0,1900.0,17,3.0233821868896484,1.3230216204042209,280.48058352569484,4,848,212.0,212,212,0.0,1.0069875717163086,0,0,0,0,0,0,,0,0,4,0,848,0,benign
17500.0,17500.0,17,1e-06,1000000.0,176000000.0,1,176,176.0,176,176,0.0,0.0,0,0,0,0,0,0,,0,0,1,0,176,0,benign
5353.0,5353.0,17,0.7795505523681641,7.696742670212792,1738.1810530230557,6,1355,225.83333333333331,93,453,162.00545258313582,0.1596770763397216,0,0,0,0,0,0,,0,0,6,0,1355,0,benign
52051.0,5355.0,17,0.4344358444213867,4.603671694410358,345.2753770807768,2,150,75.0,75,75,0.0,0.4199085235595703,0,0,0,0,0,0,,0,0,2,0,150,0,benign
35829.0,53.0,17,1e-06,1000000.0,86000000.0,1,86,86.0,86,86,0.0,0.0,0,0,0,0,0,0,,0,0,1,0,86,0,benign
59443.0,53.0,17,1e-06,1000000.0,86000000.0,1,86,86.0,86,86,0.0,0.0,0,0,0,0,0,0,,0,0,1,0,86,0,benign
53.0,35829.0,17,1e-06,1000000.0,207000000.0,1,207,207.0,207,207,0.0,0.0,0,0,0,0,0,0,,0,0,1,0,207,0,benign
53.0,59443.0,17,1e-06,1000000.0,249000000.0,1,249,249.0,249,249,0.0,0.0,0,0,0,0,0,0,,0,0,1,0,249,0,benign
47871.0,53.0,17,1e-06,1000000.0,93000000.0,1,93,93.0,93,93,0.0,0.0,0,0,0,0,0,0,,0,0,1,0,93,0,benign
53.0,47871.0,17,1e-06,1000000.0,154000000.0,1,154,154.0,154,154,0.0,0.0,0,0,0,0,0,0,,0,0,1,0,154,0,benign
5353.0,5353.0,17,15.01844835281372,1.2651107194066644,258.9481888301325,19,3889,204.68421052631575,83,385,118.70647863606872,0.8342891931533813,0,0,0,0,0,0,,0,0,19,0,3889,0,benign
5353.0,5353.0,17,14.203886985778809,0.5632261090228151,118.13667636753549,8,1678,209.75,82,363,136.74768214280112,2.027543238231114,0,0,0,0,0,0,,0,0,8,0,1678,0,benign
62898.0,1900.0,17,1e-06,1000000.0,167000000.0,1,167,167.0,167,167,0.0,0.0,0,0,0,0,0,0,,0,0,1,0,167,0,benign
34738.0,443.0,6,0.2926919460296631,88.83059596510049,9105.1360864228,26,2665,102.5,66,583,121.06370223977127,0.0117030048370361,1,0,1,0,3,25,64240.0,0,30,26,0,2665,0,benign
443.0,34738.0,6,0.294830322265625,84.7945347272539,172797.69464858712,25,50946,2037.84,66,2826,1200.2311124668172,0.0122063557306925,1,0,1,0,20,25,65535.0,0,47,25,0,50946,0,benign
54816.0,5355.0,17,0.4207134246826172,4.75382976311912,356.53723223393405,2,150,75.0,75,75,0.0,0.4144163131713867,0,0,0,0,0,0,,0,0,2,0,150,0,benign
50839.0,3702.0,17,7.750024795532227,0.9032229166589758,630.4495958279651,7,4886,698.0,698,698,0.0,1.2918431361516316,0,0,0,0,0,0,,0,0,7,0,4886,0,benign
5353.0,5353.0,17,3.493128776550293,5.152973494946914,386.47301212101854,18,1350,75.0,75,75,0.0,0.2061003516702091,0,0,0,0,0,0,,0,0,18,0,1350,0,benign
5353.0,5353.0,17,10.020125150680542,5.588752551278925,443.80683206316746,56,4447,79.41071428571429,70,83,3.2684541006096763,0.1820060556585138,0,0,0,0,0,0,,0,0,56,0,4447,0,benign
5353.0,5353.0,17,10.017834663391112,5.590030369002275,441.2131112676795,56,4420,78.92857142857143,70,83,3.647450630768853,0.1820720152421431,0,0,0,0,0,0,,0,0,56,0,4420,0,benign
5353.0,5353.0,17,1e-06,1000000.0,139000000.0,1,139,139.0,139,139,0.0,0.0,0,0,0,0,0,0,,0,0,1,0,139,0,benign
5353.0,5353.0,17,1e-06,1000000.0,139000000.0,1,139,139.0,139,139,0.0,0.0,0,0,0,0,0,0,,0,0,1,0,139,0,benign
5353.0,5353.0,17,1e-06,1000000.0,139000000.0,1,139,139.0,139,139,0.0,0.0,0,0,0,0,0,0,,0,0,1,0,139,0,benign
137.0,137.0,17,3.4265527725219727,1.459192468913869,134.24570714007595,5,460,92.0,92,92,0.0,0.8565756678581238,0,0,0,0,0,0,,0,0,5,0,460,0,benign
57195.0,5355.0,17,0.4116783142089844,4.858162140123612,335.2131876685292,2,138,69.0,69,69,0.0,0.4105932712554931,0,0,0,0,0,0,,0,0,2,0,138,0,benign
56713.0,5355.0,17,0.4114186763763428,4.861228025950169,335.4247337905616,2,138,69.0,69,69,0.0,0.4105932712554931,0,0,0,0,0,0,,0,0,2,0,138,0,benign
5353.0,5353.0,17,10.910489082336426,0.6415844374321106,187.89258524797523,7,2050,292.85714285714283,93,475,188.79479916161932,1.812261819839477,0,0,0,0,0,0,,0,0,7,0,2050,0,benign
63768.0,1900.0,17,3.0433406829833984,1.314345128156597,278.6411671691985,4,848,212.0,212,212,0.0,1.0091400941212971,0,0,0,0,0,0,,0,0,4,0,848,0,benign
60366.0,5355.0,17,0.4306840896606445,4.64377498034787,348.28312352609026,2,150,75.0,75,75,0.0,0.4169318675994873,0,0,0,0,0,0,,0,0,2,0,150,0,benign
53215.0,53.0,17,1e-06,1000000.0,93000000.0,1,93,93.0,93,93,0.0,0.0,0,0,0,0,0,0,,0,0,1,0,93,0,benign
53.0,53215.0,17,1e-06,1000000.0,154000000.0,1,154,154.0,154,154,0.0,0.0,0,0,0,0,0,0,,0,0,1,0,154,0,benign
54921.0,1900.0,17,5.993777751922607,0.5005190589587174,89.5929115536104,3,537,179.0,179,179,0.0,3.004119038581848,0,0,0,0,0,0,,0,0,3,0,537,0,benign
34754.0,443.0,6,0.4563815593719482,54.77872514043704,5482.254812054939,25,2502,100.08,66,583,113.94111052059596,0.0190460880597432,1,0,1,0,3,24,64240.0,0,29,25,0,2502,0,benign
443.0,34754.0,6,0.4555706977844238,54.87622474751439,114157.91281775924,25,52007,2080.28,66,2826,1145.5290087989915,0.0189680159091949,1,0,1,0,20,25,65535.0,0,47,25,0,52007,0,benign
60918.0,5355.0,17,0.4090416431427002,4.889477718292537,337.37396256218506,2,138,69.0,69,69,0.0,0.4098992347717285,0,0,0,0,0,0,,0,0,2,0,138,0,benign
50394.0,5355.0,17,0.4098374843597412,4.879983106290172,336.7188343340219,2,138,69.0,69,69,0.0,0.4109318256378174,0,0,0,0,0,0,,0,0,2,0,138,0,benign
63772.0,5355.0,17,0.4091815948486328,4.887805378293844,366.5854033720383,2,150,75.0,75,75,0.0,0.4112179279327392,0,0,0,0,0,0,,0,0,2,0,150,0,benign
50551.0,5355.0,17,0.4213874340057373,4.746226011031856,355.9669508273892,2,150,75.0,75,75,0.0,0.420884370803833,0,0,0,0,0,0,,0,0,2,0,150,0,benign
57621.0,57621.0,17,1e-06,1000000.0,86000000.0,1,86,86.0,86,86,0.0,0.0,0,0,0,0,0,0,,0,0,1,0,86,0,benign
34734.0,443.0,6,0.6560406684875488,13.7186617115503,2297.1136888118112,9,1507,167.44444444444446,66,583,188.35014674211905,0.081130713224411,1,0,1,0,3,8,64240.0,0,13,9,0,1507,0,benign
443.0,34734.0,6,0.6455140113830566,12.39322440555468,7023.859931848116,8,4534,566.75,66,2826,941.8417747007342,0.0922855649675641,1,0,1,0,4,8,65535.0,0,14,8,0,4534,0,benign
55844.0,1900.0,17,3.0012755393981934,1.3327666678688448,279.8810002524574,4,840,210.0,210,210,0.0,1.0010515848795574,0,0,0,0,0,0,,0,0,4,0,840,0,benign
43413.0,1900.0,17,3.0103213787078857,1.32876178214464,279.0399742503744,4,840,210.0,210,210,0.0,1.00124986966451,0,0,0,0,0,0,,0,0,4,0,840,0,benign
59050.0,1900.0,17,3.026048421859741,1.321855913178577,280.2334535938583,4,848,212.0,212,212,0.0,1.008590618769328,0,0,0,0,0,0,,0,0,4,0,848,0,benign
57621.0,57621.0,17,1e-06,1000000.0,86000000.0,1,86,86.0,86,86,0.0,0.0,0,0,0,0,0,0,,0,0,1,0,86,0,benign
57415.0,53.0,17,1e-06,1000000.0,87000000.0,1,87,87.0,87,87,0.0,0.0,0,0,0,0,0,0,,0,0,1,0,87,0,benign
32856.0,53.0,17,1e-06,1000000.0,87000000.0,1,87,87.0,87,87,0.0,0.0,0,0,0,0,0,0,,0,0,1,0,87,0,benign
53.0,57415.0,17,1e-06,1000000.0,132000000.0,1,132,132.0,132,132,0.0,0.0,0,0,0,0,0,0,,0,0,1,0,132,0,benign
53.0,32856.0,17,1e-06,1000000.0,144000000.0,1,144,144.0,144,144,0.0,0.0,0,0,0,0,0,0,,0,0,1,0,144,0,benign
59826.0,5355.0,17,0.4006388187408447,4.992027498198347,374.402062364876,2,150,75.0,75,75,0.0,0.4108824729919433,0,0,0,0,0,0,,0,0,2,0,150,0,benign
53999.0,53.0,17,1e-06,1000000.0,85000000.0,1,85,85.0,85,85,0.0,0.0,0,0,0,0,0,0,,0,0,1,0,85,0,benign
48939.0,53.0,17,1e-06,1000000.0,85000000.0,1,85,85.0,85,85,0.0,0.0,0,0,0,0,0,0,,0,0,1,0,85,0,benign
53.0,53999.0,17,1e-06,1000000.0,130000000.0,1,130,130.0,130,130,0.0,0.0,0,0,0,0,0,0,,0,0,1,0,130,0,benign
53.0,48939.0,17,1e-06,1000000.0,142000000.0,1,142,142.0,142,142,0.0,0.0,0,0,0,0,0,0,,0,0,1,0,142,0,benign
39760.0,443.0,6,0.2594153881072998,65.53196448380477,9074.249670286848,17,2354,138.47058823529412,66,583,155.90747161660454,0.0200871378183364,1,0,0,0,4,16,64240.0,0,21,17,0,2354,0,benign
5353.0,5353.0,17,11.941341638565063,0.1674853681047794,18.33964780747335,2,219,109.5,87,132,31.81980515339464,12.00712513923645,0,0,0,0,0,0,,0,0,2,0,219,0,benign
443.0,39760.0,6,0.2584269046783447,65.782624379452,90760.67381294392,17,23455,1379.7058823529412,66,2826,1299.437318837748,0.0193076878786087,1,0,0,0,13,17,65535.0,0,31,17,0,23455,0,benign
65299.0,5355.0,17,0.4133081436157226,4.839004580223127,348.4083297760652,2,144,72.0,72,72,0.0,0.4114470481872558,0,0,0,0,0,0,,0,0,2,0,144,0,benign
137.0,137.0,17,13.440246820449827,1.7856814923579467,164.2826972969311,24,2208,92.0,92,92,0.0,0.5846707095270571,0,0,0,0,0,0,,0,0,24,0,2208,0,benign
5353.0,5353.0,17,12.915305614471436,1.2388402162216126,100.3460575139506,16,1296,81.0,81,81,0.0,0.8623952229817708,0,0,0,0,0,0,,0,0,16,0,1296,0,benign
60929.0,5355.0,17,0.3973474502563476,5.0333782152363264,377.5033661427245,2,150,75.0,75,75,0.0,0.4064748287200928,0,0,0,0,0,0,,0,0,2,0,150,0,benign
59662.0,1900.0,17,3.115296602249145,1.2839868913644137,229.83365355423,4,716,179.0,179,179,0.0,1.0222217241923015,0,0,0,0,0,0,,0,0,4,0,716,0,benign
39758.0,443.0,6,1e-06,1000000.0,66000000.0,1,66,66.0,66,66,0.0,0.0,0,0,0,0,0,1,501.0,0,1,1,0,66,0,benign
5353.0,5353.0,17,3.4779932498931885,2.012654854984257,460.6104396692542,7,1602,228.8571428571429,93,363,129.782418649354,0.5799305041631063,0,0,0,0,0,0,,0,0,7,0,1602,0,benign
5353.0,5353.0,17,14.054776668548584,2.0633554473259936,167.1317912334055,29,2349,81.0,81,81,0.0,0.502190819808415,0,0,0,0,0,0,,0,0,29,0,2349,0,benign
65309.0,5355.0,17,0.3980493545532226,5.024502557590713,361.76418414653136,2,144,72.0,72,72,0.0,0.4014198780059814,0,0,0,0,0,0,,0,0,2,0,144,0,benign
57621.0,57621.0,17,1e-06,1000000.0,86000000.0,1,86,86.0,86,86,0.0,0.0,0,0,0,0,0,0,,0,0,1,0,86,0,benign
137.0,137.0,17,14.808260679244995,1.3505975099446796,124.25497091491052,20,1840,92.0,92,92,0.0,0.7797503722341437,0,0,0,0,0,0,,0,0,20,0,1840,0,benign
50948.0,1900.0,17,15.04218602180481,0.3988781943862771,71.39919679514361,6,1074,179.0,179,179,0.0,3.008695793151856,0,0,0,0,0,0,,0,0,6,0,1074,0,benign
54928.0,5355.0,17,0.4192590713500976,4.770320159226614,343.4630514643161,2,144,72.0,72,72,0.0,0.4148621559143066,0,0,0,0,0,0,,0,0,2,0,144,0,benign
5353.0,5353.0,17,0.0038990974426269,1025.8784395254984,95406.69487587134,4,372,93.0,74,112,21.93931022920578,0.0010983943939208,0,0,0,0,0,0,,0,0,4,0,372,0,benign
58616.0,5355.0,17,1e-06,1000000.0,68000000.0,1,68,68.0,68,68,0.0,0.0,0,0,0,0,0,0,,0,0,1,0,68,0,benign
5353.0,5353.0,17,1e-06,1000000.0,83000000.0,1,83,83.0,83,83,0.0,0.0,0,0,0,0,0,0,,0,0,1,0,83,0,benign
5353.0,5353.0,17,2.390236616134644,1.255105866820596,381.1338148911877,3,911,303.6666666666667,132,417,151.18972628235468,1.1911088228225708,0,0,0,0,0,0,,0,0,3,0,911,0,benign
5353.0,5353.0,17,1e-06,1000000.0,139000000.0,1,139,139.0,139,139,0.0,0.0,0,0,0,0,0,0,,0,0,1,0,139,0,benign
5353.0,5353.0,17,2.4042344093322754,10.398320522724411,5290.249549141271,25,12719,508.76,84,1514,552.1324025992317,0.0987452367941538,0,0,0,0,0,0,,0,0,25,0,12719,0,benign
5353.0,5353.0,17,1e-06,1000000.0,139000000.0,1,139,139.0,139,139,0.0,0.0,0,0,0,0,0,0,,0,0,1,0,139,0,benign
57621.0,57621.0,17,1e-06,1000000.0,86000000.0,1,86,86.0,86,86,0.0,0.0,0,0,0,0,0,0,,0,0,1,0,86,0,benign
56218.0,5355.0,17,0.4136416912078857,4.835102559801815,362.6326919851361,2,150,75.0,75,75,0.0,0.411492109298706,0,0,0,0,0,0,,0,0,2,0,150,0,benign
60884.0,5355.0,17,0.3968691825866699,5.039443947158159,377.958296036862,2,150,75.0,75,75,0.0,0.4076120853424072,0,0,0,0,0,0,,0,0,2,0,150,0,benign
55963.0,5355.0,17,0.4177868366241455,4.787130241250909,344.6733773700655,2,144,72.0,72,72,0.0,0.420405626296997,0,0,0,0,0,0,,0,0,2,0,144,0,benign
137.0,137.0,17,2.266464233398437,5.294590500555425,582.4049550610968,12,1320,110.0,110,110,0.0,0.2059068029577082,0,0,0,0,0,0,,0,0,12,0,1320,0,benign
61279.0,5355.0,17,0.4199750423431396,4.762187745351555,357.1640809013666,2,150,75.0,75,75,0.0,0.4185528755187988,0,0,0,0,0,0,,0,0,2,0,150,0,benign
57621.0,57621.0,17,1e-06,1000000.0,86000000.0,1,86,86.0,86,86,0.0,0.0,0,0,0,0,0,0,,0,0,1,0,86,0,benign
,,17,1.0075056552886963,47.642412474841954,67419.96895346072,48,67926,1415.125,313,1514,331.48252577416054,0.0218717798273614,0,0,0,0,0,0,,0,0,48,0,67926,0,benign
5353.0,5353.0,17,1.031385898590088,7.756553595444788,1118.882856142911,8,1154,144.25,77,293,88.23305179223615,0.1477712563105992,0,0,0,0,0,0,,0,0,8,0,1154,0,benign
5353.0,5353.0,17,1.9925532341003416,9.53550433425619,1396.7004506439464,19,2783,146.47368421052633,94,563,102.9770030535689,0.1131847699483235,0,0,0,0,0,0,,0,0,19,0,2783,0,benign
65485.0,5355.0,17,0.3722128868103027,5.373269091081456,472.84768001516807,2,176,88.0,88,88,0.0,0.4109017848968506,0,0,0,0,0,0,,0,0,2,0,176,0,benign
56440.0,5355.0,17,0.3869266510009765,5.1689383370879565,454.8665736637402,2,176,88.0,88,88,0.0,0.4075102806091308,0,0,0,0,0,0,,0,0,2,0,176,0,benign
57590.0,5355.0,17,0.4011247158050537,4.985980472397514,658.1494223564717,2,264,132.0,132,132,0.0,0.4111664295196533,0,0,0,0,0,0,,0,0,2,0,264,0,benign
5353.0,5353.0,17,1e-06,1000000.0,87000000.0,1,87,87.0,87,87,0.0,0.0,0,0,0,0,0,0,,0,0,1,0,87,0,benign
52493.0,1900.0,17,1e-06,1000000.0,167000000.0,1,167,167.0,167,167,0.0,0.0,0,0,0,0,0,0,,0,0,1,0,167,0,benign
53500.0,443.0,6,0.0952184200286865,147.03037496087637,19187.463932394367,14,1827,130.5,66,583,154.87004477700253,0.0074197695805476,1,0,1,0,3,13,64240.0,0,18,14,0,1827,0,benign
443.0,53500.0,6,0.0958251953125,125.228025477707,196618.4356687898,12,18841,1570.0833333333333,66,2826,1267.9560831463675,0.008848948912187,1,0,1,0,9,12,65535.0,0,23,12,0,18841,0,benign
5353.0,5353.0,17,1e-06,1000000.0,299000000.0,1,299,299.0,299,299,0.0,0.0,0,0,0,0,0,0,,0,0,1,0,299,0,benign
5353.0,5353.0,17,1e-06,1000000.0,259000000.0,1,259,259.0,259,259,0.0,0.0,0,0,0,0,0,0,,0,0,1,0,259,0,benign
5353.0,5353.0,17,1e-06,1000000.0,312000000.0,1,312,312.0,312,312,0.0,0.0,0,0,0,0,0,0,,0,0,1,0,312,0,benign
5353.0,5353.0,17,1e-06,1000000.0,451000000.0,1,451,451.0,451,451,0.0,0.0,0,0,0,0,0,0,,0,0,1,0,451,0,benign
5353.0,5353.0,17,1e-06,1000000.0,419000000.0,1,419,419.0,419,419,0.0,0.0,0,0,0,0,0,0,,0,0,1,0,419,0,benign
5353.0,5353.0,17,1e-06,1000000.0,387000000.0,1,387,387.0,387,387,0.0,0.0,0,0,0,0,0,0,,0,0,1,0,387,0,benign
5353.0,5353.0,17,1e-06,1000000.0,301000000.0,1,301,301.0,301,301,0.0,0.0,0,0,0,0,0,0,,0,0,1,0,301,0,benign
5353.0,5353.0,17,1e-06,1000000.0,385000000.0,1,385,385.0,385,385,0.0,0.0,0,0,0,0,0,0,,0,0,1,0,385,0,benign
5353.0,5353.0,17,11.574629545211792,0.6047709754041993,151.36553555830818,7,1752,250.28571428571428,91,401,151.16736231267458,1.935260017712911,0,0,0,0,0,0,,0,0,7,0,1752,0,benign
5353.0,5353.0,17,1e-06,1000000.0,541000000.0,1,541,541.0,541,541,0.0,0.0,0,0,0,0,0,0,,0,0,1,0,541,0,benign
5353.0,5353.0,17,1e-06,1000000.0,363000000.0,1,363,363.0,363,363,0.0,0.0,0,0,0,0,0,0,,0,0,1,0,363,0,benign
5353.0,5353.0,17,1e-06,1000000.0,453000000.0,1,453,453.0,453,453,0.0,0.0,0,0,0,0,0,0,,0,0,1,0,453,0,benign
5353.0,5353.0,17,1e-06,1000000.0,473000000.0,1,473,473.0,473,473,0.0,0.0,0,0,0,0,0,0,,0,0,1,0,473,0,benign
5353.0,5353.0,17,1e-06,1000000.0,365000000.0,1,365,365.0,365,365,0.0,0.0,0,0,0,0,0,0,,0,0,1,0,365,0,benign
5353.0,5353.0,17,1e-06,1000000.0,431000000.0,1,431,431.0,431,431,0.0,0.0,0,0,0,0,0,0,,0,0,1,0,431,0,benign
5353.0,5353.0,17,1e-06,1000000.0,391000000.0,1,391,391.0,391,391,0.0,0.0,0,0,0,0,0,0,,0,0,1,0,391,0,benign
5353.0,5353.0,17,1e-06,1000000.0,299000000.0,1,299,299.0,299,299,0.0,0.0,0,0,0,0,0,0,,0,0,1,0,299,0,benign
5353.0,5353.0,17,1e-06,1000000.0,409000000.0,1,409,409.0,409,409,0.0,0.0,0,0,0,0,0,0,,0,0,1,0,409,0,benign
54226.0,5355.0,17,0.3636174201965332,5.500286534454293,726.0378225479667,2,264,132.0,132,132,0.0,0.411531925201416,0,0,0,0,0,0,,0,0,2,0,264,0,benign
52126.0,5355.0,17,0.3715996742248535,5.382136042427765,710.441957600465,2,264,132.0,132,132,0.0,0.4103872776031494,0,0,0,0,0,0,,0,0,2,0,264,0,benign
63770.0,5355.0,17,0.4127402305603027,4.845662845332431,363.4247133999323,2,150,75.0,75,75,0.0,0.4131965637207031,0,0,0,0,0,0,,0,0,2,0,150,0,benign
57774.0,5355.0,17,0.4107425212860107,4.869230470071901,365.1922852553926,2,150,75.0,75,75,0.0,0.4109525680541992,0,0,0,0,0,0,,0,0,2,0,150,0,benign
56467.0,5355.0,17,0.4254891872406006,4.700471974318501,352.5353980738876,2,150,75.0,75,75,0.0,0.4249739646911621,0,0,0,0,0,0,,0,0,2,0,150,0,benign
5353.0,5353.0,17,3.1018636226654053,0.967160508953042,82.85341693364393,3,257,85.66666666666667,85,87,1.1547005383792517,1.5509402751922607,0,0,0,0,0,0,,0,0,3,0,257,0,benign
59698.0,5355.0,17,0.4101014137268066,4.8768424907999,365.7631868099925,2,150,75.0,75,75,0.0,0.4121761322021484,0,0,0,0,0,0,,0,0,2,0,150,0,benign
55932.0,1900.0,17,1e-06,1000000.0,167000000.0,1,167,167.0,167,167,0.0,0.0,0,0,0,0,0,0,,0,0,1,0,167,0,benign
5353.0,5353.0,17,14.982213020324709,1.134678833957172,228.9381412043,17,3430,201.76470588235293,83,310,114.01509188028832,0.9375327378511428,0,0,0,0,0,0,,0,0,17,0,3430,0,benign
58324.0,5355.0,17,0.4042143821716308,4.947869467818176,371.0902100863632,2,150,75.0,75,75,0.0,0.4179129600524902,0,0,0,0,0,0,,0,0,2,0,150,0,benign
54666.0,1900.0,17,1e-06,1000000.0,167000000.0,1,167,167.0,167,167,0.0,0.0,0,0,0,0,0,0,,0,0,1,0,167,0,benign
34738.0,443.0,6,1e-06,1000000.0,66000000.0,1,66,66.0,66,66,0.0,0.0,0,0,0,0,0,1,501.0,0,1,1,0,66,0,benign
57621.0,57621.0,17,3.0022318363189697,0.6661710717358177,57.29071216928032,2,172,86.0,86,86,0.0,3.004668474197388,0,0,0,0,0,0,,0,0,2,0,172,0,benign
57621.0,57621.0,17,1e-06,1000000.0,86000000.0,1,86,86.0,86,86,0.0,0.0,0,0,0,0,0,0,,0,0,1,0,86,0,benign
59541.0,5355.0,17,0.4158058166503906,4.809937523508959,360.7453142631719,2,150,75.0,75,75,0.0,0.4185810089111328,0,0,0,0,0,0,,0,0,2,0,150,0,benign
5353.0,5353.0,17,1e-06,1000000.0,87000000.0,1,87,87.0,87,87,0.0,0.0,0,0,0,0,0,0,,0,0,1,0,87,0,benign
58184.0,443.0,6,0.344984769821167,63.77093113821908,6745.225307210718,22,2327,105.77272727272728,66,583,123.14216786500675,0.0165105887821742,1,0,1,0,3,21,64240.0,0,26,22,0,2327,0,benign
443.0,58184.0,6,0.3452253341674804,63.72649345985442,124118.932648241,22,42849,1947.6818181818185,66,2826,1186.464390987884,0.0164728051140194,1,0,1,0,17,22,65535.0,0,41,22,0,42849,0,benign
63246.0,1900.0,17,1e-06,1000000.0,167000000.0,1,167,167.0,167,167,0.0,0.0,0,0,0,0,0,0,,0,0,1,0,167,0,benign
54248.0,5355.0,17,0.4128499031066894,4.844375607091171,363.3281705318378,2,150,75.0,75,75,0.0,0.4155943393707275,0,0,0,0,0,0,,0,0,2,0,150,0,benign
51428.0,1900.0,17,1e-06,1000000.0,167000000.0,1,167,167.0,167,167,0.0,0.0,0,0,0,0,0,0,,0,0,1,0,167,0,benign
137.0,137.0,17,1.513469934463501,1.982199931221923,182.3623936724169,3,276,92.0,92,92,0.0,0.7564557790756226,0,0,0,0,0,0,,0,0,3,0,276,0,benign
34754.0,443.0,6,1e-06,1000000.0,66000000.0,1,66,66.0,66,66,0.0,0.0,0,0,0,0,0,1,501.0,0,1,1,0,66,0,benign
43422.0,443.0,6,0.0718495845794677,139.1796495210032,21517.17381594709,10,1546,154.6,66,583,176.74790584960894,0.0081117947896321,1,0,1,0,3,9,64240.0,0,14,10,0,1546,0,benign
443.0,43422.0,6,0.0728652477264404,123.515671473305,108364.41577257958,9,7896,877.3333333333334,66,2826,1080.6694684314905,0.009145975112915,1,0,1,0,5,9,65535.0,0,16,9,0,7896,0,benign
5353.0,5353.0,17,10.017721891403198,2.395754270299301,190.5622875833902,24,1909,79.54166666666667,72,82,3.4512652584317496,0.4353007130000902,0,0,0,0,0,0,,0,0,24,0,1909,0,benign
5353.0,5353.0,17,10.008663892745972,1.798441849270805,143.2758673252408,18,1434,79.66666666666667,72,82,3.2539568672798427,0.5883808837217444,0,0,0,0,0,0,,0,0,18,0,1434,0,benign
53273.0,5355.0,17,0.3987934589385986,5.015127392818988,376.1345544614241,2,150,75.0,75,75,0.0,0.4105615615844726,0,0,0,0,0,0,,0,0,2,0,150,0,benign
55476.0,1900.0,17,3.021113634109497,1.3240150767049976,280.6911962614595,4,848,212.0,212,212,0.0,1.0068338712056475,0,0,0,0,0,0,,0,0,4,0,848,0,benign
34746.0,443.0,6,0.5019614696502686,63.74991296103932,6982.607654013838,32,3505,109.53125,66,583,131.9122348442816,0.0156733989715576,1,0,0,0,4,31,64240.0,0,36,32,0,3505,0,benign
443.0,34746.0,6,0.4900786876678467,63.2551481630852,166414.09237382506,31,81556,2630.8387096774195,66,5586,1913.7053604072944,0.0158115148544311,1,0,0,0,27,31,65535.0,0,59,31,0,81556,0,benign
49925.0,21027.0,17,1e-06,1000000.0,343000000.0,1,343,343.0,343,343,0.0,0.0,0,0,0,0,0,0,,0,0,1,0,343,0,benign
34734.0,443.0,6,1e-06,1000000.0,66000000.0,1,66,66.0,66,66,0.0,0.0,0,0,0,0,0,1,501.0,0,1,1,0,66,0,benign
50340.0,5355.0,17,0.4047455787658691,4.941375780059919,370.6031835044939,2,150,75.0,75,75,0.0,0.4007141590118408,0,0,0,0,0,0,,0,0,2,0,150,0,benign
58202.0,443.0,6,0.2618188858032226,95.4858543657139,10247.541890528417,25,2683,107.32,66,583,133.21371300783315,0.0108587046464284,1,0,1,0,3,24,64240.0,0,29,25,0,2683,0,benign
58200.0,443.0,6,0.4006130695343017,24.96174179146137,4128.672092307711,10,1654,165.4,66,583,193.41101887488784,0.0444115002950032,1,0,1,0,3,9,64240.0,0,14,10,0,1654,0,benign
443.0,58202.0,6,0.2585334777832031,96.6992755227008,197823.5098933204,25,51144,2045.76,66,2826,1155.0412792046295,0.0108419358730316,1,0,1,0,20,25,65535.0,0,47,25,0,51144,0,benign
443.0,58200.0,6,0.4131331443786621,19.36421734458445,11647.576732767546,8,4812,601.5,66,2826,950.0363902804686,0.0578060831342424,1,0,1,0,4,8,65535.0,0,14,8,0,4812,0,benign
64153.0,5355.0,17,1e-06,1000000.0,70000000.0,1,70,70.0,70,70,0.0,0.0,0,0,0,0,0,0,,0,0,1,0,70,0,benign
17500.0,17500.0,17,0.0010280609130859,3890.820037105752,684784.3265306122,4,704,176.0,176,176,0.0,0.00083589553833,0,0,0,0,0,0,,0,0,4,0,704,0,benign
17500.0,17500.0,17,1e-06,1000000.0,176000000.0,1,176,176.0,176,176,0.0,0.0,0,0,0,0,0,0,,0,0,1,0,176,0,benign
5353.0,5353.0,17,15.08849573135376,1.5243401601795337,123.47155297454222,23,1863,81.0,81,81,0.0,0.6858196583661166,0,0,0,0,0,0,,0,0,23,0,1863,0,benign
53518.0,5355.0,17,0.416182279586792,4.805586633783896,360.4189975337922,2,150,75.0,75,75,0.0,0.4140160083770752,0,0,0,0,0,0,,0,0,2,0,150,0,benign
137.0,137.0,17,14.841666460037231,1.1454239350934283,105.37900202859542,17,1564,92.0,92,92,0.0,0.9273566454648972,0,0,0,0,0,0,,0,0,17,0,1564,0,benign
56712.0,443.0,6,0.1167144775390625,102.81500849784284,14376.96535494836,12,1678,139.83333333333334,66,583,163.55195634489496,0.0103585503318093,1,0,1,0,3,11,64240.0,0,16,12,0,1678,0,benign
443.0,56712.0,6,0.1083433628082275,101.52906200143038,122674.7966419101,11,13291,1208.2727272727273,66,2826,1235.3358321451776,0.0106586456298828,1,0,1,0,7,11,65535.0,0,20,11,0,13291,0,benign
17500.0,17500.0,17,1e-06,1000000.0,176000000.0,1,176,176.0,176,176,0.0,0.0,0,0,0,0,0,0,,0,0,1,0,176,0,benign
46934.0,53.0,17,1e-06,1000000.0,94000000.0,1,94,94.0,94,94,0.0,0.0,0,0,0,0,0,0,,0,0,1,0,94,0,benign
50697.0,53.0,17,1e-06,1000000.0,94000000.0,1,94,94.0,94,94,0.0,0.0,0,0,0,0,0,0,,0,0,1,0,94,0,benign
62114.0,1900.0,17,3.027073383331299,1.3214083352013073,280.1385670626771,4,848,212.0,212,212,0.0,1.0087933540344238,0,0,0,0,0,0,,0,0,4,0,848,0,benign
53.0,46934.0,17,1e-06,1000000.0,137000000.0,1,137,137.0,137,137,0.0,0.0,0,0,0,0,0,0,,0,0,1,0,137,0,benign
53.0,50697.0,17,1e-06,1000000.0,149000000.0,1,149,149.0,149,149,0.0,0.0,0,0,0,0,0,0,,0,0,1,0,149,0,benign
53500.0,443.0,6,1e-06,1000000.0,66000000.0,1,66,66.0,66,66,0.0,0.0,0,0,0,0,0,1,501.0,0,1,1,0,66,0,benign
57621.0,57621.0,17,1e-06,1000000.0,86000000.0,1,86,86.0,86,86,0.0,0.0,0,0,0,0,0,0,,0,0,1,0,86,0,benign
49239.0,5355.0,17,0.4045639038085937,4.9435947724744,370.76960793558,2,150,75.0,75,75,0.0,0.4138283729553222,0,0,0,0,0,0,,0,0,2,0,150,0,benign
5353.0,5353.0,17,1.1735987663269043,2.5562399059001346,287.1509494294485,3,337,112.33333333333331,87,139,26.025628394590846,0.5869894027709961,0,0,0,0,0,0,,0,0,3,0,337,0,benign
80.0,58574.0,6,0.0801191329956054,49.92565259311281,6727.48168692195,4,539,134.75,66,333,132.22045983886156,0.0223399798075358,1,0,1,0,1,4,65160.0,0,7,4,0,539,0,benign
58574.0,80.0,6,0.0828838348388671,60.32539408583592,5139.723576113221,5,426,85.2,66,154,38.61605883567094,0.0183958411216735,1,0,1,0,1,4,64240.0,0,7,5,0,426,0,benign
5353.0,5353.0,17,15.020742893218994,1.7975142902012493,352.04650246608173,27,5288,195.85185185185185,83,385,116.97590274651368,0.5775546477391169,0,0,0,0,0,0,,0,0,27,0,5288,0,benign
5353.0,5353.0,17,1e-06,1000000.0,87000000.0,1,87,87.0,87,87,0.0,0.0,0,0,0,0,0,0,,0,0,1,0,87,0,benign
60219.0,1900.0,17,1e-06,1000000.0,167000000.0,1,167,167.0,167,167,0.0,0.0,0,0,0,0,0,0,,0,0,1,0,167,0,benign
5353.0,5353.0,17,13.231560945510864,0.1511537458230542,13.528260251163353,2,179,89.5,87,92,3.5355339059327378,13.239404201507568,0,0,0,0,0,0,,0,0,2,0,179,0,benign
5353.0,5353.0,17,5.153807163238525,1.3582192306165706,268.539345024762,7,1384,197.7142857142857,93,365,119.34364148082948,0.8546884059906006,0,0,0,0,0,0,,0,0,7,0,1384,0,benign
54369.0,1900.0,17,6.019092082977295,0.4984140396330462,89.21611309431526,3,537,179.0,179,179,0.0,3.0087056159973145,0,0,0,0,0,0,,0,0,3,0,537,0,benign
64951.0,1900.0,17,1e-06,1000000.0,167000000.0,1,167,167.0,167,167,0.0,0.0,0,0,0,0,0,0,,0,0,1,0,167,0,benign
56741.0,5355.0,17,0.4191808700561523,4.771210097760629,357.84075733204713,2,150,75.0,75,75,0.0,0.4191567897796631,0,0,0,0,0,0,,0,0,2,0,150,0,benign
63505.0,1900.0,17,3.0304043292999268,1.3199558756319707,279.8306456339778,4,848,212.0,212,212,0.0,1.0066232681274414,0,0,0,0,0,0,,0,0,4,0,848,0,benign
63913.0,1900.0,17,2.990750551223755,1.3374569130692897,288.8906932229666,4,864,216.0,216,216,0.0,1.0021147727966309,0,0,0,0,0,0,,0,0,4,0,864,0,benign
58184.0,443.0,6,1e-06,1000000.0,66000000.0,1,66,66.0,66,66,0.0,0.0,0,0,0,0,0,1,501.0,0,1,1,0,66,0,benign
35916.0,443.0,6,0.6182339191436768,51.76034347051612,5347.490484797697,32,3306,103.3125,66,583,115.03475982389816,0.0199303550104941,1,0,1,0,4,31,64240.0,0,37,32,0,3306,0,benign
443.0,35916.0,6,0.6187644004821777,51.71596810524929,103396.3814824262,32,63978,1999.3125,66,4206,1188.814954468416,0.0198850477895429,1,0,1,0,27,32,65535.0,0,61,32,0,63978,0,benign
5353.0,5353.0,17,0.0041472911834716,964.4849669445244,89697.10192584076,4,372,93.0,74,112,21.93931022920578,0.0056471029917399,0,0,0,0,0,0,,0,0,4,0,372,0,benign
64150.0,5355.0,17,1e-06,1000000.0,68000000.0,1,68,68.0,68,68,0.0,0.0,0,0,0,0,0,0,,0,0,1,0,68,0,benign
5353.0,5353.0,17,0.7757430076599121,7.7345202480128785,1700.3053678548313,6,1319,219.83333333333331,89,391,145.01367751583527,0.1553337097167968,0,0,0,0,0,0,,0,0,6,0,1319,0,benign
54144.0,5355.0,17,0.4229600429534912,4.728579054499294,354.64342908744703,2,150,75.0,75,75,0.0,0.4181454181671142,0,0,0,0,0,0,,0,0,2,0,150,0,benign
55236.0,1900.0,17,3.009180784225464,1.3292654336251732,281.8042719285367,4,848,212.0,212,212,0.0,1.0018537839253745,0,0,0,0,0,0,,0,0,4,0,848,0,benign
51926.0,1900.0,17,3.026142835617065,1.3218146721036563,280.22471048597515,4,848,212.0,212,212,0.0,1.0084623495737712,0,0,0,0,0,0,,0,0,4,0,848,0,benign
39789.0,53.0,17,1e-06,1000000.0,90000000.0,1,90,90.0,90,90,0.0,0.0,0,0,0,0,0,0,,0,0,1,0,90,0,benign
47444.0,53.0,17,1e-06,1000000.0,90000000.0,1,90,90.0,90,90,0.0,0.0,0,0,0,0,0,0,,0,0,1,0,90,0,benign
53.0,39789.0,17,1e-06,1000000.0,129000000.0,1,129,129.0,129,129,0.0,0.0,0,0,0,0,0,0,,0,0,1,0,129,0,benign
53.0,47444.0,17,1e-06,1000000.0,141000000.0,1,141,141.0,141,141,0.0,0.0,0,0,0,0,0,0,,0,0,1,0,141,0,benign
43422.0,443.0,6,1e-06,1000000.0,66000000.0,1,66,66.0,66,66,0.0,0.0,0,0,0,0,0,1,501.0,0,1,1,0,66,0,benign
51948.0,1900.0,17,3.0341796875,1.3183134856775025,279.4824589636305,4,848,212.0,212,212,0.0,1.006942907969157,0,0,0,0,0,0,,0,0,4,0,848,0,benign
54938.0,5355.0,17,0.4174818992614746,4.790626859602774,359.29701447020807,2,150,75.0,75,75,0.0,0.4207682609558105,0,0,0,0,0,0,,0,0,2,0,150,0,benign
5353.0,5353.0,17,1e-06,1000000.0,87000000.0,1,87,87.0,87,87,0.0,0.0,0,0,0,0,0,0,,0,0,1,0,87,0,benign
46980.0,443.0,6,0.4989960193634033,58.11669607504464,5561.166607180996,29,2775,95.6896551724138,66,583,106.88281414984888,0.0181469406400408,1,0,1,0,3,28,64240.0,0,33,29,0,2775,0,benign
443.0,46980.0,6,0.502882719039917,55.67898625241378,123754.50108688282,28,62234,2222.6428571428573,66,5586,1534.8251972923126,0.0186813672383626,1,0,1,0,24,28,65535.0,0,54,28,0,62234,0,benign
57458.0,1900.0,17,1e-06,1000000.0,167000000.0,1,167,167.0,167,167,0.0,0.0,0,0,0,0,0,0,,0,0,1,0,167,0,benign
58202.0,443.0,6,1e-06,1000000.0,66000000.0,1,66,66.0,66,66,0.0,0.0,0,0,0,0,0,1,501.0,0,1,1,0,66,0,benign
58200.0,443.0,6,1e-06,1000000.0,66000000.0,1,66,66.0,66,66,0.0,0.0,0,0,0,0,0,1,501.0,0,1,1,0,66,0,benign
137.0,137.0,17,13.370559692382812,1.7949884337057904,165.13893590093272,24,2208,92.0,92,92,0.0,0.5816968731258226,0,0,0,0,0,0,,0,0,24,0,2208,0,benign
5353.0,5353.0,17,12.882896423339844,1.241956736608774,100.59849566531072,16,1296,81.0,81,81,0.0,0.8590464115142822,0,0,0,0,0,0,,0,0,16,0,1296,0,benign
58063.0,5355.0,17,0.4003276824951172,4.995907321558744,374.69304911690574,2,150,75.0,75,75,0.0,0.4088850021362304,0,0,0,0,0,0,,0,0,2,0,150,0,benign
56624.0,5355.0,17,0.4381704330444336,4.564433948917739,342.33254616883045,2,150,75.0,75,75,0.0,0.417795181274414,0,0,0,0,0,0,,0,0,2,0,150,0,benign
43488.0,443.0,6,0.1348628997802734,222.4481310195596,21258.626387769244,30,2867,95.56666666666666,66,583,107.32280772264237,0.0041959285736083,1,0,1,0,3,29,64240.0,0,34,30,0,2867,0,benign
443.0,43488.0,6,0.1107895374298095,315.914307541668,738048.0314019175,35,81768,2336.2285714285717,66,4206,1162.890543777325,0.0031806300668155,1,0,1,0,29,35,65535.0,0,66,35,0,81768,0,benign
5353.0,5353.0,17,14.036657333374023,1.49608268558852,121.1826975326701,21,1701,81.0,81,81,0.0,0.7020768284797668,0,0,0,0,0,0,,0,0,21,0,1701,0,benign
5353.0,5353.0,17,10.048272848129272,5.871655844913115,460.2781064868332,59,4625,78.38983050847457,70,81,4.193660853012278,0.172834038734436,0,0,0,0,0,0,,0,0,59,0,4625,0,benign
5353.0,5353.0,17,10.028562545776367,5.484335342073907,429.9718908185943,55,4312,78.4,70,81,4.165999946658132,0.1853865826571429,0,0,0,0,0,0,,0,0,55,0,4312,0,benign
68.0,67.0,17,1e-06,1000000.0,335000000.0,1,335,335.0,335,335,0.0,0.0,0,0,0,0,0,0,,0,0,1,0,335,0,benign
67.0,68.0,17,1e-06,1000000.0,342000000.0,1,342,342.0,342,342,0.0,0.0,0,0,0,0,0,0,,0,0,1,0,342,0,benign
62743.0,5355.0,17,0.4129228591918945,4.84351969255002,363.2639769412515,2,150,75.0,75,75,0.0,0.4148476123809814,0,0,0,0,0,0,,0,0,2,0,150,0,benign
137.0,137.0,17,14.03063178062439,1.1403620485640005,104.91330846788806,16,1472,92.0,92,92,0.0,0.9356117884318034,0,0,0,0,0,0,,0,0,16,0,1472,0,benign
53754.0,3702.0,17,6.883647918701172,1.0169026775734311,709.7980689462552,7,4886,698.0,698,698,0.0,1.1466705799102783,0,0,0,0,0,0,,0,0,7,0,4886,0,benign
56712.0,443.0,6,1e-06,1000000.0,66000000.0,1,66,66.0,66,66,0.0,0.0,0,0,0,0,0,1,501.0,0,1,1,0,66,0,benign
50179.0,5355.0,17,0.4203419685363769,4.758030721899988,356.8523041424992,2,150,75.0,75,75,0.0,0.4193160533905029,0,0,0,0,0,0,,0,0,2,0,150,0,benign
60284.0,5355.0,17,0.4175360202789306,4.790005898566357,359.2504423924768,2,150,75.0,75,75,0.0,0.4140496253967285,0,0,0,0,0,0,,0,0,2,0,150,0,benign
59472.0,5355.0,17,0.4261898994445801,4.692743780663135,337.87755220774574,2,144,72.0,72,72,0.0,0.4187870025634765,0,0,0,0,0,0,,0,0,2,0,144,0,benign
59475.0,1900.0,17,3.061460018157959,1.3065661404282354,233.87533913665413,4,716,179.0,179,179,0.0,1.0217595100402832,0,0,0,0,0,0,,0,0,4,0,716,0,benign
46990.0,443.0,6,1.6160507202148438,16.70739640919842,1631.7557159650455,27,2637,97.66666666666669,66,583,110.09261835102576,0.0621995834203866,1,0,1,0,3,26,64240.0,0,31,27,0,2637,0,benign
443.0,46990.0,6,1.6297721862792969,16.566732594473766,38130.48260559177,27,62144,2301.6296296296296,66,5586,1642.6789130551383,0.0626992445725661,1,0,1,0,23,27,65535.0,0,52,27,0,62144,0,benign
5353.0,5353.0,17,15.001853227615356,1.066534897871635,207.9743050849688,16,3120,195.0,83,310,114.17647159842814,1.0002121766408285,0,0,0,0,0,0,,0,0,16,0,3120,0,benign
44342.0,53.0,17,1e-06,1000000.0,100000000.0,1,100,100.0,100,100,0.0,0.0,0,0,0,0,0,0,,0,0,1,0,100,0,benign
53.0,44342.0,17,1e-06,1000000.0,292000000.0,1,292,292.0,292,292,0.0,0.0,0,0,0,0,0,0,,0,0,1,0,292,0,benign
80.0,58574.0,6,1e-06,1000000.0,66000000.0,1,66,66.0,66,66,0.0,0.0,0,0,0,0,0,1,509.0,0,1,1,0,66,0,benign
59882.0,5355.0,17,0.4079289436340332,4.902814647529074,367.7110985646805,2,150,75.0,75,75,0.0,0.4117038249969482,0,0,0,0,0,0,,0,0,2,0,150,0,benign
59679.0,5355.0,17,0.4056532382965088,4.9303193249455015,354.98299139607616,2,144,72.0,72,72,0.0,0.4042274951934814,0,0,0,0,0,0,,0,0,2,0,144,0,benign
50786.0,5355.0,17,0.3979554176330566,5.025688585659972,376.9266439244979,2,150,75.0,75,75,0.0,0.4126183986663818,0,0,0,0,0,0,,0,0,2,0,150,0,benign
58827.0,5355.0,17,0.4103105068206787,4.874357265421127,365.5767949065845,2,150,75.0,75,75,0.0,0.4132299423217773,0,0,0,0,0,0,,0,0,2,0,150,0,benign
56423.0,5355.0,17,0.4502339363098144,4.44213516287178,319.8337317267681,2,144,72.0,72,72,0.0,0.4502315521240234,0,0,0,0,0,0,,0,0,2,0,144,0,benign
50292.0,53.0,17,1e-06,1000000.0,83000000.0,1,83,83.0,83,83,0.0,0.0,0,0,0,0,0,0,,0,0,1,0,83,0,benign
38079.0,53.0,17,1e-06,1000000.0,83000000.0,1,83,83.0,83,83,0.0,0.0,0,0,0,0,0,0,,0,0,1,0,83,0,benign
53.0,38079.0,17,1e-06,1000000.0,144000000.0,1,144,144.0,144,144,0.0,0.0,0,0,0,0,0,0,,0,0,1,0,144,0,benign
53.0,50292.0,17,1e-06,1000000.0,132000000.0,1,132,132.0,132,132,0.0,0.0,0,0,0,0,0,0,,0,0,1,0,132,0,benign
57621.0,57621.0,17,1e-06,1000000.0,86000000.0,1,86,86.0,86,86,0.0,0.0,0,0,0,0,0,0,,0,0,1,0,86,0,benign
35916.0,443.0,6,1e-06,1000000.0,66000000.0,1,66,66.0,66,66,0.0,0.0,0,0,0,0,0,1,501.0,0,1,1,0,66,0,benign
56968.0,5355.0,17,0.4188933372497558,4.774485106712366,343.7629276832904,2,144,72.0,72,72,0.0,0.4186768531799316,0,0,0,0,0,0,,0,0,2,0,144,0,benign
137.0,137.0,17,2.2918355464935303,5.235977781372576,575.9575559509834,12,1320,110.0,110,110,0.0,0.2079553604125976,0,0,0,0,0,0,,0,0,12,0,1320,0,benign
57929.0,5355.0,17,0.4237651824951172,4.719594913919208,353.9696185439406,2,150,75.0,75,75,0.0,0.4234838485717773,0,0,0,0,0,0,,0,0,2,0,150,0,benign
61878.0,5355.0,17,0.4130764007568359,4.841719343771788,363.12895078288415,2,150,75.0,75,75,0.0,0.4143593311309814,0,0,0,0,0,0,,0,0,2,0,150,0,benign
41390.0,443.0,6,0.5712790489196777,54.26419900856302,5081.579668447046,31,2903,93.64516129032258,66,583,103.21193354359006,0.0188662449518839,1,0,1,0,3,30,64240.0,0,35,31,0,2903,0,benign
443.0,41390.0,6,0.5551118850708008,55.84459787966197,112964.61431734975,31,62708,2022.8387096774195,66,4206,1205.304141334576,0.0186177015304565,1,0,1,0,27,31,65535.0,0,60,31,0,62708,0,benign
64007.0,5355.0,17,0.4155664443969726,4.812708116754216,360.9531087565662,2,150,75.0,75,75,0.0,0.4161190986633301,0,0,0,0,0,0,,0,0,2,0,150,0,benign
5353.0,5353.0,17,2.044400453567505,0.978281919528033,107.12187018831962,2,219,109.5,87,132,31.81980515339464,2.043062448501587,0,0,0,0,0,0,,0,0,2,0,219,0,benign
58833.0,5355.0,17,0.4133400917053222,4.838630561455037,362.89729210912776,2,150,75.0,75,75,0.0,0.4126560688018799,0,0,0,0,0,0,,0,0,2,0,150,0,benign
5353.0,5353.0,17,0.7882673740386963,7.611630517268444,1830.5971394030607,6,1443,240.5,93,431,163.28594550664795,0.1570307254791259,0,0,0,0,0,0,,0,0,6,0,1443,0,benign
5353.0,5353.0,17,1e-06,1000000.0,87000000.0,1,87,87.0,87,87,0.0,0.0,0,0,0,0,0,0,,0,0,1,0,87,0,benign
60642.0,1900.0,17,1e-06,1000000.0,167000000.0,1,167,167.0,167,167,0.0,0.0,0,0,0,0,0,0,,0,0,1,0,167,0,benign
5353.0,5353.0,17,0.0169615745544433,117.91358128812796,11437.617384948411,2,194,97.0,91,103,8.48528137423857,0.0127904415130615,0,0,0,0,0,0,,0,0,2,0,194,0,benign
5353.0,5353.0,17,1e-06,1000000.0,91000000.0,1,91,91.0,91,91,0.0,0.0,0,0,0,0,0,0,,0,0,1,0,91,0,benign
5353.0,5353.0,17,1e-06,1000000.0,136000000.0,1,136,136.0,136,136,0.0,0.0,0,0,0,0,0,0,,0,0,1,0,136,0,benign
5353.0,5353.0,17,4.63654637336731,1.509744416708211,254.71545087605676,7,1181,168.71428571428572,93,312,93.06219118724547,0.7699370384216309,0,0,0,0,0,0,,0,0,7,0,1181,0,benign
5353.0,5353.0,17,0.0012187957763671,1640.964006259781,210043.392801252,2,256,128.0,128,128,0.0,2.384185791015625e-07,0,0,0,0,0,0,,0,0,2,0,256,0,benign
5353.0,5353.0,17,1e-06,1000000.0,133000000.0,1,133,133.0,133,133,0.0,0.0,0,0,0,0,0,0,,0,0,1,0,133,0,benign
58910.0,5355.0,17,0.4082207679748535,4.899309777701463,367.4482333276097,2,150,75.0,75,75,0.0,0.412839412689209,0,0,0,0,0,0,,0,0,2,0,150,0,benign
55823.0,5355.0,17,0.4129507541656494,4.843192511031782,363.2394383273837,2,150,75.0,75,75,0.0,0.4121716022491455,0,0,0,0,0,0,,0,0,2,0,150,0,benign
56359.0,1900.0,17,1e-06,1000000.0,167000000.0,1,167,167.0,167,167,0.0,0.0,0,0,0,0,0,0,,0,0,1,0,167,0,benign
50494.0,53.0,17,1e-06,1000000.0,93000000.0,1,93,93.0,93,93,0.0,0.0,0,0,0,0,0,0,,0,0,1,0,93,0,benign
53.0,50494.0,17,1e-06,1000000.0,121000000.0,1,121,121.0,121,121,0.0,0.0,0,0,0,0,0,0,,0,0,1,0,121,0,benign
56837.0,3702.0,17,6.862027645111084,1.0201066451527947,712.0344383166507,7,4886,698.0,698,698,0.0,1.1433395147323608,0,0,0,0,0,0,,0,0,7,0,4886,0,benign
49680.0,1900.0,17,1e-06,1000000.0,167000000.0,1,167,167.0,167,167,0.0,0.0,0,0,0,0,0,0,,0,0,1,0,167,0,benign
46980.0,443.0,6,1e-06,1000000.0,66000000.0,1,66,66.0,66,66,0.0,0.0,0,0,0,0,0,1,501.0,0,1,1,0,66,0,benign
57621.0,57621.0,17,1e-06,1000000.0,86000000.0,1,86,86.0,86,86,0.0,0.0,0,0,0,0,0,0,,0,0,1,0,86,0,benign
49925.0,21027.0,17,1e-06,1000000.0,343000000.0,1,343,343.0,343,343,0.0,0.0,0,0,0,0,0,0,,0,0,1,0,343,0,benign
56275.0,1900.0,17,15.00749397277832,0.3998002605153954,71.56424663225579,6,1074,179.0,179,179,0.0,3.0023239135742186,0,0,0,0,0,0,,0,0,6,0,1074,0,benign
39540.0,443.0,6,0.226607084274292,163.27821399976222,14739.168507005565,37,3340,90.27027027027027,66,583,97.91369460699352,0.0039715501997205,1,0,1,0,3,36,64240.0,0,41,37,0,3340,0,benign
443.0,39540.0,6,0.2247414588928222,182.43184947710355,412033.4559372991,41,92601,2258.560975609756,66,2826,979.1694707449902,0.0037314474582672,1,0,1,0,35,41,65535.0,0,78,41,0,92601,0,benign
51056.0,5355.0,17,0.4183073043823242,4.781173981537844,358.5880486153383,2,150,75.0,75,75,0.0,0.4169735908508301,0,0,0,0,0,0,,0,0,2,0,150,0,benign
57621.0,57621.0,17,10.84090256690979,0.2767297262828507,23.79875646032516,3,258,86.0,86,86,0.0,5.415642738342285,0,0,0,0,0,0,,0,0,3,0,258,0,benign
17500.0,17500.0,17,0.0011665821075439,3428.819946862865,603472.3106478642,4,704,176.0,176,176,0.0,0.0013140837351481,0,0,0,0,0,0,,0,0,4,0,704,0,benign
17500.0,17500.0,17,1e-06,1000000.0,176000000.0,1,176,176.0,176,176,0.0,0.0,0,0,0,0,0,0,,0,0,1,0,176,0,benign
5353.0,5353.0,17,1e-06,1000000.0,87000000.0,1,87,87.0,87,87,0.0,0.0,0,0,0,0,0,0,,0,0,1,0,87,0,benign
43488.0,443.0,6,1e-06,1000000.0,66000000.0,1,66,66.0,66,66,0.0,0.0,0,0,0,0,0,1,601.0,0,1,1,0,66,0,benign
138.0,138.0,17,1e-06,1000000.0,243000000.0,1,243,243.0,243,243,0.0,0.0,0,0,0,0,0,0,,0,0,1,0,243,0,benign
5353.0,5353.0,17,15.10332202911377,1.5890543784828686,129.11066825173307,24,1950,81.25,81,87,1.224744871391589,0.6564518472422725,0,0,0,0,0,0,,0,0,24,0,1950,0,benign
60286.0,5355.0,17,0.428070068359375,4.672132316247238,350.4099237185428,2,150,75.0,75,75,0.0,0.4211504459381103,0,0,0,0,0,0,,0,0,2,0,150,0,benign
49167.0,1900.0,17,1e-06,1000000.0,167000000.0,1,167,167.0,167,167,0.0,0.0,0,0,0,0,0,0,,0,0,1,0,167,0,benign
137.0,137.0,17,14.83938217163086,1.145600255009248,105.3952234608508,17,1564,92.0,92,92,0.0,0.9278716593980788,0,0,0,0,0,0,,0,0,17,0,1564,0,benign
138.0,138.0,17,1e-06,1000000.0,243000000.0,1,243,243.0,243,243,0.0,0.0,0,0,0,0,0,0,,0,0,1,0,243,0,benign
17500.0,17500.0,17,1e-06,1000000.0,176000000.0,1,176,176.0,176,176,0.0,0.0,0,0,0,0,0,0,,0,0,1,0,176,0,benign
40604.0,443.0,6,1.2581255435943604,22.25533067233205,2166.7154075991843,28,2726,97.35714285714286,66,583,110.12424440761993,0.0465963240023012,1,0,1,0,3,27,64240.0,0,32,28,0,2726,0,benign
443.0,40604.0,6,1.2494194507598877,24.811523448867412,49849.552095671264,31,62283,2009.1290322580649,66,4206,1202.1652615714,0.0416696468989054,1,0,1,0,27,31,65535.0,0,60,31,0,62283,0,benign
5353.0,5353.0,17,0.8076727390289307,7.428751411387034,1541.4659178628094,6,1245,207.5,93,365,127.62092304947492,0.160610008239746,0,0,0,0,0,0,,0,0,6,0,1245,0,benign
52254.0,1900.0,17,3.0071935653686523,1.3301438411097557,281.99049431526817,4,848,212.0,212,212,0.0,1.0030309359232583,0,0,0,0,0,0,,0,0,4,0,848,0,benign
5353.0,5353.0,17,0.7791452407836914,7.700746518024022,1767.321325886513,6,1377,229.5,93,409,151.37205818776462,0.1536569118499756,0,0,0,0,0,0,,0,0,6,0,1377,0,benign
443.0,57174.0,6,0.0004594326019287,4353.195640892579,339549.2599896212,2,156,78.0,66,90,16.97056274847714,2.384185791015625e-07,0,0,1,0,1,2,9.0,0,4,2,0,156,0,benign
5353.0,5353.0,17,11.724998474121094,0.5970150030680256,129.9786949536673,7,1524,217.7142857142857,84,417,153.8665160517543,1.9566717942555745,0,0,0,0,0,0,,0,0,7,0,1524,0,benign
60605.0,5355.0,17,0.4248154163360595,4.707927073950292,353.0945305462719,2,150,75.0,75,75,0.0,0.4237020015716553,0,0,0,0,0,0,,0,0,2,0,150,0,benign
5353.0,5353.0,17,0.7718851566314697,7.773177069739471,2296.9738241080136,6,1773,295.5,93,541,223.07465118206505,0.1530327796936035,0,0,0,0,0,0,,0,0,6,0,1773,0,benign
46990.0,443.0,6,1e-06,1000000.0,66000000.0,1,66,66.0,66,66,0.0,0.0,0,0,0,0,0,1,501.0,0,1,1,0,66,0,benign
5353.0,5353.0,17,15.07323956489563,1.1941693039842982,232.66398605960745,18,3507,194.83333333333331,83,310,113.412443554229,0.8864264488220215,0,0,0,0,0,0,,0,0,18,0,3507,0,benign
5353.0,5353.0,17,10.1338210105896,1.8749097680080848,146.93371813494937,19,1489,78.36842105263158,75,139,14.682606967715952,0.5634904172685411,0,0,0,0,0,0,,0,0,19,0,1489,0,benign
5353.0,5353.0,17,10.031013488769531,3.4891788391257887,274.8476016991371,35,2757,78.77142857142857,72,81,3.3526610527242062,0.2946061947766472,0,0,0,0,0,0,,0,0,35,0,2757,0,benign
5353.0,5353.0,17,10.023108959197998,3.3921610688267445,265.8855661300963,34,2665,78.38235294117646,72,81,3.634970767106437,0.3034053282304244,0,0,0,0,0,0,,0,0,34,0,2665,0,benign
52835.0,1900.0,17,3.0225157737731934,1.3234008684780336,280.56098411734314,4,848,212.0,212,212,0.0,1.0103193918863933,0,0,0,0,0,0,,0,0,4,0,848,0,benign
5353.0,5353.0,17,1e-06,1000000.0,139000000.0,1,139,139.0,139,139,0.0,0.0,0,0,0,0,0,0,,0,0,1,0,139,0,benign
5353.0,5353.0,17,1e-06,1000000.0,139000000.0,1,139,139.0,139,139,0.0,0.0,0,0,0,0,0,0,,0,0,1,0,139,0,benign
5353.0,5353.0,17,0.7906005382537842,7.589167613333941,1984.5673308868252,6,1569,261.5,93,473,186.07928417747095,0.1575545310974121,0,0,0,0,0,0,,0,0,6,0,1569,0,benign
5353.0,5353.0,17,1e-06,1000000.0,139000000.0,1,139,139.0,139,139,0.0,0.0,0,0,0,0,0,0,,0,0,1,0,139,0,benign
5353.0,5353.0,17,1e-06,1000000.0,139000000.0,1,139,139.0,139,139,0.0,0.0,0,0,0,0,0,0,,0,0,1,0,139,0,benign
137.0,137.0,17,4.180263042449951,1.196096979837331,110.04092214503449,5,460,92.0,92,92,0.0,1.0432479977607727,0,0,0,0,0,0,,0,0,5,0,460,0,benign
59181.0,5355.0,17,0.4233319759368896,4.72442459744208,325.9852972235035,2,138,69.0,69,69,0.0,0.4148128032684326,0,0,0,0,0,0,,0,0,2,0,138,0,benign
54517.0,5355.0,17,0.4237942695617676,4.719270985112983,325.62969797279584,2,138,69.0,69,69,0.0,0.4144220352172851,0,0,0,0,0,0,,0,0,2,0,138,0,benign
54572.0,3544.0,17,1e-06,1000000.0,82000000.0,1,82,82.0,82,82,0.0,0.0,0,0,0,0,0,0,,0,0,1,0,82,0,benign
50728.0,427.0,17,1e-06,1000000.0,86000000.0,1,86,86.0,86,86,0.0,0.0,0,0,0,0,0,0,,0,0,1,0,86,0,benign
5353.0,5353.0,17,0.8021931648254395,7.4794952925155185,1119.4311287798223,6,898,149.66666666666666,82,253,76.65681096071415,0.1587875843048095,0,0,0,0,0,0,,0,0,6,0,898,0,benign
40610.0,443.0,6,0.638023853302002,47.020185600803565,4567.227361358053,30,2914,97.13333333333334,66,583,111.63293709151507,0.0220282653282428,1,0,1,0,3,29,64240.0,0,34,30,0,2914,0,benign
443.0,40610.0,6,0.6472859382629395,43.2575440695359,112936.17809182906,28,73102,2610.785714285714,66,6966,2148.577158082252,0.0239384086043746,1,0,1,0,24,28,65535.0,0,54,28,0,73102,0,benign
56193.0,5355.0,17,0.414398193359375,4.826275867147801,361.9706900360852,2,150,75.0,75,75,0.0,0.4100308418273926,0,0,0,0,0,0,,0,0,2,0,150,0,benign
5353.0,5353.0,17,0.783306360244751,7.659838224887191,1779.6357475821242,6,1394,232.33333333333331,88,419,159.82573843616888,0.1571201801300049,0,0,0,0,0,0,,0,0,6,0,1394,0,benign
41390.0,443.0,6,1e-06,1000000.0,66000000.0,1,66,66.0,66,66,0.0,0.0,0,0,0,0,0,1,501.0,0,1,1,0,66,0,benign
52814.0,5355.0,17,0.4236757755279541,4.720590875198717,325.72077038871146,2,138,69.0,69,69,0.0,0.4118058681488037,0,0,0,0,0,0,,0,0,2,0,138,0,benign
51406.0,5355.0,17,0.4212589263916015,4.747673876329456,327.5894974667325,2,138,69.0,69,69,0.0,0.4107630252838135,0,0,0,0,0,0,,0,0,2,0,138,0,benign
443.0,39760.0,6,0.0007116794586181,2810.253936348409,219199.80703517588,2,156,78.0,66,90,16.97056274847714,2.384185791015625e-07,0,0,1,0,1,2,269.0,0,4,2,0,156,0,benign
50732.0,1900.0,17,3.032862901687622,1.3188858612020409,279.6038025748327,4,848,212.0,212,212,0.0,1.0110708872477214,0,0,0,0,0,0,,0,0,4,0,848,0,benign
55145.0,5355.0,17,0.4152941703796386,4.815863411161568,361.1897558371176,2,150,75.0,75,75,0.0,0.4124073982238769,0,0,0,0,0,0,,0,0,2,0,150,0,benign
5353.0,5353.0,17,0.7999789714813232,7.500197147544745,2298.8104257224645,6,1839,306.5,93,563,235.06063047647945,0.1552892208099365,0,0,0,0,0,0,,0,0,6,0,1839,0,benign
58796.0,1900.0,17,1e-06,1000000.0,167000000.0,1,167,167.0,167,167,0.0,0.0,0,0,0,0,0,0,,0,0,1,0,167,0,benign
45380.0,443.0,6,0.3026809692382812,92.50664179668792,8940.106167922768,28,2706,96.64285714285714,66,583,108.44326534617906,0.0111382890630651,1,0,1,0,3,27,64240.0,0,32,28,0,2706,0,benign
443.0,45380.0,6,0.2866859436035156,108.13226351576118,218469.0299522308,31,62632,2020.3870967741937,66,2826,1152.690061766225,0.0097019751866658,1,0,1,0,27,31,65535.0,0,60,31,0,62632,0,benign
52290.0,5355.0,17,0.4228131771087646,4.7302215453079866,354.76661589809896,2,150,75.0,75,75,0.0,0.418008804321289,0,0,0,0,0,0,,0,0,2,0,150,0,benign
5353.0,5353.0,17,1e-06,1000000.0,87000000.0,1,87,87.0,87,87,0.0,0.0,0,0,0,0,0,0,,0,0,1,0,87,0,benign
137.0,137.0,17,15.16329288482666,1.5827696650254577,145.61480918234213,24,2208,92.0,92,92,0.0,0.6595758977143661,0,0,0,0,0,0,,0,0,24,0,2208,0,benign
39540.0,443.0,6,1e-06,1000000.0,66000000.0,1,66,66.0,66,66,0.0,0.0,0,0,0,0,0,1,1152.0,0,1,1,0,66,0,benign
5353.0,5353.0,17,14.655449151992798,1.0917440901375837,88.43127130114428,16,1296,81.0,81,81,0.0,0.9778913974761962,0,0,0,0,0,0,,0,0,16,0,1296,0,benign
58013.0,5355.0,17,0.4015395641326904,4.980829234897241,373.5621926172931,2,150,75.0,75,75,0.0,0.4155402183532715,0,0,0,0,0,0,,0,0,2,0,150,0,benign
56067.0,1900.0,17,3.062397718429565,1.306166072397431,233.8037269591402,4,716,179.0,179,179,0.0,1.0226205190022786,0,0,0,0,0,0,,0,0,4,0,716,0,benign
59341.0,5355.0,17,0.4099812507629394,4.878271863111237,351.2355741440091,2,144,72.0,72,72,0.0,0.4087176322937011,0,0,0,0,0,0,,0,0,2,0,144,0,benign
53799.0,1900.0,17,1e-06,1000000.0,167000000.0,1,167,167.0,167,167,0.0,0.0,0,0,0,0,0,0,,0,0,1,0,167,0,benign
54313.0,5355.0,17,0.4142529964447021,4.827967491279152,362.0975618459364,2,150,75.0,75,75,0.0,0.4144716262817383,0,0,0,0,0,0,,0,0,2,0,150,0,benign
5353.0,5353.0,17,1e-06,1000000.0,83000000.0,1,83,83.0,83,83,0.0,0.0,0,0,0,0,0,0,,0,0,1,0,83,0,benign
57405.0,5355.0,17,0.3958251476287842,5.052736067885348,363.79699688774497,2,144,72.0,72,72,0.0,0.4116599559783935,0,0,0,0,0,0,,0,0,2,0,144,0,benign
5353.0,5353.0,17,1e-06,1000000.0,139000000.0,1,139,139.0,139,139,0.0,0.0,0,0,0,0,0,0,,0,0,1,0,139,0,benign
5353.0,5353.0,17,1e-06,1000000.0,139000000.0,1,139,139.0,139,139,0.0,0.0,0,0,0,0,0,0,,0,0,1,0,139,0,benign
5353.0,5353.0,17,1e-06,1000000.0,132000000.0,1,132,132.0,132,132,0.0,0.0,0,0,0,0,0,0,,0,0,1,0,132,0,benign
64148.0,5355.0,17,0.4126195907592773,4.847079597746976,363.5309698310232,2,150,75.0,75,75,0.0,0.4164016246795654,0,0,0,0,0,0,,0,0,2,0,150,0,benign
5353.0,5353.0,17,14.075598239898682,2.060303193209694,166.8845586499852,29,2349,81.0,81,81,0.0,0.5029955761773246,0,0,0,0,0,0,,0,0,29,0,2349,0,benign
49665.0,5355.0,17,0.4405708312988281,4.539565168451768,326.84869212852726,2,144,72.0,72,72,0.0,0.4463999271392822,0,0,0,0,0,0,,0,0,2,0,144,0,benign
60517.0,5355.0,17,0.4212441444396972,4.747840477783324,341.84451440039936,2,144,72.0,72,72,0.0,0.4129657745361328,0,0,0,0,0,0,,0,0,2,0,144,0,benign
137.0,137.0,17,2.297067880630493,5.224051104970512,574.6456215467563,12,1320,110.0,110,110,0.0,0.2081762877377596,0,0,0,0,0,0,,0,0,12,0,1320,0,benign
45394.0,443.0,6,0.4257261753082275,70.46783059152958,6678.001412390619,30,2843,94.76666666666668,66,583,105.32369918112164,0.014481782913208,1,0,1,0,3,29,64240.0,0,34,30,0,2843,0,benign
443.0,45394.0,6,0.4058125019073486,73.92576586230781,153573.38600235825,30,62322,2077.4,66,5983,1367.6494963358068,0.014235652726272,1,0,1,0,26,30,65535.0,0,58,30,0,62322,0,benign
137.0,137.0,17,15.389493703842165,1.29958791269441,119.56208796788572,20,1840,92.0,92,92,0.0,0.8097211436221474,0,0,0,0,0,0,,0,0,20,0,1840,0,benign
40604.0,443.0,6,1e-06,1000000.0,66000000.0,1,66,66.0,66,66,0.0,0.0,0,0,0,0,0,1,501.0,0,1,1,0,66,0,benign
58870.0,5355.0,17,0.4286403656005859,4.665916139740401,349.94371048053006,2,150,75.0,75,75,0.0,0.4142065048217773,0,0,0,0,0,0,,0,0,2,0,150,0,benign
58309.0,5355.0,17,0.4147827625274658,4.821801146732961,361.635086004972,2,150,75.0,75,75,0.0,0.4194293022155761,0,0,0,0,0,0,,0,0,2,0,150,0,benign
443.0,57174.0,6,1e-06,1000000.0,66000000.0,1,66,66.0,66,66,0.0,0.0,0,0,1,0,0,1,9.0,0,2,1,0,66,0,benign
57174.0,443.0,6,1e-06,1000000.0,78000000.0,1,78,78.0,78,78,0.0,0.0,0,0,0,0,0,1,501.0,0,1,1,0,78,0,benign
57621.0,57621.0,17,3.1281089782714844,0.9590458711121138,82.47794491564179,3,258,86.0,86,86,0.0,1.57329523563385,0,0,0,0,0,0,,0,0,3,0,258,0,benign
51472.0,1900.0,17,3.015927791595459,1.3262917007319848,281.17384055518073,4,848,212.0,212,212,0.0,1.0054728190104167,0,0,0,0,0,0,,0,0,4,0,848,0,benign
51408.0,1900.0,17,3.0113534927368164,1.3283063611255643,281.6009485586197,4,848,212.0,212,212,0.0,1.0018322467803955,0,0,0,0,0,0,,0,0,4,0,848,0,benign
5353.0,5353.0,17,15.000799179077148,1.3999254139266415,280.6517139348172,21,4210,200.47619047619048,83,310,113.36340637419954,0.7506440162658692,0,0,0,0,0,0,,0,0,21,0,4210,0,benign
5353.0,5353.0,17,11.419066667556764,0.6130098197857118,122.42681829434645,7,1398,199.7142857142857,87,387,136.6854226386441,1.9046272436777751,0,0,0,0,0,0,,0,0,7,0,1398,0,benign
49381.0,5355.0,17,0.4166669845581054,4.799996337893419,359.9997253420064,2,150,75.0,75,75,0.0,0.4131443500518799,0,0,0,0,0,0,,0,0,2,0,150,0,benign
53172.0,5355.0,17,0.4173550605773926,4.792082782542727,359.40620869070455,2,150,75.0,75,75,0.0,0.4177308082580566,0,0,0,0,0,0,,0,0,2,0,150,0,benign
52304.0,5355.0,17,0.4095330238342285,4.883611048689357,366.2708286517017,2,150,75.0,75,75,0.0,0.4095444679260254,0,0,0,0,0,0,,0,0,2,0,150,0,benign
52343.0,5355.0,17,0.409001350402832,4.88995940485323,366.7469553639922,2,150,75.0,75,75,0.0,0.4095439910888672,0,0,0,0,0,0,,0,0,2,0,150,0,benign
36792.0,443.0,6,0.1353189945220947,325.1576037450953,28096.5729417921,44,3802,86.4090909090909,66,583,90.0390918155458,0.0031328533971032,1,0,1,0,3,43,64240.0,0,48,44,0,3802,0,benign
443.0,36792.0,6,0.1270055770874023,393.68349915524686,1036411.1798761028,50,131630,2632.6,66,5586,1372.0394026590416,0.00264302565127,1,0,1,0,42,50,65535.0,0,94,50,0,131630,0,benign
40610.0,443.0,6,1e-06,1000000.0,66000000.0,1,66,66.0,66,66,0.0,0.0,0,0,0,0,0,1,501.0,0,1,1,0,66,0,benign
443.0,34746.0,6,0.0002388954162597,8371.864271457085,653005.4131736527,2,156,78.0,66,90,16.97056274847714,2.384185791015625e-07,0,0,1,0,1,2,269.0,0,4,2,0,156,0,benign
5353.0,5353.0,17,0.7803871631622314,7.688491409427098,1679.935372959821,6,1311,218.5,93,387,139.48153999723405,0.1548975467681884,0,0,0,0,0,0,,0,0,6,0,1311,0,benign
49685.0,5355.0,17,0.4165370464324951,4.801493689767458,360.11202673255934,2,150,75.0,75,75,0.0,0.4146716594696045,0,0,0,0,0,0,,0,0,2,0,150,0,benign
443.0,39760.0,6,1e-06,1000000.0,66000000.0,1,66,66.0,66,66,0.0,0.0,0,0,1,0,0,1,269.0,0,2,1,0,66,0,benign
39760.0,443.0,6,1e-06,1000000.0,78000000.0,1,78,78.0,78,78,0.0,0.0,0,0,0,0,0,1,501.0,0,1,1,0,78,0,benign
54292.0,5355.0,17,0.4081811904907226,4.899784817608976,367.4838613206732,2,150,75.0,75,75,0.0,0.4123811721801758,0,0,0,0,0,0,,0,0,2,0,150,0,benign
57621.0,57621.0,17,1e-06,1000000.0,86000000.0,1,86,86.0,86,86,0.0,0.0,0,0,0,0,0,0,,0,0,1,0,86,0,benign
62829.0,5355.0,17,0.4018900394439697,4.976485614739486,373.23642110546143,2,150,75.0,75,75,0.0,0.4098677635192871,0,0,0,0,0,0,,0,0,2,0,150,0,benign
5353.0,5353.0,17,1e-06,1000000.0,87000000.0,1,87,87.0,87,87,0.0,0.0,0,0,0,0,0,0,,0,0,1,0,87,0,benign
5353.0,5353.0,17,10.021048069000244,4.390758301630389,345.8720062147938,44,3466,78.77272727272727,70,81,4.074102191658441,0.233004608819651,0,0,0,0,0,0,,0,0,44,0,3466,0,benign
5353.0,5353.0,17,10.007780075073242,3.996890389271195,316.05410753161976,40,3163,79.075,70,82,3.89205304731024,0.2565778952378493,0,0,0,0,0,0,,0,0,40,0,3163,0,benign
5353.0,5353.0,17,1e-06,1000000.0,132000000.0,1,132,132.0,132,132,0.0,0.0,0,0,0,0,0,0,,0,0,1,0,132,0,benign
62908.0,5355.0,17,0.4048769474029541,4.939772473658517,370.4829355243888,2,150,75.0,75,75,0.0,0.4056715965270996,0,0,0,0,0,0,,0,0,2,0,150,0,benign
57614.0,5355.0,17,0.4303412437438965,4.647474600854745,348.5605950641059,2,150,75.0,75,75,0.0,0.4169085025787353,0,0,0,0,0,0,,0,0,2,0,150,0,benign
45380.0,443.0,6,1e-06,1000000.0,66000000.0,1,66,66.0,66,66,0.0,0.0,0,0,0,0,0,1,501.0,0,1,1,0,66,0,benign
36804.0,443.0,6,0.2843058109283447,91.45082161740596,9422.951965885792,26,2679,103.03846153846152,66,583,122.58172156377336,0.0121240711212158,1,0,1,0,3,25,64240.0,0,30,26,0,2679,0,benign
443.0,36804.0,6,0.298978328704834,96.9969968245766,171129.46019078058,29,51164,1764.2758620689656,66,2826,1147.908685285417,0.0108814069202968,1,0,1,0,23,29,65535.0,0,54,29,0,51164,0,benign
50528.0,1900.0,17,1e-06,1000000.0,167000000.0,1,167,167.0,167,167,0.0,0.0,0,0,0,0,0,0,,0,0,1,0,167,0,benign
54935.0,1900.0,17,3.032893419265747,1.3188725903096146,279.6009891456383,4,848,212.0,212,212,0.0,1.010779619216919,0,0,0,0,0,0,,0,0,4,0,848,0,benign
49925.0,21027.0,17,1e-06,1000000.0,343000000.0,1,343,343.0,343,343,0.0,0.0,0,0,0,0,0,0,,0,0,1,0,343,0,benign
51505.0,5355.0,17,0.4114875793457031,4.860414020710306,364.53105155327296,2,150,75.0,75,75,0.0,0.4114863872528076,0,0,0,0,0,0,,0,0,2,0,150,0,benign
137.0,137.0,17,1.5052130222320557,1.993073376120112,183.36275060305027,3,276,92.0,92,92,0.0,0.7546271085739136,0,0,0,0,0,0,,0,0,3,0,276,0,benign
57621.0,57621.0,17,1e-06,1000000.0,86000000.0,1,86,86.0,86,86,0.0,0.0,0,0,0,0,0,0,,0,0,1,0,86,0,benign
5353.0,5353.0,17,0.7834954261779785,7.65798982295149,1834.088562596882,6,1437,239.5,93,429,162.20203451251774,0.1573241710662841,0,0,0,0,0,0,,0,0,6,0,1437,0,benign
5353.0,5353.0,17,1e-06,1000000.0,87000000.0,1,87,87.0,87,87,0.0,0.0,0,0,0,0,0,0,,0,0,1,0,87,0,benign
17500.0,17500.0,17,0.0029859542846679,1339.6052379431492,235770.52187799424,4,704,176.0,176,176,0.0,0.0040425459543863,0,0,0,0,0,0,,0,0,4,0,704,0,benign
17500.0,17500.0,17,1e-06,1000000.0,176000000.0,1,176,176.0,176,176,0.0,0.0,0,0,0,0,0,0,,0,0,1,0,176,0,benign
63714.0,5355.0,17,0.4362132549285888,4.584913405089934,343.8685053817451,2,150,75.0,75,75,0.0,0.4177701473236084,0,0,0,0,0,0,,0,0,2,0,150,0,benign
5353.0,5353.0,17,0.8079767227172852,7.425956505060639,1860.20210451769,6,1503,250.5,93,451,174.13299515025864,0.1591048717498779,0,0,0,0,0,0,,0,0,6,0,1503,0,benign
62653.0,1900.0,17,1e-06,1000000.0,167000000.0,1,167,167.0,167,167,0.0,0.0,0,0,0,0,0,0,,0,0,1,0,167,0,benign
5353.0,5353.0,17,0.7735080718994141,7.756867986220875,1353.5734635955428,6,1047,174.5,93,299,92.33363417520184,0.1559444904327392,0,0,0,0,0,0,,0,0,6,0,1047,0,benign
443.0,40286.0,6,0.0754311084747314,132.57129852930487,116967.65669240568,10,8823,882.3,66,2826,1147.3223948732884,0.0078557597266303,1,0,1,0,6,10,65535.0,0,18,10,0,8823,0,benign
40286.0,443.0,6,0.09568452835083,104.51010390451748,16272.223177933372,10,1557,155.7,66,583,178.21712724776046,0.0101187494066026,1,1,0,0,3,9,64240.0,0,14,10,0,1557,0,benign
41162.0,53.0,17,1e-06,1000000.0,83000000.0,1,83,83.0,83,83,0.0,0.0,0,0,0,0,0,0,,0,0,1,0,83,0,benign
39256.0,53.0,17,1e-06,1000000.0,83000000.0,1,83,83.0,83,83,0.0,0.0,0,0,0,0,0,0,,0,0,1,0,83,0,benign
53.0,41162.0,17,1e-06,1000000.0,132000000.0,1,132,132.0,132,132,0.0,0.0,0,0,0,0,0,0,,0,0,1,0,132,0,benign
53.0,39256.0,17,1e-06,1000000.0,144000000.0,1,144,144.0,144,144,0.0,0.0,0,0,0,0,0,0,,0,0,1,0,144,0,benign
57621.0,57621.0,17,1e-06,1000000.0,86000000.0,1,86,86.0,86,86,0.0,0.0,0,0,0,0,0,0,,0,0,1,0,86,0,benign
1900.0,1900.0,17,14.735372066497805,2.1037812862887457,1082.1579481019464,31,15946,514.3870967741935,486,537,22.66227028838144,0.4915506760279337,0,0,0,0,0,0,,0,0,31,0,15946,0,benign
5353.0,5353.0,17,14.05742621421814,1.4938723262697915,121.00365842785313,21,1701,81.0,81,81,0.0,0.7030884265899658,0,0,0,0,0,0,,0,0,21,0,1701,0,benign
55693.0,5355.0,17,0.424464464187622,4.711819642729759,353.38647320473194,2,150,75.0,75,75,0.0,0.4171831607818603,0,0,0,0,0,0,,0,0,2,0,150,0,benign
17500.0,17500.0,17,1e-06,1000000.0,176000000.0,1,176,176.0,176,176,0.0,0.0,0,0,0,0,0,0,,0,0,1,0,176,0,benign
45394.0,443.0,6,1e-06,1000000.0,66000000.0,1,66,66.0,66,66,0.0,0.0,0,0,0,0,0,1,501.0,0,1,1,0,66,0,benign
57621.0,57621.0,17,1e-06,1000000.0,86000000.0,1,86,86.0,86,86,0.0,0.0,0,0,0,0,0,0,,0,0,1,0,86,0,benign
137.0,137.0,17,14.822588682174684,1.1468981811823344,105.51463266877478,17,1564,92.0,92,92,0.0,0.926356703042984,0,0,0,0,0,0,,0,0,17,0,1564,0,benign
5353.0,5353.0,17,0.7913668155670166,7.581819052775145,1458.2365311504193,6,1154,192.33333333333331,86,359,122.91894348173786,0.1599687576293945,0,0,0,0,0,0,,0,0,6,0,1154,0,benign
62446.0,1900.0,17,3.002922296524048,1.3320357988050815,282.3915893466773,4,848,212.0,212,212,0.0,1.0010048548380537,0,0,0,0,0,0,,0,0,4,0,848,0,benign
54868.0,5355.0,17,0.4157032966613769,4.811123741530386,360.83428061477895,2,150,75.0,75,75,0.0,0.4163146018981933,0,0,0,0,0,0,,0,0,2,0,150,0,benign
5353.0,5353.0,17,1e-06,1000000.0,92000000.0,1,92,92.0,92,92,0.0,0.0,0,0,0,0,0,0,,0,0,1,0,92,0,benign
5353.0,5353.0,17,1e-06,1000000.0,108000000.0,1,108,108.0,108,108,0.0,0.0,0,0,0,0,0,0,,0,0,1,0,108,0,benign
56113.0,1900.0,17,1e-06,1000000.0,167000000.0,1,167,167.0,167,167,0.0,0.0,0,0,0,0,0,0,,0,0,1,0,167,0,benign
54233.0,1900.0,17,3.069490432739258,1.3031478962553211,233.26347342970251,4,716,179.0,179,179,0.0,1.0216187636057537,0,0,0,0,0,0,,0,0,4,0,716,0,benign
34533.0,53.0,17,1e-06,1000000.0,92000000.0,1,92,92.0,92,92,0.0,0.0,0,0,0,0,0,0,,0,0,1,0,92,0,benign
53.0,34533.0,17,1e-06,1000000.0,108000000.0,1,108,108.0,108,108,0.0,0.0,0,0,0,0,0,0,,0,0,1,0,108,0,benign
36792.0,443.0,6,1e-06,1000000.0,66000000.0,1,66,66.0,66,66,0.0,0.0,0,0,0,0,0,1,1867.0,0,1,1,0,66,0,benign
5353.0,5353.0,17,0.8471205234527588,8.263286989516985,1405.9392577878184,7,1191,170.14285714285714,86,301,106.34445381468116,0.1435252030690511,0,0,0,0,0,0,,0,0,7,0,1191,0,benign
52281.0,1900.0,17,2.995858907699585,1.3351763628519675,283.0573889246171,4,848,212.0,212,212,0.0,1.0018383661905923,0,0,0,0,0,0,,0,0,4,0,848,0,benign
63427.0,1900.0,17,3.009448289871216,1.3291472770815322,281.7792227412848,4,848,212.0,212,212,0.0,1.0057603518168132,0,0,0,0,0,0,,0,0,4,0,848,0,benign
5353.0,5353.0,17,15.008129835128784,1.1327194118622923,213.4176633055837,17,3203,188.41176470588235,83,310,113.83928299555112,0.9379531741142272,0,0,0,0,0,0,,0,0,17,0,3203,0,benign
34746.0,443.0,6,0.0409607887268066,48.82718478248216,3222.5941956438223,2,132,66.0,66,66,0.0,0.0417397022247314,0,0,0,0,0,2,868.0,0,2,2,0,132,0,benign
57621.0,57621.0,17,1e-06,1000000.0,86000000.0,1,86,86.0,86,86,0.0,0.0,0,0,0,0,0,0,,0,0,1,0,86,0,benign
60090.0,5355.0,17,0.4266262054443359,4.687944562423159,351.5958421817369,2,150,75.0,75,75,0.0,0.4177916049957275,0,0,0,0,0,0,,0,0,2,0,150,0,benign
5353.0,5353.0,17,0.7700371742248535,7.791831616492815,1359.6746170779963,6,1047,174.5,93,299,92.33363417520184,0.1532230377197265,0,0,0,0,0,0,,0,0,6,0,1047,0,benign
55514.0,1900.0,17,1e-06,1000000.0,167000000.0,1,167,167.0,167,167,0.0,0.0,0,0,0,0,0,0,,0,0,1,0,167,0,benign
46520.0,80.0,6,1.622253179550171,3.082132963602163,356.9109971851305,5,579,115.8,66,307,106.94017018875554,0.4074463248252868,1,0,1,0,1,4,64240.0,0,7,5,0,579,0,benign
80.0,46520.0,6,1.6228339672088623,2.464823931976025,722.1934120689754,4,1172,293.0,66,966,448.6825158171421,0.5432194073994955,1,0,1,0,1,4,65160.0,0,7,4,0,1172,0,benign
5353.0,5353.0,17,1e-06,1000000.0,87000000.0,1,87,87.0,87,87,0.0,0.0,0,0,0,0,0,0,,0,0,1,0,87,0,benign
63769.0,1900.0,17,3.005061388015747,1.3310876163635428,283.5216622854346,4,852,213.0,213,213,0.0,1.0018962224324544,0,0,0,0,0,0,,0,0,4,0,852,0,benign
57621.0,57621.0,17,1e-06,1000000.0,86000000.0,1,86,86.0,86,86,0.0,0.0,0,0,0,0,0,0,,0,0,1,0,86,0,benign
59764.0,443.0,6,0.7123713493347168,22.46019581632865,3882.806351747815,16,2766,172.875,66,894,238.51062170617612,0.048191754023234,1,0,1,0,4,15,64240.0,0,21,16,0,2766,0,benign
57621.0,57621.0,17,13.121786832809448,0.1524182663140999,13.107970903012593,2,172,86.0,86,86,0.0,13.118082284927368,0,0,0,0,0,0,,0,0,2,0,172,0,benign
443.0,59764.0,6,0.7229101657867432,26.2826570979567,36633.87410132565,19,26483,1393.842105263158,66,2962,1168.948542882206,0.0401297542783949,1,0,1,0,13,19,41352.0,0,34,19,0,26483,0,benign
57621.0,57621.0,17,1e-06,1000000.0,86000000.0,1,86,86.0,86,86,0.0,0.0,0,0,0,0,0,0,,0,0,1,0,86,0,benign
54418.0,1900.0,17,1e-06,1000000.0,167000000.0,1,167,167.0,167,167,0.0,0.0,0,0,0,0,0,0,,0,0,1,0,167,0,benign
50789.0,5355.0,17,0.4196209907531738,4.766205800167953,357.46543501259646,2,150,75.0,75,75,0.0,0.4172549247741699,0,0,0,0,0,0,,0,0,2,0,150,0,benign
61347.0,3702.0,17,6.075441837310791,1.1521795759793585,804.221344033592,7,4886,698.0,698,698,0.0,1.0108944574991865,0,0,0,0,0,0,,0,0,7,0,4886,0,benign
37525.0,53.0,17,1e-06,1000000.0,90000000.0,1,90,90.0,90,90,0.0,0.0,0,0,0,0,0,0,,0,0,1,0,90,0,benign
60368.0,53.0,17,1e-06,1000000.0,90000000.0,1,90,90.0,90,90,0.0,0.0,0,0,0,0,0,0,,0,0,1,0,90,0,benign
53.0,37525.0,17,1e-06,1000000.0,141000000.0,1,141,141.0,141,141,0.0,0.0,0,0,0,0,0,0,,0,0,1,0,141,0,benign
53.0,60368.0,17,1e-06,1000000.0,153000000.0,1,153,153.0,153,153,0.0,0.0,0,0,0,0,0,0,,0,0,1,0,153,0,benign
36804.0,443.0,6,1e-06,1000000.0,66000000.0,1,66,66.0,66,66,0.0,0.0,0,0,0,0,0,1,501.0,0,1,1,0,66,0,benign
57621.0,57621.0,17,1e-06,1000000.0,86000000.0,1,86,86.0,86,86,0.0,0.0,0,0,0,0,0,0,,0,0,1,0,86,0,benign
57621.0,57621.0,17,1e-06,1000000.0,86000000.0,1,86,86.0,86,86,0.0,0.0,0,0,0,0,0,0,,0,0,1,0,86,0,benign
56580.0,1900.0,17,3.015509366989136,1.3264757336813842,281.2128555404534,4,848,212.0,212,212,0.0,1.0092724164326985,0,0,0,0,0,0,,0,0,4,0,848,0,benign
60312.0,5355.0,17,0.4146876335144043,4.822907264078155,361.7180448058616,2,150,75.0,75,75,0.0,0.4113221168518066,0,0,0,0,0,0,,0,0,2,0,150,0,benign
137.0,137.0,17,13.441202878952026,1.33916585904575,123.203259032209,18,1656,92.0,92,92,0.0,0.7907489608315861,0,0,0,0,0,0,,0,0,18,0,1656,0,benign
5353.0,5353.0,17,12.945809125900269,0.8496958276630736,68.82536204070897,11,891,81.0,81,81,0.0,1.2933162212371827,0,0,0,0,0,0,,0,0,11,0,891,0,benign
60144.0,5355.0,17,0.4148228168487549,4.8213355648881855,361.6001673666139,2,150,75.0,75,75,0.0,0.415647029876709,0,0,0,0,0,0,,0,0,2,0,150,0,benign
56216.0,443.0,6,0.7131145000457764,19.632190902164112,2533.954925729325,14,1807,129.07142857142858,66,583,150.7277036889392,0.0541907640603872,1,0,1,0,3,13,64240.0,0,18,14,0,1807,0,benign
443.0,56216.0,6,0.7122585773468018,19.65578294915126,33965.192936133375,14,24192,1728.0,66,2962,1323.1304953375943,0.0541899937849778,1,0,1,0,9,14,41352.0,0,25,14,0,24192,0,benign
5353.0,5353.0,17,10.03714156150818,4.084828309808091,321.4062470107537,41,3226,78.6829268292683,70,81,3.810767799212148,0.2501720368862152,0,0,0,0,0,0,,0,0,41,0,3226,0,benign
5353.0,5353.0,17,10.045692205429075,4.379986873997663,345.1230566397705,44,3467,78.79545454545455,70,81,3.794607835573106,0.2329858901888825,0,0,0,0,0,0,,0,0,44,0,3467,0,benign
63029.0,5355.0,17,0.4113662242889404,4.861847866720375,364.63859000402806,2,150,75.0,75,75,0.0,0.4121196269989013,0,0,0,0,0,0,,0,0,2,0,150,0,benign
59734.0,5355.0,17,0.4183695316314697,4.780462841547805,358.53471311608536,2,150,75.0,75,75,0.0,0.4174842834472656,0,0,0,0,0,0,,0,0,2,0,150,0,benign
5353.0,5353.0,17,14.05506944656372,1.5652715259531294,126.78699360220348,22,1782,81.0,81,81,0.0,0.6693213553655715,0,0,0,0,0,0,,0,0,22,0,1782,0,benign
57621.0,57621.0,17,1e-06,1000000.0,86000000.0,1,86,86.0,86,86,0.0,0.0,0,0,0,0,0,0,,0,0,1,0,86,0,benign
5353.0,5353.0,17,14.479292154312134,2.900694284802577,546.2283594881806,42,7909,188.3095238095238,74,973,227.4333446277133,0.3532081755196176,0,0,0,0,0,0,,0,0,42,0,7909,0,benign
138.0,138.0,17,1e-06,1000000.0,243000000.0,1,243,243.0,243,243,0.0,0.0,0,0,0,0,0,0,,0,0,1,0,243,0,benign
59345.0,5355.0,17,0.414104700088501,4.829696450131011,362.2272337598258,2,150,75.0,75,75,0.0,0.4146409034729004,0,0,0,0,0,0,,0,0,2,0,150,0,benign
5353.0,5353.0,17,1e-06,1000000.0,87000000.0,1,87,87.0,87,87,0.0,0.0,0,0,0,0,0,0,,0,0,1,0,87,0,benign
55928.0,3702.0,17,5.849041700363159,1.1967772429397074,835.3505155719158,7,4886,698.0,698,698,0.0,0.975977341334025,0,0,0,0,0,0,,0,0,7,0,4886,0,benign
53866.0,1900.0,17,3.029275417327881,0.6602238900298465,116.85962853528282,2,354,177.0,177,177,0.0,3.03222918510437,0,0,0,0,0,0,,0,0,2,0,354,0,benign
5353.0,5353.0,17,0.7412762641906738,8.094148281613746,1745.6379794013646,6,1294,215.66666666666663,82,385,147.72226191968042,0.1503465175628662,0,0,0,0,0,0,,0,0,6,0,1294,0,benign
52309.0,5355.0,17,0.4230456352233886,4.727622349640607,354.5716762230456,2,150,75.0,75,75,0.0,0.4130032062530517,0,0,0,0,0,0,,0,0,2,0,150,0,benign
56226.0,443.0,6,0.7682323455810547,22.128721991186147,3707.211778288126,17,2848,167.52941176470588,66,902,234.3387285658996,0.0480429232120513,1,0,1,0,4,16,64240.0,0,22,17,0,2848,0,benign
443.0,56226.0,6,0.7599062919616699,25.003082881380287,31822.344749344116,19,24182,1272.7368421052631,66,2962,1192.2299294508432,0.0425907373428344,1,0,1,0,13,19,41352.0,0,34,19,0,24182,0,benign
65309.0,5355.0,17,0.4331133365631103,4.617728966442421,332.4764855838543,2,144,72.0,72,72,0.0,0.4239344596862793,0,0,0,0,0,0,,0,0,2,0,144,0,benign
137.0,137.0,17,14.795470476150513,1.1490002989362906,105.70802750213872,17,1564,92.0,92,92,0.0,0.9255627542734146,0,0,0,0,0,0,,0,0,17,0,1564,0,benign
5353.0,5353.0,17,0.7793738842010498,7.698487364829664,1176.585485591467,6,917,152.83333333333334,83,259,79.04534563569614,0.1553382396697998,0,0,0,0,0,0,,0,0,6,0,917,0,benign
54383.0,1900.0,17,3.0242860317230225,1.3226262192273808,280.39675847620475,4,848,212.0,212,212,0.0,1.0081359545389812,0,0,0,0,0,0,,0,0,4,0,848,0,benign
60601.0,5355.0,17,0.4052853584289551,4.934794604356752,355.3052115136862,2,144,72.0,72,72,0.0,0.4054112434387207,0,0,0,0,0,0,,0,0,2,0,144,0,benign
65312.0,1900.0,17,3.0626182556152344,1.3060720162123045,233.7868909020025,4,716,179.0,179,179,0.0,1.0212696393330891,0,0,0,0,0,0,,0,0,4,0,716,0,benign
54387.0,5355.0,17,0.4201307296752929,4.760423027246169,357.0317270434627,2,150,75.0,75,75,0.0,0.4180464744567871,0,0,0,0,0,0,,0,0,2,0,150,0,benign
52876.0,5355.0,17,0.4097189903259277,4.881394436730936,351.4603994446274,2,144,72.0,72,72,0.0,0.4123873710632324,0,0,0,0,0,0,,0,0,2,0,144,0,benign
5353.0,5353.0,17,15.010001420974731,1.0659559284013032,207.86140603825413,16,3120,195.0,83,310,114.17647159842814,1.0007235209147136,0,0,0,0,0,0,,0,0,16,0,3120,0,benign
54753.0,5355.0,17,0.4165234565734863,4.801650347504846,360.1237760628634,2,150,75.0,75,75,0.0,0.4182996749877929,0,0,0,0,0,0,,0,0,2,0,150,0,benign
57621.0,57621.0,17,1e-06,1000000.0,86000000.0,1,86,86.0,86,86,0.0,0.0,0,0,0,0,0,0,,0,0,1,0,86,0,benign
53102.0,53.0,17,1e-06,1000000.0,86000000.0,1,86,86.0,86,86,0.0,0.0,0,0,0,0,0,0,,0,0,1,0,86,0,benign
53.0,53102.0,17,1e-06,1000000.0,279000000.0,1,279,279.0,279,279,0.0,0.0,0,0,0,0,0,0,,0,0,1,0,279,0,benign
37174.0,53.0,17,1e-06,1000000.0,86000000.0,1,86,86.0,86,86,0.0,0.0,0,0,0,0,0,0,,0,0,1,0,86,0,benign
53.0,37174.0,17,1e-06,1000000.0,315000000.0,1,315,315.0,315,315,0.0,0.0,0,0,0,0,0,0,,0,0,1,0,315,0,benign
52036.0,443.0,6,1.3883132934570312,130.37403074149992,10271.45678659552,181,14260,78.78453038674033,66,949,87.08739533381532,0.0077097230487399,1,0,0,0,5,180,64240.0,0,186,181,0,14260,0,benign
443.0,52036.0,6,1.2666304111480713,145.26731584884558,406090.8339740388,184,514367,2795.4728260869565,66,2962,604.5268929376639,0.0069281690107668,1,0,0,0,176,184,41352.0,0,361,184,0,514367,0,benign
57621.0,57621.0,17,1e-06,1000000.0,86000000.0,1,86,86.0,86,86,0.0,0.0,0,0,0,0,0,0,,0,0,1,0,86,0,benign
52128.0,5355.0,17,0.4158902168273926,4.808961401537518,346.2452209107013,2,144,72.0,72,72,0.0,0.4147462844848633,0,0,0,0,0,0,,0,0,2,0,144,0,benign
137.0,137.0,17,2.276104211807251,5.272166334805854,579.9382968286438,12,1320,110.0,110,110,0.0,0.2072900425304066,0,0,0,0,0,0,,0,0,12,0,1320,0,benign
57174.0,443.0,6,1e-06,1000000.0,66000000.0,1,66,66.0,66,66,0.0,0.0,0,1,0,0,0,1,501.0,0,2,1,0,66,0,benign
39760.0,443.0,6,1e-06,1000000.0,66000000.0,1,66,66.0,66,66,0.0,0.0,0,1,0,0,0,1,501.0,0,2,1,0,66,0,benign
34746.0,443.0,6,1e-06,1000000.0,66000000.0,1,66,66.0,66,66,0.0,0.0,0,1,0,0,0,1,868.0,0,2,1,0,66,0,benign
53096.0,1900.0,17,1e-06,1000000.0,167000000.0,1,167,167.0,167,167,0.0,0.0,0,0,0,0,0,0,,0,0,1,0,167,0,benign
53187.0,5355.0,17,0.4145123958587646,4.824946177680662,361.87096332604966,2,150,75.0,75,75,0.0,0.4166879653930664,0,0,0,0,0,0,,0,0,2,0,150,0,benign
46520.0,80.0,6,1e-06,1000000.0,66000000.0,1,66,66.0,66,66,0.0,0.0,0,0,0,0,0,1,495.0,0,1,1,0,66,0,benign
38985.0,53.0,17,1e-06,1000000.0,87000000.0,1,87,87.0,87,87,0.0,0.0,0,0,0,0,0,0,,0,0,1,0,87,0,benign
52049.0,53.0,17,1e-06,1000000.0,87000000.0,1,87,87.0,87,87,0.0,0.0,0,0,0,0,0,0,,0,0,1,0,87,0,benign
46626.0,443.0,6,0.8000388145446777,24.99878710432631,3857.3128501975502,20,3086,154.3,66,922,222.84951259349413,0.0421951068075079,1,0,1,0,4,19,64240.0,0,25,20,0,3086,0,benign
53.0,38985.0,17,1e-06,1000000.0,278000000.0,1,278,278.0,278,278,0.0,0.0,0,0,0,0,0,0,,0,0,1,0,278,0,benign
137.0,137.0,17,2.2780885696411133,5.267573947702333,579.4331342472566,12,1320,110.0,110,110,0.0,0.2063274383544922,0,0,0,0,0,0,,0,0,12,0,1320,0,benign
53.0,52049.0,17,1e-06,1000000.0,314000000.0,1,314,314.0,314,314,0.0,0.0,0,0,0,0,0,0,,0,0,1,0,314,0,benign
443.0,46626.0,6,0.798306941986084,26.305671284474524,40539.54475140233,21,32363,1541.095238095238,66,2962,1231.3190043511026,0.0400351762771606,1,0,1,0,15,21,41352.0,0,38,21,0,32363,0,benign
59764.0,443.0,6,1e-06,1000000.0,66000000.0,1,66,66.0,66,66,0.0,0.0,0,0,0,0,0,1,524.0,0,1,1,0,66,0,benign
5353.0,5353.0,17,0.019317626953125,103.53238546603475,10042.641390205372,2,194,97.0,91,103,8.48528137423857,0.0120885372161865,0,0,0,0,0,0,,0,0,2,0,194,0,benign
5353.0,5353.0,17,1e-06,1000000.0,91000000.0,1,91,91.0,91,91,0.0,0.0,0,0,0,0,0,0,,0,0,1,0,91,0,benign
5353.0,5353.0,17,1e-06,1000000.0,133000000.0,1,133,133.0,133,133,0.0,0.0,0,0,0,0,0,0,,0,0,1,0,133,0,benign
5353.0,5353.0,17,1e-06,1000000.0,136000000.0,1,136,136.0,136,136,0.0,0.0,0,0,0,0,0,0,,0,0,1,0,136,0,benign
49933.0,3544.0,17,1e-06,1000000.0,82000000.0,1,82,82.0,82,82,0.0,0.0,0,0,0,0,0,0,,0,0,1,0,82,0,benign
5353.0,5353.0,17,10.247581720352173,0.7806719886030895,140.81370994428227,8,1443,180.375,82,363,123.7473664943449,1.4643288339887346,0,0,0,0,0,0,,0,0,8,0,1443,0,benign
61403.0,5355.0,17,0.4075353145599365,4.907550164479939,368.0662623359954,2,150,75.0,75,75,0.0,0.4097073078155517,0,0,0,0,0,0,,0,0,2,0,150,0,benign
57621.0,57621.0,17,1e-06,1000000.0,86000000.0,1,86,86.0,86,86,0.0,0.0,0,0,0,0,0,0,,0,0,1,0,86,0,benign
49925.0,21027.0,17,1e-06,1000000.0,343000000.0,1,343,343.0,343,343,0.0,0.0,0,0,0,0,0,0,,0,0,1,0,343,0,benign
50233.0,5355.0,17,0.4297444820404053,4.653928284323978,349.0446213242984,2,150,75.0,75,75,0.0,0.4153065681457519,0,0,0,0,0,0,,0,0,2,0,150,0,benign
5353.0,5353.0,17,0.7772462368011475,7.719561338365224,1594.0894163724188,6,1239,206.5,93,363,126.54445859064712,0.1531191825866699,0,0,0,0,0,0,,0,0,6,0,1239,0,benign
38868.0,443.0,6,0.790349006652832,24.040012500889905,3729.997729085444,19,2948,155.1578947368421,66,886,219.529867155017,0.043929550382826,1,0,1,0,4,18,64240.0,0,24,19,0,2948,0,benign
443.0,38868.0,6,0.7872076034545898,24.135945736067853,38982.09298961653,19,30687,1615.1052631578948,66,2962,1242.13127302037,0.0438660515679253,1,0,1,0,13,19,41352.0,0,34,19,0,30687,0,benign
5353.0,5353.0,17,15.093963861465454,0.3975098956820656,32.19830155024731,6,486,81.0,81,81,0.0,3.019307041168213,0,0,0,0,0,0,,0,0,6,0,486,0,benign
17500.0,17500.0,17,0.0075366497039794,530.7398057638164,93410.20581443168,4,704,176.0,176,176,0.0,0.001971960067749,0,0,0,0,0,0,,0,0,4,0,704,0,benign
17500.0,17500.0,17,1e-06,1000000.0,176000000.0,1,176,176.0,176,176,0.0,0.0,0,0,0,0,0,0,,0,0,1,0,176,0,benign
137.0,137.0,17,14.845517873764038,0.5388831880454719,49.577253300183415,8,736,92.0,92,92,0.0,2.1213509695870534,0,0,0,0,0,0,,0,0,8,0,736,0,benign
51670.0,5355.0,17,0.4092686176300049,4.886766084293518,366.50745632201387,2,150,75.0,75,75,0.0,0.4124796390533447,0,0,0,0,0,0,,0,0,2,0,150,0,benign
56216.0,443.0,6,1e-06,1000000.0,66000000.0,1,66,66.0,66,66,0.0,0.0,0,0,0,0,0,1,524.0,0,1,1,0,66,0,benign
57621.0,57621.0,17,1e-06,1000000.0,86000000.0,1,86,86.0,86,86,0.0,0.0,0,0,0,0,0,0,,0,0,1,0,86,0,benign
54207.0,5355.0,17,0.4238409996032715,4.718750667991211,353.90630009934085,2,150,75.0,75,75,0.0,0.4168429374694824,0,0,0,0,0,0,,0,0,2,0,150,0,benign
49382.0,5355.0,17,1e-06,1000000.0,68000000.0,1,68,68.0,68,68,0.0,0.0,0,0,0,0,0,0,,0,0,1,0,68,0,benign
57621.0,57621.0,17,1e-06,1000000.0,86000000.0,1,86,86.0,86,86,0.0,0.0,0,0,0,0,0,0,,0,0,1,0,86,0,benign
50165.0,1900.0,17,3.0271897315979004,1.3213575476448918,280.1278001007171,4,848,212.0,212,212,0.0,1.0040760040283203,0,0,0,0,0,0,,0,0,4,0,848,0,benign
55190.0,5355.0,17,0.4101889133453369,4.875802185117094,365.685163883782,2,150,75.0,75,75,0.0,0.4064490795135498,0,0,0,0,0,0,,0,0,2,0,150,0,benign
5353.0,5353.0,17,13.460290670394896,0.2228778020818168,23.32787661789683,3,314,104.66666666666669,72,132,30.35347316755256,6.730229735374451,0,0,0,0,0,0,,0,0,3,0,314,0,benign
63680.0,5355.0,17,1e-06,1000000.0,66000000.0,1,66,66.0,66,66,0.0,0.0,0,0,0,0,0,0,,0,0,1,0,66,0,benign
5353.0,5353.0,17,13.429199695587158,0.1489292024346917,18.020433494597697,2,242,121.0,110,132,15.556349186104043,13.419085025787354,0,0,0,0,0,0,,0,0,2,0,242,0,benign
17500.0,17500.0,17,1e-06,1000000.0,176000000.0,1,176,176.0,176,176,0.0,0.0,0,0,0,0,0,0,,0,0,1,0,176,0,benign
5353.0,5353.0,17,0.7992093563079834,7.507419617454828,1888.116033789889,6,1509,251.5,93,453,175.21843510315915,0.1567177295684814,0,0,0,0,0,0,,0,0,6,0,1509,0,benign
5353.0,5353.0,17,15.074613809585571,1.4594072045819673,118.21198357113936,22,1782,81.0,81,81,0.0,0.7177628449031285,0,0,0,0,0,0,,0,0,22,0,1782,0,benign
137.0,137.0,17,1.50856351852417,1.988646790911996,182.95550476390363,3,276,92.0,92,92,0.0,0.7541083097457886,0,0,0,0,0,0,,0,0,3,0,276,0,benign
62898.0,1900.0,17,1e-06,1000000.0,167000000.0,1,167,167.0,167,167,0.0,0.0,0,0,0,0,0,0,,0,0,1,0,167,0,benign
138.0,138.0,17,1e-06,1000000.0,243000000.0,1,243,243.0,243,243,0.0,0.0,0,0,0,0,0,0,,0,0,1,0,243,0,benign
56226.0,443.0,6,1e-06,1000000.0,66000000.0,1,66,66.0,66,66,0.0,0.0,0,0,0,0,0,1,524.0,0,1,1,0,66,0,benign
137.0,137.0,17,15.3651442527771,1.1064002862796043,101.7888263377236,17,1564,92.0,92,92,0.0,0.9595097303390504,0,0,0,0,0,0,,0,0,17,0,1564,0,benign
5353.0,5353.0,17,10.045470237731934,5.674199280975567,449.0581220435225,57,4511,79.14035087719299,70,93,3.9389927850150985,0.178832790681294,0,0,0,0,0,0,,0,0,57,0,4511,0,benign
5353.0,5353.0,17,10.036205530166626,5.380519543734719,424.9614047042329,54,4265,78.98148148148148,70,93,4.109311748556005,0.1892473427754528,0,0,0,0,0,0,,0,0,54,0,4265,0,benign
5353.0,5353.0,17,1e-06,1000000.0,139000000.0,1,139,139.0,139,139,0.0,0.0,0,0,0,0,0,0,,0,0,1,0,139,0,benign
5353.0,5353.0,17,1e-06,1000000.0,139000000.0,1,139,139.0,139,139,0.0,0.0,0,0,0,0,0,0,,0,0,1,0,139,0,benign
5353.0,5353.0,17,1e-06,1000000.0,139000000.0,1,139,139.0,139,139,0.0,0.0,0,0,0,0,0,0,,0,0,1,0,139,0,benign
5353.0,5353.0,17,1e-06,1000000.0,139000000.0,1,139,139.0,139,139,0.0,0.0,0,0,0,0,0,0,,0,0,1,0,139,0,benign
5353.0,5353.0,17,1e-06,1000000.0,132000000.0,1,132,132.0,132,132,0.0,0.0,0,0,0,0,0,0,,0,0,1,0,132,0,benign
5353.0,5353.0,17,9.789239406585692,1.736600699392772,136.7828433227601,17,1339,78.76470588235294,75,139,15.52228000232531,0.6119420975446701,0,0,0,0,0,0,,0,0,17,0,1339,0,benign
60543.0,5355.0,17,0.4227461814880371,4.730971177457214,354.82283830929106,2,150,75.0,75,75,0.0,0.4224474430084228,0,0,0,0,0,0,,0,0,2,0,150,0,benign
5353.0,5353.0,17,15.001426458358765,1.133225566727865,228.0449802221192,17,3421,201.23529411764707,83,310,113.50084218397056,0.9382404237985612,0,0,0,0,0,0,,0,0,17,0,3421,0,benign
57188.0,3702.0,17,6.839393138885498,1.0234826186845978,714.3908678418492,7,4886,698.0,698,698,0.0,1.141849120457967,0,0,0,0,0,0,,0,0,7,0,4886,0,benign
60996.0,5355.0,17,0.4185323715209961,4.778602889740078,329.7235993920654,2,138,69.0,69,69,0.0,0.409991979598999,0,0,0,0,0,0,,0,0,2,0,138,0,benign
51234.0,5355.0,17,0.4226288795471191,4.732284273008416,326.5276148375807,2,138,69.0,69,69,0.0,0.409991979598999,0,0,0,0,0,0,,0,0,2,0,138,0,benign
137.0,137.0,17,4.172287225723267,1.438060151517948,132.30153393965122,6,552,92.0,92,92,0.0,0.8347753047943115,0,0,0,0,0,0,,0,0,6,0,552,0,benign
51196.0,1900.0,17,3.023491859436035,1.32297362981692,280.47040952118704,4,848,212.0,212,212,0.0,1.0078163146972656,0,0,0,0,0,0,,0,0,4,0,848,0,benign
5353.0,5353.0,17,0.0056605339050292,706.647123241513,70664.71232415129,4,400,100.0,81,119,21.93931022920578,0.0008610089619954,0,0,0,0,0,0,,0,0,4,0,400,0,benign
63338.0,5355.0,17,1e-06,1000000.0,75000000.0,1,75,75.0,75,75,0.0,0.0,0,0,0,0,0,0,,0,0,1,0,75,0,benign
57621.0,57621.0,17,1e-06,1000000.0,86000000.0,1,86,86.0,86,86,0.0,0.0,0,0,0,0,0,0,,0,0,1,0,86,0,benign
5353.0,5353.0,17,0.776902437210083,7.722977445593382,2027.2815794682629,6,1575,262.5,93,475,187.16596912900596,0.1544836521148681,0,0,0,0,0,0,,0,0,6,0,1575,0,benign
57621.0,57621.0,17,1e-06,1000000.0,86000000.0,1,86,86.0,86,86,0.0,0.0,0,0,0,0,0,0,,0,0,1,0,86,0,benign
5353.0,5353.0,17,2.0026931762695312,0.998655222726355,210.2169243838977,2,421,210.5,106,315,147.78531726798843,2.000126838684082,0,0,0,0,0,0,,0,0,2,0,421,0,benign
51171.0,5355.0,17,0.414764404296875,4.822014568464425,361.6510926348319,2,150,75.0,75,75,0.0,0.41762375831604,0,0,0,0,0,0,,0,0,2,0,150,0,benign
46626.0,443.0,6,1e-06,1000000.0,66000000.0,1,66,66.0,66,66,0.0,0.0,0,0,0,0,0,1,614.0,0,1,1,0,66,0,benign
49238.0,5355.0,17,0.4277284145355224,4.675864244772781,322.63463288932195,2,138,69.0,69,69,0.0,0.406358003616333,0,0,0,0,0,0,,0,0,2,0,138,0,benign
55749.0,5355.0,17,0.4287872314453125,4.664317995800861,321.83794171025943,2,138,69.0,69,69,0.0,0.4139065742492676,0,0,0,0,0,0,,0,0,2,0,138,0,benign
49810.0,443.0,6,0.6938292980194092,23.060427176646,4051.428799596994,16,2811,175.6875,66,918,244.39850483721597,0.0462633927663167,1,0,1,0,4,15,64240.0,0,21,16,0,2811,0,benign
443.0,49810.0,6,0.6891682147979736,30.47151558804268,30201.625021405733,21,20814,991.1428571428572,66,2962,1154.1737861221025,0.0346470355987548,1,0,1,0,17,21,41352.0,0,40,21,0,20814,0,benign
50311.0,5355.0,17,0.418675422668457,4.7769701580591,358.27276185443253,2,150,75.0,75,75,0.0,0.4187049865722656,0,0,0,0,0,0,,0,0,2,0,150,0,benign
54401.0,1900.0,17,3.0051381587982178,1.3310536117246723,279.5212584621812,4,840,210.0,210,210,0.0,1.0010103384653728,0,0,0,0,0,0,,0,0,4,0,840,0,benign
38681.0,1900.0,17,3.013890027999878,1.3271884384761508,278.70957207999163,4,840,210.0,210,210,0.0,1.000991900761922,0,0,0,0,0,0,,0,0,4,0,840,0,benign
52795.0,1900.0,17,3.0294029712677,1.320392182201544,279.9231426267273,4,848,212.0,212,212,0.0,1.009815533955892,0,0,0,0,0,0,,0,0,4,0,848,0,benign
5353.0,5353.0,17,12.019726276397703,0.1663931402437391,18.22004885668944,2,219,109.5,87,132,31.81980515339464,12.005193948745728,0,0,0,0,0,0,,0,0,2,0,219,0,benign
63114.0,5355.0,17,0.4125494956970215,4.84790315067749,363.5927363008117,2,150,75.0,75,75,0.0,0.4123084545135498,0,0,0,0,0,0,,0,0,2,0,150,0,benign
38868.0,443.0,6,1e-06,1000000.0,66000000.0,1,66,66.0,66,66,0.0,0.0,0,0,0,0,0,1,580.0,0,1,1,0,66,0,benign
50221.0,5355.0,17,0.4078209400177002,4.904113064702358,367.8084798526768,2,150,75.0,75,75,0.0,0.4186863899230957,0,0,0,0,0,0,,0,0,2,0,150,0,benign
64569.0,5355.0,17,0.4236280918121338,4.721122226443234,339.92080030391287,2,144,72.0,72,72,0.0,0.4213864803314209,0,0,0,0,0,0,,0,0,2,0,144,0,benign
5353.0,5353.0,17,0.7990720272064209,7.508709848067357,1550.5485836259093,6,1239,206.5,93,363,126.54445859064712,0.1585723876953125,0,0,0,0,0,0,,0,0,6,0,1239,0,benign
137.0,137.0,17,11.926716804504396,1.3415259423244823,123.4203866938524,16,1472,92.0,92,92,0.0,0.7951594511667888,0,0,0,0,0,0,,0,0,16,0,1472,0,benign
54790.0,443.0,6,11.28436279296875,15.242331636764874,1405.9278570771785,172,15865,92.23837209302326,66,1016,143.15286939509062,0.0660060874202795,1,0,1,0,7,171,64240.0,0,180,172,0,15865,0,benign
443.0,54790.0,6,11.28609538078308,15.328596309275252,41300.37752415827,173,466120,2694.335260115607,66,2962,729.1295724758379,0.0656237130941346,1,0,1,0,160,173,41352.0,0,335,173,0,466120,0,benign
59746.0,1900.0,17,3.078719139099121,1.2992416064202787,232.56424754922992,4,716,179.0,179,179,0.0,1.025895118713379,0,0,0,0,0,0,,0,0,4,0,716,0,benign
5353.0,5353.0,17,1e-06,1000000.0,83000000.0,1,83,83.0,83,83,0.0,0.0,0,0,0,0,0,0,,0,0,1,0,83,0,benign
5353.0,5353.0,17,1e-06,1000000.0,139000000.0,1,139,139.0,139,139,0.0,0.0,0,0,0,0,0,0,,0,0,1,0,139,0,benign
5353.0,5353.0,17,1e-06,1000000.0,139000000.0,1,139,139.0,139,139,0.0,0.0,0,0,0,0,0,0,,0,0,1,0,139,0,benign
55038.0,5355.0,17,0.4217050075531006,4.742651768839056,341.47092735641206,2,144,72.0,72,72,0.0,0.4220759868621826,0,0,0,0,0,0,,0,0,2,0,144,0,benign
5353.0,5353.0,17,0.0013351440429687,1497.9657142857145,149796.57142857142,2,200,100.0,81,119,26.87005768508881,0.0,0,0,0,0,0,0,,0,0,2,0,200,0,benign
53027.0,5355.0,17,1e-06,1000000.0,75000000.0,1,75,75.0,75,75,0.0,0.0,0,0,0,0,0,0,,0,0,1,0,75,0,benign
53866.0,1900.0,17,6.02441930770874,0.4979733061012624,89.13722179212597,3,537,179.0,179,179,0.0,3.0117194652557373,0,0,0,0,0,0,,0,0,3,0,537,0,benign
5353.0,5353.0,17,10.546565532684326,0.9481759696092068,76.80225353834574,10,810,81.0,81,81,0.0,1.17222351498074,0,0,0,0,0,0,,0,0,10,0,810,0,benign
51997.0,5355.0,17,0.4159705638885498,4.808032523512544,360.6024392634408,2,150,75.0,75,75,0.0,0.4170317649841308,0,0,0,0,0,0,,0,0,2,0,150,0,benign
60510.0,5355.0,17,0.4275457859039306,4.677861566970044,336.80603282184313,2,144,72.0,72,72,0.0,0.4249050617218017,0,0,0,0,0,0,,0,0,2,0,144,0,benign
49463.0,3702.0,17,6.868452548980713,1.0191524146204969,711.3683854051068,7,4886,698.0,698,698,0.0,1.1449020306269329,0,0,0,0,0,0,,0,0,7,0,4886,0,benign
5353.0,5353.0,17,1e-06,1000000.0,87000000.0,1,87,87.0,87,87,0.0,0.0,0,0,0,0,0,0,,0,0,1,0,87,0,benign
49610.0,5355.0,17,0.4206256866455078,4.754821361362905,356.61160210221783,2,150,75.0,75,75,0.0,0.4151227474212646,0,0,0,0,0,0,,0,0,2,0,150,0,benign
52493.0,1900.0,17,1e-06,1000000.0,167000000.0,1,167,167.0,167,167,0.0,0.0,0,0,0,0,0,0,,0,0,1,0,167,0,benign
5353.0,5353.0,17,0.7901828289031982,29.107187803517338,14013.212632536848,23,11073,481.4347826086956,84,1514,528.5819645813054,0.0359103679656982,0,0,0,0,0,0,,0,0,23,0,11073,0,benign
5353.0,5353.0,17,1e-06,1000000.0,362000000.0,1,362,362.0,362,362,0.0,0.0,0,0,0,0,0,0,,0,0,1,0,362,0,benign
,,17,0.4774351119995117,75.40291674240503,106613.4406973655,36,50901,1413.9166666666667,313,1514,336.64745230412353,0.0148267814091273,0,0,0,0,0,0,,0,0,36,0,50901,0,benign
56047.0,5355.0,17,0.428445816040039,4.668034848572535,336.0985090972225,2,144,72.0,72,72,0.0,0.4254319667816162,0,0,0,0,0,0,,0,0,2,0,144,0,benign
5353.0,5353.0,17,14.058346509933472,2.062831498676528,167.08935139279876,29,2349,81.0,81,81,0.0,0.5021953497614179,0,0,0,0,0,0,,0,0,29,0,2349,0,benign
137.0,137.0,17,2.2748446464538574,5.27508549592879,580.259404552167,12,1320,110.0,110,110,0.0,0.2063404213298451,0,0,0,0,0,0,,0,0,12,0,1320,0,benign
58460.0,5355.0,17,0.4137892723083496,4.833378083590407,362.5033562692805,2,150,75.0,75,75,0.0,0.4138848781585693,0,0,0,0,0,0,,0,0,2,0,150,0,benign
55932.0,1900.0,17,1e-06,1000000.0,167000000.0,1,167,167.0,167,167,0.0,0.0,0,0,0,0,0,0,,0,0,1,0,167,0,benign
54666.0,1900.0,17,1e-06,1000000.0,167000000.0,1,167,167.0,167,167,0.0,0.0,0,0,0,0,0,0,,0,0,1,0,167,0,benign
57228.0,53.0,17,1e-06,1000000.0,86000000.0,1,86,86.0,86,86,0.0,0.0,0,0,0,0,0,0,,0,0,1,0,86,0,benign
53.0,57228.0,17,1e-06,1000000.0,279000000.0,1,279,279.0,279,279,0.0,0.0,0,0,0,0,0,0,,0,0,1,0,279,0,benign
49262.0,53.0,17,1e-06,1000000.0,86000000.0,1,86,86.0,86,86,0.0,0.0,0,0,0,0,0,0,,0,0,1,0,86,0,benign
53.0,49262.0,17,1e-06,1000000.0,315000000.0,1,315,315.0,315,315,0.0,0.0,0,0,0,0,0,0,,0,0,1,0,315,0,benign
51124.0,5355.0,17,0.4154174327850342,4.814434451129399,361.0825838347049,2,150,75.0,75,75,0.0,0.4162697792053222,0,0,0,0,0,0,,0,0,2,0,150,0,benign
57621.0,57621.0,17,3.7004802227020255,0.8107055893976518,69.72068068819806,3,258,86.0,86,86,0.0,1.8528599739074707,0,0,0,0,0,0,,0,0,3,0,258,0,benign
5353.0,5353.0,17,10.093421697616575,2.278711886716388,251.54997740751784,23,2539,110.3913043478261,77,439,93.84742895225536,0.4588306275281039,0,0,0,0,0,0,,0,0,23,0,2539,0,benign
52081.0,5355.0,17,0.4142177104949951,4.828378771178026,362.128407838352,2,150,75.0,75,75,0.0,0.4153585433959961,0,0,0,0,0,0,,0,0,2,0,150,0,benign
49475.0,5355.0,17,0.4157736301422119,4.810309877795561,375.20417046805375,2,156,78.0,78,78,0.0,0.4144525527954101,0,0,0,0,0,0,,0,0,2,0,156,0,benign
49638.0,3702.0,17,13.998664140701294,0.9286600399392636,648.204707877606,13,9074,698.0,698,698,0.0,1.1668476661046343,0,0,0,0,0,0,,0,0,13,0,9074,0,benign
137.0,137.0,17,14.812774658203123,1.3501859348764382,124.21710600863231,20,1840,92.0,92,92,0.0,0.7800438153116327,0,0,0,0,0,0,,0,0,20,0,1840,0,benign
5353.0,5353.0,17,1e-06,1000000.0,87000000.0,1,87,87.0,87,87,0.0,0.0,0,0,0,0,0,0,,0,0,1,0,87,0,benign
5353.0,5353.0,17,1e-06,1000000.0,87000000.0,1,87,87.0,87,87,0.0,0.0,0,0,0,0,0,0,,0,0,1,0,87,0,benign
65239.0,1900.0,17,12.07225775718689,0.5798418275017977,103.7916871228218,7,1253,179.0,179,179,0.0,2.012033303578695,0,0,0,0,0,0,,0,0,7,0,1253,0,benign
5353.0,5353.0,17,15.01043963432312,1.1325451095467929,213.58468360041283,17,3206,188.58823529411765,83,310,113.66785980628462,0.93837708234787,0,0,0,0,0,0,,0,0,17,0,3206,0,benign
58337.0,3702.0,17,2.0036866664886475,0.9981600583812298,696.7157207500984,2,1396,698.0,698,698,0.0,2.009572744369507,0,0,0,0,0,0,,0,0,2,0,1396,0,benign
51278.0,5355.0,17,0.4134302139282226,4.837575805108497,362.8181853831373,2,150,75.0,75,75,0.0,0.412161111831665,0,0,0,0,0,0,,0,0,2,0,150,0,benign
60092.0,443.0,6,1.6834564208984375,5.940159707052671,901.12222755989,10,1517,151.7,66,583,171.2088068866656,0.1874026722378201,1,0,1,0,3,9,64240.0,0,14,10,0,1517,0,benign
443.0,60092.0,6,1.687091827392578,4.741887708841611,3401.118959166646,8,5738,717.25,66,2962,1199.4809294023812,0.2410225868225097,1,0,1,0,4,8,41352.0,0,14,8,0,5738,0,benign
62302.0,5355.0,17,0.4119842052459717,4.854555040055279,378.6552931243117,2,156,78.0,78,78,0.0,0.4153089523315429,0,0,0,0,0,0,,0,0,2,0,156,0,benign
137.0,137.0,17,2.284558057785034,5.252657055095574,577.792276060513,12,1320,110.0,110,110,0.0,0.2075280276211825,0,0,0,0,0,0,,0,0,12,0,1320,0,benign
63246.0,1900.0,17,1e-06,1000000.0,167000000.0,1,167,167.0,167,167,0.0,0.0,0,0,0,0,0,0,,0,0,1,0,167,0,benign
27036.0,27036.0,17,7.100526809692383,0.7041731034906994,110.83684648943608,5,787,157.4,83,269,101.8763956959609,1.7766966223716736,0,0,0,0,0,0,,0,0,5,0,787,0,benign
63196.0,5355.0,17,0.4192657470703125,4.770244204243549,357.76831531826616,2,150,75.0,75,75,0.0,0.4201118946075439,0,0,0,0,0,0,,0,0,2,0,150,0,benign
51428.0,1900.0,17,1e-06,1000000.0,167000000.0,1,167,167.0,167,167,0.0,0.0,0,0,0,0,0,0,,0,0,1,0,167,0,benign
63639.0,5355.0,17,0.4258511066436767,4.696477169597833,352.2357877198375,2,150,75.0,75,75,0.0,0.4241034984588623,0,0,0,0,0,0,,0,0,2,0,150,0,benign
57179.0,5355.0,17,0.421677827835083,4.742957461785718,355.7218096339288,2,150,75.0,75,75,0.0,0.4201388359069824,0,0,0,0,0,0,,0,0,2,0,150,0,benign
57621.0,57621.0,17,1e-06,1000000.0,86000000.0,1,86,86.0,86,86,0.0,0.0,0,0,0,0,0,0,,0,0,1,0,86,0,benign
5353.0,5353.0,17,5.73241138458252,2.9655931613216,283.82471020413186,17,1627,95.70588235294116,70,170,31.59660722665163,0.3584982007741928,0,0,0,0,0,0,,0,0,17,0,1627,0,benign
53454.0,5355.0,17,1e-06,1000000.0,75000000.0,1,75,75.0,75,75,0.0,0.0,0,0,0,0,0,0,,0,0,1,0,75,0,benign
61275.0,5355.0,17,1e-06,1000000.0,75000000.0,1,75,75.0,75,75,0.0,0.0,0,0,0,0,0,0,,0,0,1,0,75,0,benign
5353.0,5353.0,17,10.02119755744934,3.692173494024748,294.4757832666765,37,2951,79.75675675675676,70,96,4.850002321908983,0.2779748307334052,0,0,0,0,0,0,,0,0,37,0,2951,0,benign
5353.0,5353.0,17,10.02423930168152,4.1898441104608,333.6911559402709,42,3345,79.64285714285714,70,96,4.787287171969001,0.2441534007467874,0,0,0,0,0,0,,0,0,42,0,3345,0,benign
58007.0,5355.0,17,0.4137260913848877,4.834116198244331,362.5587148683248,2,150,75.0,75,75,0.0,0.4189164638519287,0,0,0,0,0,0,,0,0,2,0,150,0,benign
58941.0,5355.0,17,0.4139325618743896,4.831704930251204,362.3778697688403,2,150,75.0,75,75,0.0,0.4133021831512451,0,0,0,0,0,0,,0,0,2,0,150,0,benign
55870.0,1900.0,17,3.0360348224639893,1.3175079450352531,279.31168434747366,4,848,212.0,212,212,0.0,1.0109784603118896,0,0,0,0,0,0,,0,0,4,0,848,0,benign
57621.0,57621.0,17,1e-06,1000000.0,86000000.0,1,86,86.0,86,86,0.0,0.0,0,0,0,0,0,0,,0,0,1,0,86,0,benign
58550.0,5355.0,17,0.4155583381652832,4.812801997500829,375.3985558050647,2,156,78.0,78,78,0.0,0.4151360988616943,0,0,0,0,0,0,,0,0,2,0,156,0,benign
49810.0,443.0,6,1e-06,1000000.0,66000000.0,1,66,66.0,66,66,0.0,0.0,0,0,0,0,0,1,501.0,0,1,1,0,66,0,benign
5353.0,5353.0,17,10.616126537322998,0.4709815752875171,62.82894214335478,5,667,133.4,82,315,102.04802790843144,2.6544384360313416,0,0,0,0,0,0,,0,0,5,0,667,0,benign
55541.0,5355.0,17,0.415271520614624,4.816126078282212,308.2320690100616,2,128,64.0,64,64,0.0,0.4131641387939453,0,0,0,0,0,0,,0,0,2,0,128,0,benign
53357.0,5355.0,17,0.4152765274047851,4.816068012557154,308.22835280365786,2,128,64.0,64,64,0.0,0.4131646156311035,0,0,0,0,0,0,,0,0,2,0,128,0,benign
49925.0,21027.0,17,1e-06,1000000.0,343000000.0,1,343,343.0,343,343,0.0,0.0,0,0,0,0,0,0,,0,0,1,0,343,0,benign
137.0,137.0,17,1.5113370418548584,3.9699946695121175,365.2395095951149,6,552,92.0,92,92,0.0,0.301232624053955,0,0,0,0,0,0,,0,0,6,0,552,0,benign
55955.0,5355.0,17,0.4227495193481445,4.730933823612348,354.8200367709261,2,150,75.0,75,75,0.0,0.418372631072998,0,0,0,0,0,0,,0,0,2,0,150,0,benign
49724.0,443.0,6,0.7602181434631348,19.731178647839517,3609.490280644775,15,2744,182.9333333333333,66,916,250.7920215940653,0.0542621782847813,1,0,1,0,4,14,64240.0,0,20,15,0,2744,0,benign
443.0,49724.0,6,0.7523901462554932,29.24014902306993,31546.13350284385,22,23735,1078.8636363636365,66,2962,1252.1331625310293,0.0361415091015043,1,0,1,0,17,22,41352.0,0,41,22,0,23735,0,benign
33096.0,53.0,17,1e-06,1000000.0,82000000.0,1,82,82.0,82,82,0.0,0.0,0,0,0,0,0,0,,0,0,1,0,82,0,benign
34015.0,53.0,17,1e-06,1000000.0,82000000.0,1,82,82.0,82,82,0.0,0.0,0,0,0,0,0,0,,0,0,1,0,82,0,benign
53.0,33096.0,17,1e-06,1000000.0,130000000.0,1,130,130.0,130,130,0.0,0.0,0,0,0,0,0,0,,0,0,1,0,130,0,benign
53.0,34015.0,17,1e-06,1000000.0,166000000.0,1,166,166.0,166,166,0.0,0.0,0,0,0,0,0,0,,0,0,1,0,166,0,benign
48178.0,443.0,6,0.6383538246154785,17.231822816485835,3245.84880688715,11,2072,188.3636363636364,66,583,198.7441937402312,0.0638094902038574,1,0,0,0,4,10,64240.0,0,15,11,0,2072,0,benign
443.0,48178.0,6,0.55251145362854,18.099172305526757,12220.561140691663,10,6752,675.2,66,2962,1000.5819195736938,0.0607267750634087,1,0,0,0,6,10,41352.0,0,17,10,0,6752,0,benign
5353.0,5353.0,17,0.8094305992126465,7.412618210673467,1669.0745337699757,6,1351,225.16666666666663,91,401,148.7338786782173,0.1601405620574951,0,0,0,0,0,0,,0,0,6,0,1351,0,benign
17500.0,17500.0,17,0.0030882358551025,1295.2378599552228,227961.8633521192,4,704,176.0,176,176,0.0,0.0012550354003906,0,0,0,0,0,0,,0,0,4,0,704,0,benign
17500.0,17500.0,17,1e-06,1000000.0,176000000.0,1,176,176.0,176,176,0.0,0.0,0,0,0,0,0,0,,0,0,1,0,176,0,benign
55008.0,443.0,6,1.2939465045928955,139.10930580289485,11017.457019589272,180,14256,79.2,66,977,100.61017197038584,0.0072316883662559,1,0,0,0,4,179,64240.0,0,184,180,0,14256,0,benign
443.0,55008.0,6,1.1776273250579834,153.69887921978034,435816.1441054621,181,513229,2835.519337016575,66,2962,538.960023163543,0.006547380818261,1,0,0,0,176,181,41352.0,0,358,181,0,513229,0,benign
54790.0,443.0,6,1e-06,1000000.0,66000000.0,1,66,66.0,66,66,0.0,0.0,0,0,0,0,0,1,5204.0,0,1,1,0,66,0,benign
63486.0,3702.0,17,5.158841848373413,1.3568936993498075,947.1118021461656,7,4886,698.0,698,698,0.0,0.8596421877543131,0,0,0,0,0,0,,0,0,7,0,4886,0,benign
60845.0,5355.0,17,0.4234933853149414,4.722623940188936,354.1967955141702,2,150,75.0,75,75,0.0,0.4203882217407226,0,0,0,0,0,0,,0,0,2,0,150,0,benign
59360.0,1900.0,17,3.029269933700561,1.320450170352958,279.9354361148271,4,848,212.0,212,212,0.0,1.0102800528208415,0,0,0,0,0,0,,0,0,4,0,848,0,benign
17500.0,17500.0,17,1e-06,1000000.0,176000000.0,1,176,176.0,176,176,0.0,0.0,0,0,0,0,0,0,,0,0,1,0,176,0,benign
52209.0,3702.0,17,7.769116163253784,0.9010033899490992,628.9003661844714,7,4886,698.0,698,698,0.0,1.295065999031067,0,0,0,0,0,0,,0,0,7,0,4886,0,benign
137.0,137.0,17,1.509584903717041,1.9873012724313284,182.83171706368225,3,276,92.0,92,92,0.0,0.7523150444030762,0,0,0,0,0,0,,0,0,3,0,276,0,benign
5353.0,5353.0,17,15.071808338165283,2.0568202105848754,166.6024370573749,31,2511,81.0,81,81,0.0,0.5025104999542236,0,0,0,0,0,0,,0,0,31,0,2511,0,benign
57674.0,5355.0,17,0.4180319309234619,4.784323521846428,358.8242641384821,2,150,75.0,75,75,0.0,0.4182949066162109,0,0,0,0,0,0,,0,0,2,0,150,0,benign
137.0,137.0,17,15.068294048309326,0.9291031854777756,85.47749306395534,14,1288,92.0,92,92,0.0,1.1590432753929725,0,0,0,0,0,0,,0,0,14,0,1288,0,benign
5353.0,5353.0,17,15.31428074836731,0.6529852863684847,52.89180819584726,10,810,81.0,81,81,0.0,1.7015750937991672,0,0,0,0,0,0,,0,0,10,0,810,0,benign
34370.0,443.0,6,0.606464147567749,21.435727160685538,2867.440733264012,13,1739,133.76923076923077,66,583,155.51642670264442,0.0505261818567911,1,0,1,0,3,12,64240.0,0,17,13,0,1739,0,benign
57449.0,5355.0,17,0.4183137416839599,4.781100405520551,358.58253041404134,2,150,75.0,75,75,0.0,0.413071870803833,0,0,0,0,0,0,,0,0,2,0,150,0,benign
5353.0,5353.0,17,1e-06,1000000.0,87000000.0,1,87,87.0,87,87,0.0,0.0,0,0,0,0,0,0,,0,0,1,0,87,0,benign
443.0,34370.0,6,0.6006817817687988,19.977299735417603,33796.596827392736,12,20301,1691.75,66,2962,1435.4769954776198,0.0546476624228737,1,0,1,0,8,12,41352.0,0,22,12,0,20301,0,benign
5353.0,5353.0,17,10.576728105545044,1.7963967505261764,172.45408805051295,19,1824,96.0,81,240,37.52776749732568,0.5875719785690308,0,0,0,0,0,0,,0,0,19,0,1824,0,benign
54389.0,5355.0,17,1e-06,1000000.0,75000000.0,1,75,75.0,75,75,0.0,0.0,0,0,0,0,0,0,,0,0,1,0,75,0,benign
5353.0,5353.0,17,1e-06,1000000.0,87000000.0,1,87,87.0,87,87,0.0,0.0,0,0,0,0,0,0,,0,0,1,0,87,0,benign
60219.0,1900.0,17,1e-06,1000000.0,167000000.0,1,167,167.0,167,167,0.0,0.0,0,0,0,0,0,0,,0,0,1,0,167,0,benign
5353.0,5353.0,17,0.8263251781463623,7.261063995967522,1476.4163458467294,6,1220,203.33333333333331,86,359,130.23619568563367,0.167445421218872,0,0,0,0,0,0,,0,0,6,0,1220,0,benign
51783.0,5355.0,17,1e-06,1000000.0,75000000.0,1,75,75.0,75,75,0.0,0.0,0,0,0,0,0,0,,0,0,1,0,75,0,benign
5353.0,5353.0,17,13.134465217590332,0.1522711406111533,13.628267084698225,2,179,89.5,87,92,3.5355339059327378,13.14495325088501,0,0,0,0,0,0,,0,0,2,0,179,0,benign
5353.0,5353.0,17,1e-06,1000000.0,108000000.0,1,108,108.0,108,108,0.0,0.0,0,0,0,0,0,0,,0,0,1,0,108,0,benign
57621.0,57621.0,17,1e-06,1000000.0,86000000.0,1,86,86.0,86,86,0.0,0.0,0,0,0,0,0,0,,0,0,1,0,86,0,benign
64951.0,1900.0,17,1e-06,1000000.0,167000000.0,1,167,167.0,167,167,0.0,0.0,0,0,0,0,0,0,,0,0,1,0,167,0,benign
65360.0,5355.0,17,0.4051041603088379,4.937001877431391,370.2751408073544,2,150,75.0,75,75,0.0,0.4125566482543945,0,0,0,0,0,0,,0,0,2,0,150,0,benign
53193.0,1900.0,17,3.0079104900360107,1.3298268061002414,281.9232828932512,4,848,212.0,212,212,0.0,1.002708117167155,0,0,0,0,0,0,,0,0,4,0,848,0,benign
58660.0,443.0,6,1.418060302734375,76.1603718768158,6935.530161189661,108,9835,91.0648148148148,66,926,123.28170560690894,0.0132232648189936,1,0,0,0,4,107,64240.0,0,112,108,0,9835,0,benign
443.0,58660.0,6,1.2859156131744385,107.31652885007772,299042.1735767785,138,384543,2786.543478260869,66,2962,618.7435127677646,0.0094740390777587,1,0,0,0,133,138,41352.0,0,272,138,0,384543,0,benign
49645.0,5355.0,17,1e-06,1000000.0,75000000.0,1,75,75.0,75,75,0.0,0.0,0,0,0,0,0,0,,0,0,1,0,75,0,benign
65361.0,1900.0,17,3.0289299488067627,1.3205983854383252,285.24925125467826,4,864,216.0,216,216,0.0,1.0065913995107014,0,0,0,0,0,0,,0,0,4,0,864,0,benign
5353.0,5353.0,17,15.009501218795776,1.4657382466813962,294.8132609802354,22,4425,201.13636363636363,83,385,118.22669727287466,0.7148542404174805,0,0,0,0,0,0,,0,0,22,0,4425,0,benign
59602.0,5355.0,17,0.4072415828704834,4.911089839850828,368.3317379888121,2,150,75.0,75,75,0.0,0.4176084995269775,0,0,0,0,0,0,,0,0,2,0,150,0,benign
137.0,137.0,17,2.26997709274292,5.286396958966593,581.5036654863252,12,1320,110.0,110,110,0.0,0.2052169713107022,0,0,0,0,0,0,,0,0,12,0,1320,0,benign
49638.0,3702.0,17,1e-06,1000000.0,698000000.0,1,698,698.0,698,698,0.0,0.0,0,0,0,0,0,0,,0,0,1,0,698,0,benign
137.0,137.0,17,14.818700075149536,1.5520929557492178,142.79255192892805,23,2116,92.0,92,92,0.0,0.6735102046619762,0,0,0,0,0,0,,0,0,23,0,2116,0,benign
51384.0,1900.0,17,1e-06,1000000.0,213000000.0,1,213,213.0,213,213,0.0,0.0,0,0,0,0,0,0,,0,0,1,0,213,0,benign
5353.0,5353.0,17,0.0005786418914794,3456.3691800576844,267868.61145447055,2,155,77.5,77,78,0.7071067811865476,0.0022261142730712,0,0,0,0,0,0,,0,0,2,0,155,0,benign
60092.0,443.0,6,1e-06,1000000.0,66000000.0,1,66,66.0,66,66,0.0,0.0,0,0,0,0,0,1,501.0,0,1,1,0,66,0,benign
5353.0,5353.0,17,0.7806425094604492,7.685976522271346,1689.633838812651,6,1319,219.83333333333331,89,391,145.01367751583527,0.1563592910766601,0,0,0,0,0,0,,0,0,6,0,1319,0,benign
63365.0,1900.0,17,2.9897749423980717,1.3378933455076845,283.6333892476291,4,848,212.0,212,212,0.0,1.0004071394602458,0,0,0,0,0,0,,0,0,4,0,848,0,benign
57942.0,5355.0,17,0.4277751445770263,4.675353454622875,350.65150909671564,2,150,75.0,75,75,0.0,0.4146203994750976,0,0,0,0,0,0,,0,0,2,0,150,0,benign
57943.0,1900.0,17,3.031430721282959,1.3195089605435957,279.7358996352423,4,848,212.0,212,212,0.0,1.008944034576416,0,0,0,0,0,0,,0,0,4,0,848,0,benign
41360.0,443.0,6,0.7588999271392822,19.765451891059445,2458.8222152477947,15,1866,124.4,66,583,145.41457973669628,0.0530350037983485,1,0,1,0,3,14,64240.0,0,19,15,0,1866,0,benign
137.0,137.0,17,1.5008747577667236,1.9988343360934056,183.8927589205933,3,276,92.0,92,92,0.0,0.7507297992706299,0,0,0,0,0,0,,0,0,3,0,276,0,benign
443.0,41360.0,6,0.7334775924682617,19.08715432313059,34651.36530547765,14,25416,1815.4285714285716,66,2962,1307.4607047653458,0.0569367958949162,1,0,1,0,10,14,41352.0,0,26,14,0,25416,0,benign
5353.0,5353.0,17,0.7462348937988281,8.040363764626496,1668.375481159998,6,1245,207.5,93,365,127.62092304947492,0.1519845485687256,0,0,0,0,0,0,,0,0,6,0,1245,0,benign
63664.0,1900.0,17,3.031764030456543,1.319363895018457,279.70514574391285,4,848,212.0,212,212,0.0,1.0119873682657878,0,0,0,0,0,0,,0,0,4,0,848,0,benign
52908.0,5355.0,17,0.4213929176330566,4.746164247927806,355.96231859458544,2,150,75.0,75,75,0.0,0.4188675880432129,0,0,0,0,0,0,,0,0,2,0,150,0,benign
5353.0,5353.0,17,1e-06,1000000.0,87000000.0,1,87,87.0,87,87,0.0,0.0,0,0,0,0,0,0,,0,0,1,0,87,0,benign
57458.0,1900.0,17,1e-06,1000000.0,167000000.0,1,167,167.0,167,167,0.0,0.0,0,0,0,0,0,0,,0,0,1,0,167,0,benign
51015.0,5355.0,17,0.4187018871307373,4.776668224988227,358.25011687411705,2,150,75.0,75,75,0.0,0.4181516170501709,0,0,0,0,0,0,,0,0,2,0,150,0,benign
53022.0,5355.0,17,0.4129219055175781,4.843530879024435,363.2648159268326,2,150,75.0,75,75,0.0,0.4132237434387207,0,0,0,0,0,0,,0,0,2,0,150,0,benign
49724.0,443.0,6,1e-06,1000000.0,66000000.0,1,66,66.0,66,66,0.0,0.0,0,0,0,0,0,1,501.0,0,1,1,0,66,0,benign
53960.0,5355.0,17,0.4102365970611572,4.8752354478550926,365.642658589132,2,150,75.0,75,75,0.0,0.4126033782958984,0,0,0,0,0,0,,0,0,2,0,150,0,benign
5353.0,5353.0,17,10.033432960510254,4.485005299493376,351.6244154802807,45,3528,78.4,70,93,4.8869027186775655,0.2277055816216902,0,0,0,0,0,0,,0,0,45,0,3528,0,benign
5353.0,5353.0,17,10.018333435058594,4.5915820528617655,359.1415701347094,46,3598,78.21739130434783,70,93,4.970638427487117,0.2226580566830105,0,0,0,0,0,0,,0,0,46,0,3598,0,benign
5353.0,5353.0,17,1e-06,1000000.0,128000000.0,1,128,128.0,128,128,0.0,0.0,0,0,0,0,0,0,,0,0,1,0,128,0,benign
65138.0,5355.0,17,0.4316344261169433,4.633550706305657,347.5163029729243,2,150,75.0,75,75,0.0,0.4187057018280029,0,0,0,0,0,0,,0,0,2,0,150,0,benign
51776.0,443.0,6,0.7994141578674316,20.01465678651805,2463.053700790877,16,1969,123.0625,66,583,143.6233354994933,0.0535503546396891,1,0,1,0,3,15,64240.0,0,20,16,0,1969,0,benign
443.0,51776.0,6,0.8027222156524658,18.686414437661668,30485.016513601244,15,24471,1631.4,66,2962,1290.7223780282332,0.0573189428874424,1,0,1,0,10,15,41352.0,0,27,15,0,24471,0,benign
51387.0,1900.0,17,1e-06,1000000.0,213000000.0,1,213,213.0,213,213,0.0,0.0,0,0,0,0,0,0,,0,0,1,0,213,0,benign
49263.0,5355.0,17,0.4039483070373535,4.951128560652832,371.3346420489624,2,150,75.0,75,75,0.0,0.4128034114837646,0,0,0,0,0,0,,0,0,2,0,150,0,benign
52405.0,5355.0,17,0.4154114723205566,4.814503530265237,361.0877647698928,2,150,75.0,75,75,0.0,0.4164996147155761,0,0,0,0,0,0,,0,0,2,0,150,0,benign
5353.0,5353.0,17,14.05745768547058,1.4938689818504698,121.00338752988806,21,1701,81.0,81,81,0.0,0.7024821043014526,0,0,0,0,0,0,,0,0,21,0,1701,0,benign
27036.0,27036.0,17,1e-06,1000000.0,269000000.0,1,269,269.0,269,269,0.0,0.0,0,0,0,0,0,0,,0,0,1,0,269,0,benign
34370.0,443.0,6,1e-06,1000000.0,66000000.0,1,66,66.0,66,66,0.0,0.0,0,0,0,0,0,1,501.0,0,1,1,0,66,0,benign
137.0,137.0,17,7.168442249298096,1.3950032171883868,128.3402959813316,10,920,92.0,92,92,0.0,0.7958936956193712,0,0,0,0,0,0,,0,0,10,0,920,0,benign
51746.0,5355.0,17,0.3833513259887695,5.217146425257418,375.63454261853406,2,144,72.0,72,72,0.0,0.3963708877563476,0,0,0,0,0,0,,0,0,2,0,144,0,benign
51258.0,5355.0,17,0.411933422088623,4.855153509660407,364.1365132245305,2,150,75.0,75,75,0.0,0.4140279293060303,0,0,0,0,0,0,,0,0,2,0,150,0,benign
5353.0,5353.0,17,5.780930280685425,1.037895236350887,84.06951414442187,6,486,81.0,81,81,0.0,1.1561152935028076,0,0,0,0,0,0,,0,0,6,0,486,0,benign
60175.0,5355.0,17,0.4200546741485595,4.761284954283512,357.0963715712634,2,150,75.0,75,75,0.0,0.418062686920166,0,0,0,0,0,0,,0,0,2,0,150,0,benign
64468.0,5355.0,17,0.4103295803070068,4.874130689051491,350.93740961170727,2,144,72.0,72,72,0.0,0.4099264144897461,0,0,0,0,0,0,,0,0,2,0,144,0,benign
51749.0,1900.0,17,3.0670204162597656,1.304197382839076,233.45133152819463,4,716,179.0,179,179,0.0,1.0223180452982583,0,0,0,0,0,0,,0,0,4,0,716,0,benign
5353.0,5353.0,17,15.012266397476196,1.0657951022431802,207.83004493742013,16,3120,195.0,83,310,114.17647159842814,1.000959428151449,0,0,0,0,0,0,,0,0,16,0,3120,0,benign
137.0,137.0,17,14.052150964736938,1.1386157208352712,104.75264631684496,16,1472,92.0,92,92,0.0,0.937075424194336,0,0,0,0,0,0,,0,0,16,0,1472,0,benign
50809.0,5355.0,17,0.4186458587646484,4.777307497801732,358.29806233512994,2,150,75.0,75,75,0.0,0.4155941009521484,0,0,0,0,0,0,,0,0,2,0,150,0,benign
5353.0,5353.0,17,1e-06,1000000.0,87000000.0,1,87,87.0,87,87,0.0,0.0,0,0,0,0,0,0,,0,0,1,0,87,0,benign
64602.0,5355.0,17,0.4028220176696777,4.964971903894392,357.47797708039616,2,144,72.0,72,72,0.0,0.4035584926605224,0,0,0,0,0,0,,0,0,2,0,144,0,benign
5353.0,5353.0,17,0.0063650608062744,628.430760010488,58444.06068097539,4,372,93.0,74,112,21.93931022920578,0.0027817090352376,0,0,0,0,0,0,,0,0,4,0,372,0,benign
57674.0,5355.0,17,1e-06,1000000.0,68000000.0,1,68,68.0,68,68,0.0,0.0,0,0,0,0,0,0,,0,0,1,0,68,0,benign
137.0,137.0,17,2.2815029621124268,5.259690738638922,578.5659812502815,12,1320,110.0,110,110,0.0,0.2071205919439142,0,0,0,0,0,0,,0,0,12,0,1320,0,benign
57621.0,57621.0,17,1e-06,1000000.0,86000000.0,1,86,86.0,86,86,0.0,0.0,0,0,0,0,0,0,,0,0,1,0,86,0,benign
38927.0,53.0,17,1e-06,1000000.0,87000000.0,1,87,87.0,87,87,0.0,0.0,0,0,0,0,0,0,,0,0,1,0,87,0,benign
59987.0,53.0,17,1e-06,1000000.0,87000000.0,1,87,87.0,87,87,0.0,0.0,0,0,0,0,0,0,,0,0,1,0,87,0,benign
53.0,59987.0,17,1e-06,1000000.0,314000000.0,1,314,314.0,314,314,0.0,0.0,0,0,0,0,0,0,,0,0,1,0,314,0,benign
53.0,38927.0,17,1e-06,1000000.0,278000000.0,1,278,278.0,278,278,0.0,0.0,0,0,0,0,0,0,,0,0,1,0,278,0,benign
5353.0,5353.0,17,0.7789556980133057,7.702620335537377,1852.480190696739,6,1443,240.5,93,431,163.28594550664795,0.1569694995880127,0,0,0,0,0,0,,0,0,6,0,1443,0,benign
5353.0,5353.0,17,1e-06,1000000.0,87000000.0,1,87,87.0,87,87,0.0,0.0,0,0,0,0,0,0,,0,0,1,0,87,0,benign
60642.0,1900.0,17,1e-06,1000000.0,167000000.0,1,167,167.0,167,167,0.0,0.0,0,0,0,0,0,0,,0,0,1,0,167,0,benign
5353.0,5353.0,17,0.0011734962463378,1704.3088175538398,165317.95530272246,2,194,97.0,91,103,8.48528137423857,0.0008132457733154,0,0,0,0,0,0,,0,0,2,0,194,0,benign
5353.0,5353.0,17,1e-06,1000000.0,91000000.0,1,91,91.0,91,91,0.0,0.0,0,0,0,0,0,0,,0,0,1,0,91,0,benign
5353.0,5353.0,17,1e-06,1000000.0,136000000.0,1,136,136.0,136,136,0.0,0.0,0,0,0,0,0,0,,0,0,1,0,136,0,benign
5353.0,5353.0,17,1e-06,1000000.0,133000000.0,1,133,133.0,133,133,0.0,0.0,0,0,0,0,0,0,,0,0,1,0,133,0,benign
41360.0,443.0,6,1e-06,1000000.0,66000000.0,1,66,66.0,66,66,0.0,0.0,0,0,0,0,0,1,538.0,0,1,1,0,66,0,benign
50758.0,5355.0,17,0.4062328338623047,4.9232849570153485,369.2463717761512,2,150,75.0,75,75,0.0,0.4097061157226562,0,0,0,0,0,0,,0,0,2,0,150,0,benign
56359.0,1900.0,17,1e-06,1000000.0,167000000.0,1,167,167.0,167,167,0.0,0.0,0,0,0,0,0,0,,0,0,1,0,167,0,benign
57177.0,5355.0,17,0.4234259128570556,4.723376485168445,354.2532363876334,2,150,75.0,75,75,0.0,0.4204592704772949,0,0,0,0,0,0,,0,0,2,0,150,0,benign
49680.0,1900.0,17,1e-06,1000000.0,167000000.0,1,167,167.0,167,167,0.0,0.0,0,0,0,0,0,0,,0,0,1,0,167,0,benign
49925.0,21027.0,17,1e-06,1000000.0,343000000.0,1,343,343.0,343,343,0.0,0.0,0,0,0,0,0,0,,0,0,1,0,343,0,benign
5353.0,5353.0,17,1e-06,1000000.0,292000000.0,1,292,292.0,292,292,0.0,0.0,0,0,0,0,0,0,,0,0,1,0,292,0,benign
41468.0,443.0,6,6.731752634048462,20.64841172222421,2036.02252564608,139,13706,98.6043165467626,66,1021,159.33542318857312,0.0487908591394839,1,0,1,0,7,138,64240.0,0,147,139,0,13706,0,benign
443.0,41468.0,6,6.725149631500244,24.38607450930649,66544.24429515145,164,447520,2728.7804878048782,66,2962,715.9610388753641,0.0412821023742114,1,0,1,0,153,164,41352.0,0,319,164,0,447520,0,benign
60518.0,443.0,6,0.6807091236114502,22.035843915854464,3856.2726852745313,15,2625,175.0,66,862,236.629608097912,0.0486451728003365,1,0,1,0,4,14,64240.0,0,20,15,0,2625,0,benign
443.0,60518.0,6,0.6766958236694336,31.033145566239693,30758.280562653,21,20814,991.1428571428572,66,2962,1235.9966134951296,0.0339829802513122,1,0,1,0,17,21,41352.0,0,40,21,0,20814,0,benign
57621.0,57621.0,17,1e-06,1000000.0,86000000.0,1,86,86.0,86,86,0.0,0.0,0,0,0,0,0,0,,0,0,1,0,86,0,benign
63932.0,5355.0,17,0.4091272354125976,4.888454805466654,366.63411040999904,2,150,75.0,75,75,0.0,0.4158909320831299,0,0,0,0,0,0,,0,0,2,0,150,0,benign
17500.0,17500.0,17,0.0047471523284912,842.6104163527698,148299.4332780875,4,704,176.0,176,176,0.0,0.0022377173105875,0,0,0,0,0,0,,0,0,4,0,704,0,benign
17500.0,17500.0,17,1e-06,1000000.0,176000000.0,1,176,176.0,176,176,0.0,0.0,0,0,0,0,0,0,,0,0,1,0,176,0,benign
5353.0,5353.0,17,1e-06,1000000.0,87000000.0,1,87,87.0,87,87,0.0,0.0,0,0,0,0,0,0,,0,0,1,0,87,0,benign
5353.0,5353.0,17,0.7891032695770264,7.603567532062196,1359.771326983789,6,1073,178.83333333333334,93,312,97.6348639916432,0.1586423397064209,0,0,0,0,0,0,,0,0,6,0,1073,0,benign
45424.0,53.0,17,1e-06,1000000.0,139000000.0,1,139,139.0,139,139,0.0,0.0,0,0,0,0,0,0,,0,0,1,0,139,0,benign
53.0,45424.0,17,1e-06,1000000.0,223000000.0,1,223,223.0,223,223,0.0,0.0,0,0,0,0,0,0,,0,0,1,0,223,0,benign
49167.0,1900.0,17,1e-06,1000000.0,167000000.0,1,167,167.0,167,167,0.0,0.0,0,0,0,0,0,0,,0,0,1,0,167,0,benign
5353.0,5353.0,17,9.7773015499115,2.659220426748047,376.2796903848487,26,3679,141.5,92,563,139.80307578876796,0.3905598640441894,0,0,0,0,0,0,,0,0,26,0,3679,0,benign
54216.0,5355.0,17,0.3998150825500488,5.002312537195593,430.198878198821,2,172,86.0,86,86,0.0,0.4003033638000488,0,0,0,0,0,0,,0,0,2,0,172,0,benign
57323.0,5355.0,17,0.4105010032653808,4.872095278917112,419.0001939868717,2,172,86.0,86,86,0.0,0.40924072265625,0,0,0,0,0,0,,0,0,2,0,172,0,benign
51776.0,443.0,6,1e-06,1000000.0,66000000.0,1,66,66.0,66,66,0.0,0.0,0,0,0,0,0,1,546.0,0,1,1,0,66,0,benign
64760.0,5355.0,17,0.4145159721374511,4.824904549967043,414.9417912971657,2,172,86.0,86,86,0.0,0.4151327610015869,0,0,0,0,0,0,,0,0,2,0,172,0,benign
53049.0,5355.0,17,0.4172711372375488,4.79304658654456,359.478493990842,2,150,75.0,75,75,0.0,0.4150891304016113,0,0,0,0,0,0,,0,0,2,0,150,0,benign
58731.0,5355.0,17,0.4066734313964844,4.917950978828783,422.94378417927527,2,172,86.0,86,86,0.0,0.4115157127380371,0,0,0,0,0,0,,0,0,2,0,172,0,benign
51577.0,5355.0,17,0.4146134853363037,4.823769777718996,414.8442008838337,2,172,86.0,86,86,0.0,0.4150645732879638,0,0,0,0,0,0,,0,0,2,0,172,0,benign
17500.0,17500.0,17,1e-06,1000000.0,176000000.0,1,176,176.0,176,176,0.0,0.0,0,0,0,0,0,0,,0,0,1,0,176,0,benign
49154.0,1900.0,17,3.034668207168579,1.3181012641023118,279.4374679896901,4,848,212.0,212,212,0.0,1.008627732594808,0,0,0,0,0,0,,0,0,4,0,848,0,benign
51514.0,443.0,6,0.4323797225952148,27.75338290143212,4005.738265440036,12,1732,144.33333333333334,66,583,168.5080701241626,0.0395030541853471,1,0,1,0,3,11,64240.0,0,16,12,0,1732,0,benign
443.0,51514.0,6,0.4320313930511474,25.4611127268192,36601.50686810837,11,15813,1437.5454545454545,66,2962,1433.0036541220936,0.0429567575454711,1,0,1,0,7,11,41352.0,0,20,11,0,15813,0,benign
5353.0,5353.0,17,0.7948999404907227,7.548119825365651,1566.2348637633727,6,1245,207.5,93,365,127.62092304947492,0.1590795040130615,0,0,0,0,0,0,,0,0,6,0,1245,0,benign
5353.0,5353.0,17,0.7821316719055176,7.67134258274201,1760.5731227392914,6,1377,229.5,93,409,151.37205818776462,0.1552789688110351,0,0,0,0,0,0,,0,0,6,0,1377,0,benign
5353.0,5353.0,17,15.077417135238647,1.59178457322824,129.33249657479448,24,1950,81.25,81,87,1.224744871391589,0.6557111118150794,0,0,0,0,0,0,,0,0,24,0,1950,0,benign
5353.0,5353.0,17,10.976608753204346,0.6377197326958133,138.8406960897742,7,1524,217.7142857142857,84,417,153.8665160517543,1.828846454620361,0,0,0,0,0,0,,0,0,7,0,1524,0,benign
5353.0,5353.0,17,10.261908292770386,1.8515074835920808,145.09971805624252,19,1489,78.36842105263158,75,139,14.682606967715952,0.5705144670274522,0,0,0,0,0,0,,0,0,19,0,1489,0,benign
5353.0,5353.0,17,0.7976739406585693,7.521870396124921,2222.712702054914,6,1773,295.5,93,541,223.07465118206505,0.1579805374145508,0,0,0,0,0,0,,0,0,6,0,1773,0,benign
53082.0,1900.0,17,3.026484489440918,1.3216654550702551,280.1930764748941,4,848,212.0,212,212,0.0,1.008975903193156,0,0,0,0,0,0,,0,0,4,0,848,0,benign
5353.0,5353.0,17,10.046066522598268,4.877530911205521,387.1166880342504,49,3889,79.36734693877551,72,93,3.728794921234721,0.2088625083367029,0,0,0,0,0,0,,0,0,49,0,3889,0,benign
5353.0,5353.0,17,10.042840957641602,4.779524061214649,378.0802679256671,48,3797,79.10416666666667,72,93,3.9638772300659695,0.2132746412398967,0,0,0,0,0,0,,0,0,48,0,3797,0,benign
5353.0,5353.0,17,1e-06,1000000.0,139000000.0,1,139,139.0,139,139,0.0,0.0,0,0,0,0,0,0,,0,0,1,0,139,0,benign
5353.0,5353.0,17,1e-06,1000000.0,139000000.0,1,139,139.0,139,139,0.0,0.0,0,0,0,0,0,0,,0,0,1,0,139,0,benign
5353.0,5353.0,17,1e-06,1000000.0,139000000.0,1,139,139.0,139,139,0.0,0.0,0,0,0,0,0,0,,0,0,1,0,139,0,benign
5353.0,5353.0,17,1e-06,1000000.0,139000000.0,1,139,139.0,139,139,0.0,0.0,0,0,0,0,0,0,,0,0,1,0,139,0,benign
137.0,137.0,17,5.177953720092773,1.158758908314943,106.60581956497477,6,552,92.0,92,92,0.0,1.0378308773040772,0,0,0,0,0,0,,0,0,6,0,552,0,benign
60097.0,5355.0,17,0.4065690040588379,4.919214155613702,339.4257767373454,2,138,69.0,69,69,0.0,0.4026145935058594,0,0,0,0,0,0,,0,0,2,0,138,0,benign
51039.0,5355.0,17,0.4017822742462158,4.977820397259193,343.4696074108843,2,138,69.0,69,69,0.0,0.4026141166687011,0,0,0,0,0,0,,0,0,2,0,138,0,benign
5353.0,5353.0,17,0.7928237915039062,7.567885908946563,1979.0021651895263,6,1569,261.5,93,473,186.07928417747095,0.1593054294586181,0,0,0,0,0,0,,0,0,6,0,1569,0,benign
54501.0,53.0,17,1e-06,1000000.0,86000000.0,1,86,86.0,86,86,0.0,0.0,0,0,0,0,0,0,,0,0,1,0,86,0,benign
35551.0,53.0,17,1e-06,1000000.0,86000000.0,1,86,86.0,86,86,0.0,0.0,0,0,0,0,0,0,,0,0,1,0,86,0,benign
53.0,54501.0,17,1e-06,1000000.0,279000000.0,1,279,279.0,279,279,0.0,0.0,0,0,0,0,0,0,,0,0,1,0,279,0,benign
53.0,35551.0,17,1e-06,1000000.0,315000000.0,1,315,315.0,315,315,0.0,0.0,0,0,0,0,0,0,,0,0,1,0,315,0,benign
5353.0,5353.0,17,14.98431634902954,1.1345195605871603,228.90600545964477,17,3430,201.76470588235293,83,310,114.01509188028832,0.936927929520607,0,0,0,0,0,0,,0,0,17,0,3430,0,benign
5353.0,5353.0,17,0.811077356338501,7.397568127269868,1107.169363048057,6,898,149.66666666666666,82,253,76.65681096071415,0.1624000549316406,0,0,0,0,0,0,,0,0,6,0,898,0,benign
36450.0,443.0,6,0.3935244083404541,22.870245934564068,3799.001963574809,9,1495,166.11111111111111,66,583,186.6121944330303,0.0494092404842376,1,0,1,0,3,8,64240.0,0,13,9,0,1495,0,benign
443.0,36450.0,6,0.3993628025054931,22.535899546819227,24196.044146768243,9,9663,1073.6666666666667,66,5272,1819.2284765801128,0.0497080087661743,1,0,1,0,4,9,65535.0,0,15,9,0,9663,0,benign
65382.0,5355.0,17,0.4115986824035644,4.859102046490613,364.432653486796,2,150,75.0,75,75,0.0,0.4122352600097656,0,0,0,0,0,0,,0,0,2,0,150,0,benign
5353.0,5353.0,17,0.7568364143371582,7.927736940689932,1841.877549220294,6,1394,232.33333333333331,88,419,159.82573843616888,0.1511512756347656,0,0,0,0,0,0,,0,0,6,0,1394,0,benign
137.0,137.0,17,14.855525970458984,1.1443553081732292,105.28068835193709,17,1564,92.0,92,92,0.0,0.927781581878662,0,0,0,0,0,0,,0,0,17,0,1564,0,benign
137.0,137.0,17,14.541784286499023,2.544392027211666,234.08406650347328,37,3404,92.0,92,92,0.0,0.4037836061583625,0,0,0,0,0,0,,0,0,37,0,3404,0,benign
5353.0,5353.0,17,14.542012214660645,2.5443521469950463,206.0925239065988,37,2997,81.0,81,81,0.0,0.4037961496247185,0,0,0,0,0,0,,0,0,37,0,2997,0,benign
54058.0,5355.0,17,0.412816047668457,4.844772898960193,363.3579674220145,2,150,75.0,75,75,0.0,0.4137985706329345,0,0,0,0,0,0,,0,0,2,0,150,0,benign
50295.0,5355.0,17,0.408170223236084,4.899916471474716,338.0942365317554,2,138,69.0,69,69,0.0,0.4092493057250976,0,0,0,0,0,0,,0,0,2,0,138,0,benign
56803.0,5355.0,17,0.4098157882690429,4.880241457869372,336.73666059298665,2,138,69.0,69,69,0.0,0.4100391864776611,0,0,0,0,0,0,,0,0,2,0,138,0,benign
62949.0,1900.0,17,3.03027081489563,1.3200140331806516,279.8429750342981,4,848,212.0,212,212,0.0,1.00990891456604,0,0,0,0,0,0,,0,0,4,0,848,0,benign
53084.0,5355.0,17,0.4222190380096435,4.736877828693077,355.26583715198075,2,150,75.0,75,75,0.0,0.4201786518096924,0,0,0,0,0,0,,0,0,2,0,150,0,benign
57621.0,57621.0,17,1e-06,1000000.0,86000000.0,1,86,86.0,86,86,0.0,0.0,0,0,0,0,0,0,,0,0,1,0,86,0,benign
57621.0,57621.0,17,1e-06,1000000.0,86000000.0,1,86,86.0,86,86,0.0,0.0,0,0,0,0,0,0,,0,0,1,0,86,0,benign
57041.0,5355.0,17,0.4243011474609375,4.713633257812781,353.5224943359586,2,150,75.0,75,75,0.0,0.4176204204559326,0,0,0,0,0,0,,0,0,2,0,150,0,benign
58796.0,1900.0,17,1e-06,1000000.0,167000000.0,1,167,167.0,167,167,0.0,0.0,0,0,0,0,0,0,,0,0,1,0,167,0,benign
58786.0,5355.0,17,0.413201093673706,4.840258243796777,363.0193682847583,2,150,75.0,75,75,0.0,0.4108715057373047,0,0,0,0,0,0,,0,0,2,0,150,0,benign
60498.0,5355.0,17,0.4129834175109863,4.842809457226682,363.2107092920012,2,150,75.0,75,75,0.0,0.4107670783996582,0,0,0,0,0,0,,0,0,2,0,150,0,benign
35134.0,443.0,6,0.6780858039855957,20.64635466147791,2692.8745437041903,14,1826,130.42857142857142,66,583,151.15133236172704,0.0521520834702711,1,0,1,0,3,13,64240.0,0,18,14,0,1826,0,benign
443.0,35134.0,6,0.6824877262115479,19.047961598023587,33292.90641771477,13,22722,1747.8461538461538,66,2962,1289.4158138574387,0.056540826956431,1,0,1,0,9,13,41352.0,0,24,13,0,22722,0,benign
5353.0,5353.0,17,1e-06,1000000.0,87000000.0,1,87,87.0,87,87,0.0,0.0,0,0,0,0,0,0,,0,0,1,0,87,0,benign
53479.0,5355.0,17,0.4142141342163086,4.828420458862399,362.1315344146799,2,150,75.0,75,75,0.0,0.413468599319458,0,0,0,0,0,0,,0,0,2,0,150,0,benign
49996.0,5355.0,17,0.413193941116333,4.840342030661356,363.0256522996017,2,150,75.0,75,75,0.0,0.4129786491394043,0,0,0,0,0,0,,0,0,2,0,150,0,benign
61356.0,3702.0,17,6.822498798370361,1.0260170367009869,716.1598916172886,7,4886,698.0,698,698,0.0,1.1382572253545125,0,0,0,0,0,0,,0,0,7,0,4886,0,benign
137.0,137.0,17,1.5189735889434814,1.975017881704344,181.70164511679965,3,276,92.0,92,92,0.0,0.7525218725204468,0,0,0,0,0,0,,0,0,3,0,276,0,benign
58164.0,5355.0,17,0.4281697273254394,4.671044850585286,350.3283637938965,2,150,75.0,75,75,0.0,0.4178838729858398,0,0,0,0,0,0,,0,0,2,0,150,0,benign
58660.0,443.0,6,0.1231157779693603,16.2448715590112,1072.1615228947394,2,132,66.0,66,66,0.0,0.1164886951446533,0,0,1,0,0,2,3107.0,0,3,2,0,132,0,benign
443.0,58660.0,6,1e-06,1000000.0,66000000.0,1,66,66.0,66,66,0.0,0.0,0,0,1,0,0,1,78.0,0,2,1,0,66,0,benign
41468.0,443.0,6,1e-06,1000000.0,66000000.0,1,66,66.0,66,66,0.0,0.0,0,0,0,0,0,1,4422.0,0,1,1,0,66,0,benign
58819.0,5355.0,17,0.4126713275909424,4.846471916707735,363.4853937530801,2,150,75.0,75,75,0.0,0.4106512069702148,0,0,0,0,0,0,,0,0,2,0,150,0,benign
60518.0,443.0,6,1e-06,1000000.0,66000000.0,1,66,66.0,66,66,0.0,0.0,0,0,0,0,0,1,501.0,0,1,1,0,66,0,benign
58983.0,5355.0,17,0.4193196296691894,4.76963122756224,357.72234206716803,2,150,75.0,75,75,0.0,0.4158663749694824,0,0,0,0,0,0,,0,0,2,0,150,0,benign
51738.0,5355.0,17,0.4174296855926513,4.791226089156725,359.3419566867543,2,150,75.0,75,75,0.0,0.4149017333984375,0,0,0,0,0,0,,0,0,2,0,150,0,benign
53799.0,1900.0,17,1e-06,1000000.0,167000000.0,1,167,167.0,167,167,0.0,0.0,0,0,0,0,0,0,,0,0,1,0,167,0,benign
5353.0,5353.0,17,1e-06,1000000.0,83000000.0,1,83,83.0,83,83,0.0,0.0,0,0,0,0,0,0,,0,0,1,0,83,0,benign
5353.0,5353.0,17,1e-06,1000000.0,139000000.0,1,139,139.0,139,139,0.0,0.0,0,0,0,0,0,0,,0,0,1,0,139,0,benign
5353.0,5353.0,17,1e-06,1000000.0,139000000.0,1,139,139.0,139,139,0.0,0.0,0,0,0,0,0,0,,0,0,1,0,139,0,benign
5353.0,5353.0,17,1e-06,1000000.0,132000000.0,1,132,132.0,132,132,0.0,0.0,0,0,0,0,0,0,,0,0,1,0,132,0,benign
5353.0,5353.0,17,1e-06,1000000.0,132000000.0,1,132,132.0,132,132,0.0,0.0,0,0,0,0,0,0,,0,0,1,0,132,0,benign
61207.0,5355.0,17,0.4378662109375,4.567605241148592,328.8675773626986,2,144,72.0,72,72,0.0,0.4407083988189697,0,0,0,0,0,0,,0,0,2,0,144,0,benign
55294.0,5355.0,17,0.4214296340942383,4.745750745076386,355.9313058807289,2,150,75.0,75,75,0.0,0.421668529510498,0,0,0,0,0,0,,0,0,2,0,150,0,benign
56044.0,5355.0,17,0.4217214584350586,4.742466763303159,355.6850072477369,2,150,75.0,75,75,0.0,0.4267096519470215,0,0,0,0,0,0,,0,0,2,0,150,0,benign
55319.0,5355.0,17,0.4056143760681152,4.930791702669183,369.8093777001887,2,150,75.0,75,75,0.0,0.4127335548400879,0,0,0,0,0,0,,0,0,2,0,150,0,benign
60384.0,5355.0,17,0.4047646522521972,4.941142930519183,370.5857197889387,2,150,75.0,75,75,0.0,0.4127335548400879,0,0,0,0,0,0,,0,0,2,0,150,0,benign
61210.0,1900.0,17,3.052213191986084,1.3105244451804456,234.58387568729975,4,716,179.0,179,179,0.0,1.01951265335083,0,0,0,0,0,0,,0,0,4,0,716,0,benign
58455.0,5355.0,17,0.4128704071044922,4.844135025385401,348.77772182774885,2,144,72.0,72,72,0.0,0.4140670299530029,0,0,0,0,0,0,,0,0,2,0,144,0,benign
35150.0,443.0,6,0.7341790199279785,17.706853025131764,2395.8734208620594,13,1759,135.30769230769232,66,583,157.82975248422196,0.0610968867937723,1,0,1,0,3,12,64240.0,0,17,13,0,1759,0,benign
443.0,35150.0,6,0.7348055839538574,17.69175450470766,31544.39828189376,13,23179,1783.0,66,2962,1327.5836445713442,0.0610528389612833,1,0,1,0,8,13,41352.0,0,23,13,0,23179,0,benign
52977.0,5355.0,17,0.4205796718597412,4.755341576915249,342.384593537898,2,144,72.0,72,72,0.0,0.4233686923980713,0,0,0,0,0,0,,0,0,2,0,144,0,benign
137.0,137.0,17,2.280761957168579,5.261399578453701,578.7539536299071,12,1320,110.0,110,110,0.0,0.2070448398590088,0,0,0,0,0,0,,0,0,12,0,1320,0,benign
51514.0,443.0,6,1e-06,1000000.0,66000000.0,1,66,66.0,66,66,0.0,0.0,0,0,0,0,0,1,501.0,0,1,1,0,66,0,benign
54421.0,5355.0,17,0.4116699695587158,4.858260616250132,364.3695462187599,2,150,75.0,75,75,0.0,0.4119930267333984,0,0,0,0,0,0,,0,0,2,0,150,0,benign
54191.0,5355.0,17,0.4110660552978515,4.86539808924586,364.9048566934395,2,150,75.0,75,75,0.0,0.4123039245605469,0,0,0,0,0,0,,0,0,2,0,150,0,benign
51998.0,5355.0,17,0.4106197357177734,4.870686491734136,365.3014868800602,2,150,75.0,75,75,0.0,0.4123036861419678,0,0,0,0,0,0,,0,0,2,0,150,0,benign
57621.0,57621.0,17,1e-06,1000000.0,86000000.0,1,86,86.0,86,86,0.0,0.0,0,0,0,0,0,0,,0,0,1,0,86,0,benign
59241.0,5355.0,17,0.4194426536560058,4.768232278160828,343.31272402757963,2,144,72.0,72,72,0.0,0.4203691482543945,0,0,0,0,0,0,,0,0,2,0,144,0,benign
58743.0,5355.0,17,0.4151589870452881,4.817431544079348,361.3073658059511,2,150,75.0,75,75,0.0,0.4142606258392334,0,0,0,0,0,0,,0,0,2,0,150,0,benign
60833.0,1900.0,17,3.0234084129333496,1.3230101440774746,280.47815054442464,4,848,212.0,212,212,0.0,1.007135311762492,0,0,0,0,0,0,,0,0,4,0,848,0,benign
57887.0,1900.0,17,2.002861976623535,1.4978565847345409,317.54559596372263,3,636,212.0,212,212,0.0,1.0005642175674438,0,0,0,0,0,0,,0,0,3,0,636,0,benign
5353.0,5353.0,17,0.9943931102752686,2.0112770083919416,170.958545713315,2,170,85.0,85,85,0.0,1.001048564910889,0,0,0,0,0,0,,0,0,2,0,170,0,benign
5353.0,5353.0,17,14.086796283721924,2.0586653924647944,166.75189678964833,29,2349,81.0,81,81,0.0,0.502974774156298,0,0,0,0,0,0,,0,0,29,0,2349,0,benign
57953.0,5355.0,17,0.4055967330932617,4.931006186236036,369.8254639677027,2,150,75.0,75,75,0.0,0.4170451164245605,0,0,0,0,0,0,,0,0,2,0,150,0,benign
61869.0,5355.0,17,0.4047300815582275,4.941564986471767,370.6173739853826,2,150,75.0,75,75,0.0,0.4152839183807373,0,0,0,0,0,0,,0,0,2,0,150,0,benign
54437.0,5355.0,17,0.4171957969665527,4.793912149983484,359.54341124876134,2,150,75.0,75,75,0.0,0.4112615585327148,0,0,0,0,0,0,,0,0,2,0,150,0,benign
5353.0,5353.0,17,10.616741180419922,0.6593360317485982,131.6788246263629,7,1398,199.7142857142857,87,387,136.6854226386441,1.7702762683232625,0,0,0,0,0,0,,0,0,7,0,1398,0,benign
5353.0,5353.0,17,1.0004701614379885,1.9990601190198167,169.9201101166844,2,170,85.0,85,85,0.0,1.0038414001464844,0,0,0,0,0,0,,0,0,2,0,170,0,benign
60756.0,5355.0,17,0.4289793968200683,4.662228570475804,363.6538284971127,2,156,78.0,78,78,0.0,0.4246277809143066,0,0,0,0,0,0,,0,0,2,0,156,0,benign
65239.0,1900.0,17,1e-06,1000000.0,179000000.0,1,179,179.0,179,179,0.0,0.0,0,0,0,0,0,0,,0,0,1,0,179,0,benign
49937.0,5355.0,17,0.4248039722442627,4.708053904095789,353.10404280718416,2,150,75.0,75,75,0.0,0.4235694408416748,0,0,0,0,0,0,,0,0,2,0,150,0,benign
60595.0,1900.0,17,5.746717214584351,0.6960495619740205,124.59287159334966,4,716,179.0,179,179,0.0,1.9239846070607505,0,0,0,0,0,0,,0,0,4,0,716,0,benign
50829.0,53.0,17,1e-06,1000000.0,89000000.0,1,89,89.0,89,89,0.0,0.0,0,0,0,0,0,0,,0,0,1,0,89,0,benign
53.0,50829.0,17,1e-06,1000000.0,121000000.0,1,121,121.0,121,121,0.0,0.0,0,0,0,0,0,0,,0,0,1,0,121,0,benign
51842.0,53.0,17,1e-06,1000000.0,89000000.0,1,89,89.0,89,89,0.0,0.0,0,0,0,0,0,0,,0,0,1,0,89,0,benign
53.0,51842.0,17,1e-06,1000000.0,145000000.0,1,145,145.0,145,145,0.0,0.0,0,0,0,0,0,0,,0,0,1,0,145,0,benign
63589.0,5355.0,17,0.405397891998291,4.933424764844192,384.807131657847,2,156,78.0,78,78,0.0,0.4142417907714844,0,0,0,0,0,0,,0,0,2,0,156,0,benign
36450.0,443.0,6,1e-06,1000000.0,66000000.0,1,66,66.0,66,66,0.0,0.0,0,0,0,0,0,1,501.0,0,1,1,0,66,0,benign
5353.0,5353.0,17,0.7782981395721436,7.709128025538388,1684.4444735801378,6,1311,218.5,93,387,139.48153999723405,0.1535375118255615,0,0,0,0,0,0,,0,0,6,0,1311,0,benign
53917.0,5355.0,17,0.4187865257263183,4.775702839367431,358.1777129525573,2,150,75.0,75,75,0.0,0.4168341159820556,0,0,0,0,0,0,,0,0,2,0,150,0,benign
48940.0,443.0,6,2.397810459136963,3.3363771392003256,584.2830465024571,8,1401,175.125,66,583,189.09969970513288,0.3426653998238699,1,0,1,0,3,7,64240.0,0,12,8,0,1401,0,benign
443.0,48940.0,6,2.389953851699829,2.5105087262386108,2131.8403266976206,6,5095,849.1666666666666,66,2718,1225.6091410668682,0.4794261932373047,1,0,1,0,2,6,41352.0,0,10,6,0,5095,0,benign
137.0,137.0,17,14.073315620422363,1.3500727555934526,124.20669351459765,19,1748,92.0,92,92,0.0,0.7818568150202433,0,0,0,0,0,0,,0,0,19,0,1748,0,benign
57621.0,57621.0,17,1e-06,1000000.0,86000000.0,1,86,86.0,86,86,0.0,0.0,0,0,0,0,0,0,,0,0,1,0,86,0,benign
57621.0,57621.0,17,1e-06,1000000.0,86000000.0,1,86,86.0,86,86,0.0,0.0,0,0,0,0,0,0,,0,0,1,0,86,0,benign
137.0,137.0,17,14.896934509277344,0.4027674281754671,37.05460339214297,6,552,92.0,92,92,0.0,2.9798919200897216,0,0,0,0,0,0,,0,0,6,0,552,0,benign
5353.0,5353.0,17,14.654931783676147,0.3411820726159507,27.63574788189201,5,405,81.0,81,81,0.0,3.6639052629470825,0,0,0,0,0,0,,0,0,5,0,405,0,benign
65360.0,5355.0,17,0.400245189666748,4.996937006701415,374.7702755026061,2,150,75.0,75,75,0.0,0.414698839187622,0,0,0,0,0,0,,0,0,2,0,150,0,benign
5353.0,5353.0,17,1e-06,1000000.0,87000000.0,1,87,87.0,87,87,0.0,0.0,0,0,0,0,0,0,,0,0,1,0,87,0,benign
5353.0,5353.0,17,10.047824382781982,3.881437265845396,304.74258738509235,39,3062,78.51282051282051,70,82,4.266588646385176,0.263547188357303,0,0,0,0,0,0,,0,0,39,0,3062,0,benign
5353.0,5353.0,17,10.018263816833496,3.0943485385073703,242.95626912022385,31,2434,78.51612903225806,70,82,4.272945648628008,0.3335429986317952,0,0,0,0,0,0,,0,0,31,0,2434,0,benign
5353.0,5353.0,17,1e-06,1000000.0,132000000.0,1,132,132.0,132,132,0.0,0.0,0,0,0,0,0,0,,0,0,1,0,132,0,benign
5353.0,5353.0,17,15.034088850021362,1.3968255881346718,264.9312532162094,21,3983,189.66666666666663,83,310,113.22028675698245,0.7513635754585266,0,0,0,0,0,0,,0,0,21,0,3983,0,benign
60934.0,5355.0,17,0.4137928485870361,4.833336310256036,362.5002232692028,2,150,75.0,75,75,0.0,0.4140450954437256,0,0,0,0,0,0,,0,0,2,0,150,0,benign
5353.0,5353.0,17,3.021042585372925,1.9860693222433825,162.85768442395735,6,492,82.0,82,82,0.0,0.6042228221893311,0,0,0,0,0,0,,0,0,6,0,492,0,benign
59184.0,5355.0,17,0.413726806640625,4.834107840967766,362.5580880725825,2,150,75.0,75,75,0.0,0.4120397567749023,0,0,0,0,0,0,,0,0,2,0,150,0,benign
58125.0,5355.0,17,0.412672758102417,4.846455116631762,363.4841337473821,2,150,75.0,75,75,0.0,0.4120397567749023,0,0,0,0,0,0,,0,0,2,0,150,0,benign
50528.0,1900.0,17,1e-06,1000000.0,167000000.0,1,167,167.0,167,167,0.0,0.0,0,0,0,0,0,0,,0,0,1,0,167,0,benign
54307.0,3702.0,17,6.867366552352905,1.019313582089433,711.4808802984243,7,4886,698.0,698,698,0.0,1.1458663940429688,0,0,0,0,0,0,,0,0,7,0,4886,0,benign
61544.0,1900.0,17,3.0364291667938232,1.3173368388578663,279.27540983786764,4,848,212.0,212,212,0.0,1.0116732915242512,0,0,0,0,0,0,,0,0,4,0,848,0,benign
49925.0,21027.0,17,1e-06,1000000.0,343000000.0,1,343,343.0,343,343,0.0,0.0,0,0,0,0,0,0,,0,0,1,0,343,0,benign
51660.0,5355.0,17,0.4050259590148926,4.9379551001234985,370.3466325092624,2,150,75.0,75,75,0.0,0.411405086517334,0,0,0,0,0,0,,0,0,2,0,150,0,benign
35134.0,443.0,6,1e-06,1000000.0,66000000.0,1,66,66.0,66,66,0.0,0.0,0,0,0,0,0,1,501.0,0,1,1,0,66,0,benign
5353.0,5353.0,17,1e-06,1000000.0,87000000.0,1,87,87.0,87,87,0.0,0.0,0,0,0,0,0,0,,0,0,1,0,87,0,benign
48952.0,443.0,6,0.7281754016876221,21.97272794840136,3850.7205729573375,16,2804,175.25,66,913,243.2843329659077,0.0484857718149821,1,0,1,0,4,15,64240.0,0,21,16,0,2804,0,benign
443.0,48952.0,6,0.739408016204834,31.105965172047096,32133.814455993,23,23760,1033.0434782608695,66,2962,1237.946814772563,0.0330496051094748,1,0,1,0,17,23,41352.0,0,42,23,0,23760,0,benign
5353.0,5353.0,17,0.7708475589752197,7.783640137586374,1864.1818129519363,6,1437,239.5,93,429,162.20203451251774,0.1554434776306152,0,0,0,0,0,0,,0,0,6,0,1437,0,benign
17500.0,17500.0,17,0.0052180290222167,766.5729690212921,134916.84254774742,4,704,176.0,176,176,0.0,0.00075364112854,0,0,0,0,0,0,,0,0,4,0,704,0,benign
17500.0,17500.0,17,1e-06,1000000.0,176000000.0,1,176,176.0,176,176,0.0,0.0,0,0,0,0,0,0,,0,0,1,0,176,0,benign
57320.0,5355.0,17,0.4169919490814209,4.796255669697557,359.7191752273168,2,150,75.0,75,75,0.0,0.4205851554870605,0,0,0,0,0,0,,0,0,2,0,150,0,benign
62653.0,1900.0,17,1e-06,1000000.0,167000000.0,1,167,167.0,167,167,0.0,0.0,0,0,0,0,0,0,,0,0,1,0,167,0,benign
57621.0,57621.0,17,1e-06,1000000.0,86000000.0,1,86,86.0,86,86,0.0,0.0,0,0,0,0,0,0,,0,0,1,0,86,0,benign
5353.0,5353.0,17,0.799189567565918,7.507605508758238,1880.6551799439387,6,1503,250.5,93,451,174.13299515025864,0.1590207576751709,0,0,0,0,0,0,,0,0,6,0,1503,0,benign
56426.0,3702.0,17,6.02688193321228,1.1614629384765558,810.7011310566359,7,4886,698.0,698,698,0.0,1.0048436721165974,0,0,0,0,0,0,,0,0,7,0,4886,0,benign
17500.0,17500.0,17,1e-06,1000000.0,176000000.0,1,176,176.0,176,176,0.0,0.0,0,0,0,0,0,0,,0,0,1,0,176,0,benign
58776.0,5355.0,17,0.4192354679107666,4.770588733741621,357.7941550306216,2,150,75.0,75,75,0.0,0.418675422668457,0,0,0,0,0,0,,0,0,2,0,150,0,benign
35150.0,443.0,6,1e-06,1000000.0,66000000.0,1,66,66.0,66,66,0.0,0.0,0,0,0,0,0,1,501.0,0,1,1,0,66,0,benign
55145.0,3702.0,17,6.54787015914917,1.0690499093387,746.1968367184127,7,4886,698.0,698,698,0.0,1.091657638549805,0,0,0,0,0,0,,0,0,7,0,4886,0,benign
51654.0,443.0,6,0.5753300189971924,22.595726923234714,3057.3756659976816,13,1759,135.30769230769232,66,583,157.82975248422196,0.0470470388730367,1,0,1,0,3,12,64240.0,0,17,13,0,1759,0,benign
443.0,51654.0,6,0.5776998996734619,20.77203061101942,36203.918352455934,12,20915,1742.9166666666667,66,2962,1427.9466159064868,0.0512844865972345,1,0,1,0,8,12,41352.0,0,22,12,0,20915,0,benign
55457.0,1900.0,17,2.996665954589844,1.3348167799194968,282.98115734293333,4,848,212.0,212,212,0.0,1.000114679336548,0,0,0,0,0,0,,0,0,4,0,848,0,benign
5353.0,5353.0,17,1e-06,1000000.0,92000000.0,1,92,92.0,92,92,0.0,0.0,0,0,0,0,0,0,,0,0,1,0,92,0,benign
5353.0,5353.0,17,1e-06,1000000.0,108000000.0,1,108,108.0,108,108,0.0,0.0,0,0,0,0,0,0,,0,0,1,0,108,0,benign
58466.0,5355.0,17,0.4166643619537353,4.800026550439828,360.00199128298703,2,150,75.0,75,75,0.0,0.4158487319946289,0,0,0,0,0,0,,0,0,2,0,150,0,benign
56113.0,1900.0,17,1e-06,1000000.0,167000000.0,1,167,167.0,167,167,0.0,0.0,0,0,0,0,0,0,,0,0,1,0,167,0,benign
56697.0,1900.0,17,3.073073387145996,1.3016285314666218,232.9915071325253,4,716,179.0,179,179,0.0,1.0243569215138753,0,0,0,0,0,0,,0,0,4,0,716,0,benign
5353.0,5353.0,17,15.053871393203735,1.5278461864888555,123.75554110559727,23,1863,81.0,81,81,0.0,0.6845668445933949,0,0,0,0,0,0,,0,0,23,0,1863,0,benign
49370.0,5355.0,17,0.4320802688598633,4.6287695693150495,347.1577176986287,2,150,75.0,75,75,0.0,0.4206814765930176,0,0,0,0,0,0,,0,0,2,0,150,0,benign
5353.0,5353.0,17,0.7916321754455566,7.579277581312309,1652.2825127260833,6,1308,218.0,86,403,148.16882263148344,0.157737922668457,0,0,0,0,0,0,,0,0,6,0,1308,0,benign
57621.0,57621.0,17,1e-06,1000000.0,86000000.0,1,86,86.0,86,86,0.0,0.0,0,0,0,0,0,0,,0,0,1,0,86,0,benign
64640.0,1900.0,17,3.0141849517822266,1.3270585793465928,281.3364188214777,4,848,212.0,212,212,0.0,1.0048942565917969,0,0,0,0,0,0,,0,0,4,0,848,0,benign
32807.0,53.0,17,1e-06,1000000.0,82000000.0,1,82,82.0,82,82,0.0,0.0,0,0,0,0,0,0,,0,0,1,0,82,0,benign
53.0,32807.0,17,1e-06,1000000.0,130000000.0,1,130,130.0,130,130,0.0,0.0,0,0,0,0,0,0,,0,0,1,0,130,0,benign
37857.0,53.0,17,1e-06,1000000.0,82000000.0,1,82,82.0,82,82,0.0,0.0,0,0,0,0,0,0,,0,0,1,0,82,0,benign
53.0,37857.0,17,1e-06,1000000.0,166000000.0,1,166,166.0,166,166,0.0,0.0,0,0,0,0,0,0,,0,0,1,0,166,0,benign
34622.0,443.0,6,0.4490418434143066,20.042675603610032,6308.988887225247,9,2833,314.77777777777777,66,892,362.60852781539,0.0562444627285003,1,0,0,0,4,8,64240.0,0,13,9,0,2833,0,benign
65504.0,1900.0,17,3.042316198348999,1.3147877272489676,278.7349981767812,4,848,212.0,212,212,0.0,1.0096665223439534,0,0,0,0,0,0,,0,0,4,0,848,0,benign
443.0,34622.0,6,0.4035911560058594,22.299794894091622,13092.457357820018,9,5284,587.1111111111111,66,2962,966.4730265822792,0.0505089163780212,1,0,0,0,5,9,41352.0,0,15,9,0,5284,0,benign
138.0,138.0,17,1e-06,1000000.0,258000000.0,1,258,258.0,258,258,0.0,0.0,0,0,0,0,0,0,,0,0,1,0,258,0,benign
60894.0,3702.0,17,6.870316982269287,1.0188758419830402,711.1753377041621,7,4886,698.0,698,698,0.0,1.144345720609029,0,0,0,0,0,0,,0,0,7,0,4886,0,benign
56227.0,53.0,17,1e-06,1000000.0,143000000.0,1,143,143.0,143,143,0.0,0.0,0,0,0,0,0,0,,0,0,1,0,143,0,benign
53.0,56227.0,17,1e-06,1000000.0,191000000.0,1,191,191.0,191,191,0.0,0.0,0,0,0,0,0,0,,0,0,1,0,191,0,benign
44698.0,443.0,6,1.5188863277435305,100.73169874884452,8531.250669199524,153,12958,84.69281045751634,66,947,105.55743516694145,0.009975790977478,1,0,0,0,4,152,64240.0,0,157,153,0,12958,0,benign
443.0,44698.0,6,1.3516175746917725,122.81580463901204,326329.73132254794,166,441073,2657.0662650602408,66,2962,736.6771435059917,0.0082300041661118,1,0,0,0,148,166,41352.0,0,315,166,0,441073,0,benign
5353.0,5353.0,17,0.7508468627929688,9.322806482751613,1586.2089315653102,7,1191,170.14285714285714,86,301,106.34445381468116,0.1257476409276326,0,0,0,0,0,0,,0,0,7,0,1191,0,benign
137.0,137.0,17,1.501570701599121,1.997907921888129,183.80752881370788,3,276,92.0,92,92,0.0,0.7518178224563599,0,0,0,0,0,0,,0,0,3,0,276,0,benign
57621.0,57621.0,17,1e-06,1000000.0,86000000.0,1,86,86.0,86,86,0.0,0.0,0,0,0,0,0,0,,0,0,1,0,86,0,benign
55514.0,1900.0,17,1e-06,1000000.0,167000000.0,1,167,167.0,167,167,0.0,0.0,0,0,0,0,0,0,,0,0,1,0,167,0,benign
5353.0,5353.0,17,0.7944121360778809,7.552754706924297,1317.95569635829,6,1047,174.5,93,299,92.33363417520184,0.1606065273284912,0,0,0,0,0,0,,0,0,6,0,1047,0,benign
54082.0,5355.0,17,0.4274411201477051,4.679007015770703,350.92552618280274,2,150,75.0,75,75,0.0,0.4198732376098633,0,0,0,0,0,0,,0,0,2,0,150,0,benign
48940.0,443.0,6,1e-06,1000000.0,66000000.0,1,66,66.0,66,66,0.0,0.0,0,0,0,0,0,1,501.0,0,1,1,0,66,0,benign
52612.0,5355.0,17,0.4183328151702881,4.780882415800617,358.5661811850463,2,150,75.0,75,75,0.0,0.415018081665039,0,0,0,0,0,0,,0,0,2,0,150,0,benign
54700.0,5355.0,17,0.4167954921722412,4.798516388880468,359.88872916603503,2,150,75.0,75,75,0.0,0.415018081665039,0,0,0,0,0,0,,0,0,2,0,150,0,benign
5353.0,5353.0,17,1e-06,1000000.0,87000000.0,1,87,87.0,87,87,0.0,0.0,0,0,0,0,0,0,,0,0,1,0,87,0,benign
63564.0,1900.0,17,2.9964382648468018,1.3349182083697984,284.33757838276705,4,852,213.0,213,213,0.0,1.0007725556691487,0,0,0,0,0,0,,0,0,4,0,852,0,benign
137.0,137.0,17,14.804169654846191,1.1483251270654682,105.64591169002308,17,1564,92.0,92,92,0.0,0.9259457737207412,0,0,0,0,0,0,,0,0,17,0,1564,0,benign
49997.0,1900.0,17,1e-06,1000000.0,136000000.0,1,136,136.0,136,136,0.0,0.0,0,0,0,0,0,0,,0,0,1,0,136,0,benign
60922.0,1900.0,17,6.0142011642456055,0.4988193640470466,89.28866616442133,3,537,179.0,179,179,0.0,3.0085597038269043,0,0,0,0,0,0,,0,0,3,0,537,0,benign
137.0,137.0,17,14.35739541053772,1.5323113539000903,140.97264455880833,22,2024,92.0,92,92,0.0,0.6841023649488177,0,0,0,0,0,0,,0,0,22,0,2024,0,benign
5353.0,5353.0,17,14.356927871704102,1.1144445485119563,90.27000842946846,16,1296,81.0,81,81,0.0,0.957895310719808,0,0,0,0,0,0,,0,0,16,0,1296,0,benign
54418.0,1900.0,17,1e-06,1000000.0,167000000.0,1,167,167.0,167,167,0.0,0.0,0,0,0,0,0,0,,0,0,1,0,167,0,benign
57621.0,57621.0,17,1e-06,1000000.0,86000000.0,1,86,86.0,86,86,0.0,0.0,0,0,0,0,0,0,,0,0,1,0,86,0,benign
51666.0,443.0,6,0.5623557567596436,28.45174039329441,3474.6687955310804,16,1954,122.125,66,583,143.5738485936767,0.0376688321431477,1,0,1,0,3,15,64240.0,0,20,16,0,1954,0,benign
443.0,51666.0,6,0.561455249786377,26.716287728553997,53249.12361470525,15,29897,1993.1333333333332,66,2962,1384.6185068544366,0.0403330326080322,1,0,1,0,11,15,41352.0,0,28,15,0,29897,0,benign
5353.0,5353.0,17,15.061257123947144,1.1951193616753482,232.8490889664137,18,3507,194.83333333333331,83,310,113.412443554229,0.8863736461190617,0,0,0,0,0,0,,0,0,18,0,3507,0,benign
55319.0,1900.0,17,3.049142360687256,1.311844291552995,278.1109898092349,4,848,212.0,212,212,0.0,1.0144788424173992,0,0,0,0,0,0,,0,0,4,0,848,0,benign
60544.0,5355.0,17,0.4110050201416015,4.866120611643502,364.95904587326265,2,150,75.0,75,75,0.0,0.4109477996826172,0,0,0,0,0,0,,0,0,2,0,150,0,benign
52719.0,5355.0,17,0.3975746631622314,5.030501652425206,377.2876239318904,2,150,75.0,75,75,0.0,0.408588171005249,0,0,0,0,0,0,,0,0,2,0,150,0,benign
59593.0,5355.0,17,0.4204509258270263,4.756797707285346,356.7598280464009,2,150,75.0,75,75,0.0,0.4200620651245117,0,0,0,0,0,0,,0,0,2,0,150,0,benign
51056.0,443.0,6,0.8143038749694824,19.6486845903805,2393.455391665725,16,1949,121.8125,66,583,143.02830430838972,0.0543224493662516,1,0,1,0,3,15,64240.0,0,20,16,0,1949,0,benign
443.0,51056.0,6,0.7986838817596436,17.528837528504386,36804.298510741886,14,29395,2099.6428571428573,66,2962,1336.2778158372985,0.0625787148108849,1,0,1,0,10,14,41352.0,0,26,14,0,29395,0,benign
137.0,137.0,17,1.5178115367889404,1.9765299757483432,181.8407577688476,3,276,92.0,92,92,0.0,0.7577084302902222,0,0,0,0,0,0,,0,0,3,0,276,0,benign
48952.0,443.0,6,1e-06,1000000.0,66000000.0,1,66,66.0,66,66,0.0,0.0,0,0,0,0,0,1,501.0,0,1,1,0,66,0,benign
5353.0,5353.0,17,11.232060432434082,0.6232160200800345,92.5030635518794,7,1039,148.42857142857142,83,271,81.10252183267205,1.872479557991028,0,0,0,0,0,0,,0,0,7,0,1039,0,benign
5353.0,5353.0,17,10.024927139282228,3.990053936976938,314.21674753693384,40,3150,78.75,70,86,3.998397114742292,0.2568140029907226,0,0,0,0,0,0,,0,0,40,0,3150,0,benign
5353.0,5353.0,17,9.880181074142456,4.048508797544661,318.61764236676487,40,3148,78.7,70,86,4.071161870321417,0.256848353606004,0,0,0,0,0,0,,0,0,40,0,3148,0,benign
5353.0,5353.0,17,1e-06,1000000.0,128000000.0,1,128,128.0,128,128,0.0,0.0,0,0,0,0,0,0,,0,0,1,0,128,0,benign
61161.0,5355.0,17,0.3595659732818603,5.562261583723939,417.1696187792954,2,150,75.0,75,75,0.0,0.4175496101379394,0,0,0,0,0,0,,0,0,2,0,150,0,benign
62876.0,5355.0,17,0.3981692790985107,5.022989228421064,376.7241921315799,2,150,75.0,75,75,0.0,0.4117155075073242,0,0,0,0,0,0,,0,0,2,0,150,0,benign
57621.0,57621.0,17,1e-06,1000000.0,86000000.0,1,86,86.0,86,86,0.0,0.0,0,0,0,0,0,0,,0,0,1,0,86,0,benign
53946.0,5355.0,17,0.4181888103485107,4.782528729865434,358.68965473990755,2,150,75.0,75,75,0.0,0.415194034576416,0,0,0,0,0,0,,0,0,2,0,150,0,benign
57281.0,5355.0,17,0.4183144569396972,4.7810922305473005,358.58191729104755,2,150,75.0,75,75,0.0,0.4171669483184814,0,0,0,0,0,0,,0,0,2,0,150,0,benign
5353.0,5353.0,17,1e-06,1000000.0,87000000.0,1,87,87.0,87,87,0.0,0.0,0,0,0,0,0,0,,0,0,1,0,87,0,benign
51494.0,5355.0,17,0.4223461151123047,4.735452578907199,355.15894341803994,2,150,75.0,75,75,0.0,0.4226455688476562,0,0,0,0,0,0,,0,0,2,0,150,0,benign
5353.0,5353.0,17,0.7617416381835938,7.876686397644302,1698.7386997586211,6,1294,215.66666666666663,82,385,147.72226191968042,0.1508913516998291,0,0,0,0,0,0,,0,0,6,0,1294,0,benign
55425.0,5355.0,17,0.4058346748352051,4.928115126712936,369.6086345034702,2,150,75.0,75,75,0.0,0.4175252914428711,0,0,0,0,0,0,,0,0,2,0,150,0,benign
50656.0,443.0,6,0.6180012226104736,25.889916418635963,3140.770485535775,16,1941,121.3125,66,583,142.17393982958575,0.0414473056793212,1,0,1,0,3,15,64240.0,0,20,16,0,1941,0,benign
51654.0,443.0,6,1e-06,1000000.0,66000000.0,1,66,66.0,66,66,0.0,0.0,0,0,0,0,0,1,501.0,0,1,1,0,66,0,benign
443.0,50656.0,6,0.6173543930053711,24.297227281363977,49652.19385704333,15,30653,2043.5333333333333,66,2962,1329.3416666405467,0.0442636013031005,1,0,1,0,11,15,41352.0,0,28,15,0,30653,0,benign
50399.0,1900.0,17,3.026700735092163,1.321571027364289,280.17305780122933,4,848,212.0,212,212,0.0,1.0087134838104248,0,0,0,0,0,0,,0,0,4,0,848,0,benign
50542.0,3702.0,17,6.210880756378174,1.127054322015674,786.6839167669406,7,4886,698.0,698,698,0.0,1.0346496899922688,0,0,0,0,0,0,,0,0,7,0,4886,0,benign
5353.0,5353.0,17,0.7858660221099854,7.634889193822753,1166.8655651225774,6,917,152.83333333333334,83,259,79.04534563569614,0.1562169075012207,0,0,0,0,0,0,,0,0,6,0,917,0,benign
59750.0,5355.0,17,0.4096138477325439,4.882647427744908,366.19855708086806,2,150,75.0,75,75,0.0,0.4126214981079101,0,0,0,0,0,0,,0,0,2,0,150,0,benign
51924.0,5355.0,17,0.4247829914093017,4.708286443778277,296.6220459580315,2,126,63.0,63,63,0.0,0.4247307777404785,0,0,0,0,0,0,,0,0,2,0,126,0,benign
5353.0,5353.0,17,14.091371536254885,1.4193082588549415,114.96396896725028,20,1620,81.0,81,81,0.0,0.7406860778206273,0,0,0,0,0,0,,0,0,20,0,1620,0,benign
137.0,137.0,17,3.0459139347076416,4.268012911286605,469.48142024152656,13,1430,110.0,110,110,0.0,0.2538015445073445,0,0,0,0,0,0,,0,0,13,0,1430,0,benign
54078.0,5355.0,17,0.4064106941223144,4.921130346530878,354.3213849502232,2,144,72.0,72,72,0.0,0.4028897285461426,0,0,0,0,0,0,,0,0,2,0,144,0,benign
54081.0,1900.0,17,3.069840908050537,1.3029991194365016,233.23684237913375,4,716,179.0,179,179,0.0,1.0245838165283203,0,0,0,0,0,0,,0,0,4,0,716,0,benign
56553.0,5355.0,17,0.4018917083740234,4.976464948957557,358.3054763249441,2,144,72.0,72,72,0.0,0.4029698371887207,0,0,0,0,0,0,,0,0,2,0,144,0,benign
57621.0,57621.0,17,1e-06,1000000.0,86000000.0,1,86,86.0,86,86,0.0,0.0,0,0,0,0,0,0,,0,0,1,0,86,0,benign
60787.0,5355.0,17,0.4124593734741211,4.848962415750471,363.6721811812853,2,150,75.0,75,75,0.0,0.4159548282623291,0,0,0,0,0,0,,0,0,2,0,150,0,benign
49665.0,5355.0,17,0.4055361747741699,4.931742528551826,355.08546205573145,2,144,72.0,72,72,0.0,0.4095666408538818,0,0,0,0,0,0,,0,0,2,0,144,0,benign
53096.0,1900.0,17,1e-06,1000000.0,167000000.0,1,167,167.0,167,167,0.0,0.0,0,0,0,0,0,0,,0,0,1,0,167,0,benign
65227.0,5355.0,17,0.412104845046997,4.853133914918949,363.9850436189212,2,150,75.0,75,75,0.0,0.4163599014282226,0,0,0,0,0,0,,0,0,2,0,150,0,benign
5353.0,5353.0,17,7.124079942703247,1.122952025291898,265.0166779688879,8,1888,236.0,114,298,53.2031148389963,1.016138962336949,0,0,0,0,0,0,,0,0,8,0,1888,0,benign
137.0,137.0,17,14.06610107421875,1.1374864943438965,104.64875747963846,16,1472,92.0,92,92,0.0,0.9382765293121338,0,0,0,0,0,0,,0,0,16,0,1472,0,benign
137.0,137.0,17,2.3927419185638428,1.6717222902170978,153.79845069997302,4,368,92.0,92,92,0.0,0.7980384031931559,0,0,0,0,0,0,,0,0,4,0,368,0,benign
35196.0,53.0,17,1e-06,1000000.0,87000000.0,1,87,87.0,87,87,0.0,0.0,0,0,0,0,0,0,,0,0,1,0,87,0,benign
44429.0,53.0,17,1e-06,1000000.0,87000000.0,1,87,87.0,87,87,0.0,0.0,0,0,0,0,0,0,,0,0,1,0,87,0,benign
56367.0,5355.0,17,0.4181411266326904,4.783074116880325,344.38133641538343,2,144,72.0,72,72,0.0,0.4132487773895263,0,0,0,0,0,0,,0,0,2,0,144,0,benign
137.0,137.0,17,2.3250677585601807,5.161139909071342,567.7253899978476,12,1320,110.0,110,110,0.0,0.2114012024619362,0,0,0,0,0,0,,0,0,12,0,1320,0,benign
53.0,44429.0,17,1e-06,1000000.0,314000000.0,1,314,314.0,314,314,0.0,0.0,0,0,0,0,0,0,,0,0,1,0,314,0,benign
53.0,35196.0,17,1e-06,1000000.0,278000000.0,1,278,278.0,278,278,0.0,0.0,0,0,0,0,0,0,,0,0,1,0,278,0,benign
57621.0,57621.0,17,1e-06,1000000.0,86000000.0,1,86,86.0,86,86,0.0,0.0,0,0,0,0,0,0,,0,0,1,0,86,0,benign
5353.0,5353.0,17,0.0039482116699218,506.5584541062802,49136.17004830918,2,194,97.0,91,103,8.48528137423857,0.0032260417938232,0,0,0,0,0,0,,0,0,2,0,194,0,benign
5353.0,5353.0,17,1e-06,1000000.0,91000000.0,1,91,91.0,91,91,0.0,0.0,0,0,0,0,0,0,,0,0,1,0,91,0,benign
38280.0,443.0,6,0.1832556724548339,60.02542705853271,8572.722355359536,11,1571,142.8181818181818,66,583,164.94654781584134,0.0181677818298339,1,0,1,0,3,10,64240.0,0,15,11,0,1571,0,benign
53478.0,80.0,6,0.231839895248413,25.879928877517337,2751.89910397601,6,638,106.33333333333331,66,300,94.9308520274977,0.0471619129180908,1,0,1,0,1,5,64240.0,0,8,6,0,638,0,benign
80.0,53478.0,6,0.2324616909027099,21.50892037558397,5377.230093895992,5,1250,250.0,66,811,321.5967972477338,0.0585644841194152,1,0,1,0,2,5,65160.0,0,9,5,0,1250,0,benign
443.0,38280.0,6,0.1821179389953613,54.90947270304167,51126.2100338021,10,9311,931.1,66,4350,1404.551921432597,0.0201982392205132,1,0,1,0,4,10,65535.0,0,16,10,0,9311,0,benign
57116.0,5355.0,17,0.4202048778533935,4.759583016306121,356.96872622295905,2,150,75.0,75,75,0.0,0.4197506904602051,0,0,0,0,0,0,,0,0,2,0,150,0,benign
5353.0,5353.0,17,1e-06,1000000.0,136000000.0,1,136,136.0,136,136,0.0,0.0,0,0,0,0,0,0,,0,0,1,0,136,0,benign
5353.0,5353.0,17,1e-06,1000000.0,133000000.0,1,133,133.0,133,133,0.0,0.0,0,0,0,0,0,0,,0,0,1,0,133,0,benign
5353.0,5353.0,17,1.0060174465179443,1.988037093116482,161.03100454243506,2,162,81.0,81,81,0.0,1.0081901550292969,0,0,0,0,0,0,,0,0,2,0,162,0,benign
52091.0,5355.0,17,0.412607192993164,4.847225239801225,363.5418929850919,2,150,75.0,75,75,0.0,0.4160873889923095,0,0,0,0,0,0,,0,0,2,0,150,0,benign
51666.0,443.0,6,1e-06,1000000.0,66000000.0,1,66,66.0,66,66,0.0,0.0,0,0,0,0,0,1,614.0,0,1,1,0,66,0,benign
58122.0,443.0,6,0.1057431697845459,198.59438716266948,21325.25443103903,21,2255,107.38095238095238,66,583,123.99374024138324,0.0052945256233215,1,0,1,0,3,20,64240.0,0,25,21,0,2255,0,benign
39234.0,80.0,6,0.2608900070190429,19.16516487975348,2161.830598436192,5,564,112.8,66,292,100.2357221752804,0.0708473920822143,1,0,1,0,1,4,64240.0,0,7,5,0,564,0,benign
80.0,39234.0,6,0.2658348083496094,15.04693845337007,2561.741271686254,4,681,170.25,66,475,203.20166501942515,0.0941880544026692,1,0,1,0,1,4,65160.0,0,7,4,0,681,0,benign
443.0,58122.0,6,0.1532387733459472,169.66985203740296,314084.99917539244,26,48130,1851.1538461538464,66,2962,1356.871952464423,0.0060710620880126,1,0,1,0,20,26,65160.0,0,48,26,0,48130,0,benign
58122.0,443.0,6,0.000267744064331,7469.820124666073,403370.286731968,2,108,54.0,54,54,0.0,0.0014934539794921,0,2,0,0,0,0,0.0,0,2,2,0,108,0,benign
5353.0,5353.0,17,14.999280452728271,1.1333877017352396,228.67763629128655,17,3430,201.76470588235293,83,310,114.01509188028832,0.9386488944292068,0,0,0,0,0,0,,0,0,17,0,3430,0,benign
58132.0,443.0,6,0.1903581619262695,94.55859322161268,10826.958923874652,18,2061,114.5,66,583,133.55688367310233,0.0123388346503762,1,0,1,0,3,17,64240.0,0,22,18,0,2061,0,benign
443.0,58132.0,6,0.1985762119293213,100.71699830349544,159611.2630614644,20,31695,1584.75,66,2962,1353.6150379825986,0.010794300782053,1,0,1,0,15,20,65160.0,0,37,20,0,31695,0,benign
58132.0,443.0,6,0.0002176761627197,9187.96056955093,496149.8707557503,2,108,54.0,54,54,0.0,6.604194641113281e-05,0,2,0,0,0,0,0.0,0,2,2,0,108,0,benign
49925.0,21027.0,17,1e-06,1000000.0,343000000.0,1,343,343.0,343,343,0.0,0.0,0,0,0,0,0,0,,0,0,1,0,343,0,benign
56800.0,5355.0,17,0.4157767295837402,4.810274018948399,360.77055142112994,2,150,75.0,75,75,0.0,0.4162106513977051,0,0,0,0,0,0,,0,0,2,0,150,0,benign
5353.0,5353.0,17,0.7803869247436523,7.688493758363426,1587.6739611020475,6,1239,206.5,93,363,126.54445859064712,0.155982494354248,0,0,0,0,0,0,,0,0,6,0,1239,0,benign
58146.0,443.0,6,0.1519970893859863,105.26517359400933,12802.876738371382,16,1946,121.625,66,583,142.70523232640537,0.0096701780954996,1,0,1,0,3,15,64240.0,0,20,16,0,1946,0,benign
443.0,58146.0,6,0.155729055404663,109.1639575917633,158968.40789068778,17,24756,1456.235294117647,66,2962,1368.360767917756,0.009664237499237,1,0,1,0,12,17,65160.0,0,31,17,0,24756,0,benign
58146.0,443.0,6,0.0032870769500732,608.4433161674041,32855.93907303982,2,108,54.0,54,54,0.0,0.0002269744873046,0,2,0,0,0,0,0.0,0,2,2,0,108,0,benign
51056.0,443.0,6,1e-06,1000000.0,66000000.0,1,66,66.0,66,66,0.0,0.0,0,0,0,0,0,1,588.0,0,1,1,0,66,0,benign
17500.0,17500.0,17,0.0018339157104492,2181.1253250130007,383878.05720228807,4,704,176.0,176,176,0.0,0.0009229977925618,0,0,0,0,0,0,,0,0,4,0,704,0,benign
17500.0,17500.0,17,1e-06,1000000.0,176000000.0,1,176,176.0,176,176,0.0,0.0,0,0,0,0,0,0,,0,0,1,0,176,0,benign
1716.0,1716.0,17,1e-06,1000000.0,1514000000.0,1,1514,1514.0,1514,1514,0.0,0.0,0,0,0,0,0,0,,0,0,1,0,1514,0,benign
,,17,1e-06,1000000.0,681000000.0,1,681,681.0,681,681,0.0,0.0,0,0,0,0,0,0,,0,0,1,0,681,0,benign
43697.0,5353.0,17,1e-06,1000000.0,82000000.0,1,82,82.0,82,82,0.0,0.0,0,0,0,0,0,0,,0,0,1,0,82,0,benign
59609.0,1900.0,17,3.014664888381958,1.3268473107625884,281.2916298816688,4,848,212.0,212,212,0.0,1.0049424171447754,0,0,0,0,0,0,,0,0,4,0,848,0,benign
5353.0,5353.0,17,0.0042400360107421,943.3882141250564,94338.82141250564,4,400,100.0,81,119,21.93931022920578,0.0090892314910888,0,0,0,0,0,0,,0,0,4,0,400,0,benign
54838.0,5355.0,17,1e-06,1000000.0,75000000.0,1,75,75.0,75,75,0.0,0.0,0,0,0,0,0,0,,0,0,1,0,75,0,benign
5353.0,5353.0,17,1e-06,1000000.0,292000000.0,1,292,292.0,292,292,0.0,0.0,0,0,0,0,0,0,,0,0,1,0,292,0,benign
41818.0,443.0,6,0.1922581195831298,145.63754217877477,14236.069747975233,28,2737,97.75,66,583,109.91297062272092,0.007359054353502,1,0,1,0,3,27,64240.0,0,32,28,0,2737,0,benign
443.0,41818.0,6,0.2035515308380127,157.20834851134455,349213.78241349704,32,71083,2221.34375,66,4410,1401.4373407183346,0.0067579976973995,1,0,1,0,25,32,65160.0,0,59,32,0,71083,0,benign
41818.0,443.0,6,0.0002205371856689,9068.765405405406,489713.3318918919,2,108,54.0,54,54,0.0,6.532669067382812e-05,0,2,0,0,0,0,0.0,0,2,2,0,108,0,benign
17500.0,17500.0,17,1e-06,1000000.0,176000000.0,1,176,176.0,176,176,0.0,0.0,0,0,0,0,0,0,,0,0,1,0,176,0,benign
5353.0,5353.0,17,2.9892420768737797,2.3417307196882384,439.91084234143335,7,1315,187.8571428571429,82,363,131.69336679249588,0.4985047578811645,0,0,0,0,0,0,,0,0,7,0,1315,0,benign
5353.0,5353.0,17,0.7961845397949219,7.535941355436839,1895.289250892365,6,1509,251.5,93,453,175.21843510315915,0.159516429901123,0,0,0,0,0,0,,0,0,6,0,1509,0,benign
62898.0,1900.0,17,1e-06,1000000.0,167000000.0,1,167,167.0,167,167,0.0,0.0,0,0,0,0,0,0,,0,0,1,0,167,0,benign
53836.0,5355.0,17,0.4193377494812011,4.76942512920521,357.7068846903908,2,150,75.0,75,75,0.0,0.4202055931091308,0,0,0,0,0,0,,0,0,2,0,150,0,benign
43002.0,53.0,17,1e-06,1000000.0,139000000.0,1,139,139.0,139,139,0.0,0.0,0,0,0,0,0,0,,0,0,1,0,139,0,benign
53.0,43002.0,17,1e-06,1000000.0,223000000.0,1,223,223.0,223,223,0.0,0.0,0,0,0,0,0,0,,0,0,1,0,223,0,benign
5353.0,5353.0,17,12.964953422546388,1.5426202739162551,121.55847758460092,20,1576,78.8,75,139,14.420745290616644,0.6826404395856356,0,0,0,0,0,0,,0,0,20,0,1576,0,benign
5353.0,5353.0,17,10.040507316589355,4.681038369679248,366.7145378118934,47,3682,78.34042553191489,70,81,3.857666538120416,0.2178660942160565,0,0,0,0,0,0,,0,0,47,0,3682,0,benign
5353.0,5353.0,17,10.030152320861816,5.583165460361457,440.37217568600994,56,4417,78.875,70,81,3.485358987640624,0.1820756955580278,0,0,0,0,0,0,,0,0,56,0,4417,0,benign
50656.0,443.0,6,1e-06,1000000.0,66000000.0,1,66,66.0,66,66,0.0,0.0,0,0,0,0,0,1,614.0,0,1,1,0,66,0,benign
5353.0,5353.0,17,1e-06,1000000.0,139000000.0,1,139,139.0,139,139,0.0,0.0,0,0,0,0,0,0,,0,0,1,0,139,0,benign
5353.0,5353.0,17,1e-06,1000000.0,139000000.0,1,139,139.0,139,139,0.0,0.0,0,0,0,0,0,0,,0,0,1,0,139,0,benign
57621.0,57621.0,17,1e-06,1000000.0,86000000.0,1,86,86.0,86,86,0.0,0.0,0,0,0,0,0,0,,0,0,1,0,86,0,benign
5353.0,5353.0,17,1e-06,1000000.0,139000000.0,1,139,139.0,139,139,0.0,0.0,0,0,0,0,0,0,,0,0,1,0,139,0,benign
5353.0,5353.0,17,1e-06,1000000.0,139000000.0,1,139,139.0,139,139,0.0,0.0,0,0,0,0,0,0,,0,0,1,0,139,0,benign
137.0,137.0,17,4.169736385345459,1.4389398862448484,132.38246953452605,6,552,92.0,92,92,0.0,0.8340754032135009,0,0,0,0,0,0,,0,0,6,0,552,0,benign
50249.0,5355.0,17,0.4077920913696289,4.904459998924231,338.4077399257719,2,138,69.0,69,69,0.0,0.412299633026123,0,0,0,0,0,0,,0,0,2,0,138,0,benign
51427.0,5355.0,17,0.4068868160247803,4.915371846007898,339.16065737454494,2,138,69.0,69,69,0.0,0.4113285541534424,0,0,0,0,0,0,,0,0,2,0,138,0,benign
60113.0,1900.0,17,0.0295252799987792,270.9542466771104,97204.83599541336,8,2870,358.75,322,396,34.84967718645325,0.0042006969451904,0,0,0,0,0,0,,0,0,8,0,2870,0,benign
5353.0,5353.0,17,15.087602853775024,1.524430369947419,123.47885996574097,23,1863,81.0,81,81,0.0,0.6856510530818593,0,0,0,0,0,0,,0,0,23,0,1863,0,benign
57621.0,57621.0,17,1e-06,1000000.0,86000000.0,1,86,86.0,86,86,0.0,0.0,0,0,0,0,0,0,,0,0,1,0,86,0,benign
59979.0,5355.0,17,0.422189712524414,4.737206854334106,355.290514075058,2,150,75.0,75,75,0.0,0.413907527923584,0,0,0,0,0,0,,0,0,2,0,150,0,benign
59696.0,1900.0,17,3.008139133453369,1.3297257282803825,281.9018543954411,4,848,212.0,212,212,0.0,1.0082317193349202,0,0,0,0,0,0,,0,0,4,0,848,0,benign
57621.0,57621.0,17,1e-06,1000000.0,86000000.0,1,86,86.0,86,86,0.0,0.0,0,0,0,0,0,0,,0,0,1,0,86,0,benign
52039.0,5355.0,17,0.4092788696289062,4.886643676018268,337.1784136452605,2,138,69.0,69,69,0.0,0.4094507694244385,0,0,0,0,0,0,,0,0,2,0,138,0,benign
59105.0,5355.0,17,0.4098448753356933,4.879895102657686,336.7127620833804,2,138,69.0,69,69,0.0,0.4103827476501465,0,0,0,0,0,0,,0,0,2,0,138,0,benign
5353.0,5353.0,17,0.81925368309021,7.323738817222169,1922.4814395208195,6,1575,262.5,93,475,187.16596912900596,0.1592055320739746,0,0,0,0,0,0,,0,0,6,0,1575,0,benign
41826.0,443.0,6,1.1070141792297363,26.19659309167863,2549.19950705921,29,2822,97.3103448275862,66,583,109.728920347332,0.0395494784627641,1,0,1,0,3,28,64240.0,0,33,29,0,2822,0,benign
443.0,41826.0,6,1.0961089134216309,28.28186106363273,69031.46126583336,31,75666,2440.8387096774195,66,4410,1560.5081030821168,0.0365099509557088,1,0,1,0,26,31,65160.0,0,59,31,0,75666,0,benign
41826.0,443.0,6,0.0002920627593994,6847.843265306123,369783.5363265306,2,108,54.0,54,54,0.0,6.628036499023438e-05,0,2,0,0,0,0,0.0,0,2,2,0,108,0,benign
137.0,137.0,17,14.835734844207764,1.1458818978985204,105.42113460666388,17,1564,92.0,92,92,0.0,0.927430659532547,0,0,0,0,0,0,,0,0,17,0,1564,0,benign
43388.0,53.0,17,1e-06,1000000.0,86000000.0,1,86,86.0,86,86,0.0,0.0,0,0,0,0,0,0,,0,0,1,0,86,0,benign
41264.0,53.0,17,1e-06,1000000.0,86000000.0,1,86,86.0,86,86,0.0,0.0,0,0,0,0,0,0,,0,0,1,0,86,0,benign
53.0,43388.0,17,1e-06,1000000.0,184000000.0,1,184,184.0,184,184,0.0,0.0,0,0,0,0,0,0,,0,0,1,0,184,0,benign
53.0,41264.0,17,1e-06,1000000.0,344000000.0,1,344,344.0,344,344,0.0,0.0,0,0,0,0,0,0,,0,0,1,0,344,0,benign
53478.0,80.0,6,1e-06,1000000.0,66000000.0,1,66,66.0,66,66,0.0,0.0,0,0,0,0,0,1,496.0,0,1,1,0,66,0,benign
47717.0,53.0,17,1e-06,1000000.0,84000000.0,1,84,84.0,84,84,0.0,0.0,0,0,0,0,0,0,,0,0,1,0,84,0,benign
51318.0,53.0,17,1e-06,1000000.0,84000000.0,1,84,84.0,84,84,0.0,0.0,0,0,0,0,0,0,,0,0,1,0,84,0,benign
53.0,47717.0,17,1e-06,1000000.0,214000000.0,1,214,214.0,214,214,0.0,0.0,0,0,0,0,0,0,,0,0,1,0,214,0,benign
38280.0,443.0,6,1e-06,1000000.0,66000000.0,1,66,66.0,66,66,0.0,0.0,0,0,0,0,0,1,501.0,0,1,1,0,66,0,benign
53.0,51318.0,17,1e-06,1000000.0,302000000.0,1,302,302.0,302,302,0.0,0.0,0,0,0,0,0,0,,0,0,1,0,302,0,benign
37683.0,53.0,17,1e-06,1000000.0,119000000.0,1,119,119.0,119,119,0.0,0.0,0,0,0,0,0,0,,0,0,1,0,119,0,benign
53.0,37683.0,17,1e-06,1000000.0,135000000.0,1,135,135.0,135,135,0.0,0.0,0,0,0,0,0,0,,0,0,1,0,135,0,benign
137.0,137.0,17,1.5189392566680908,1.975062522632228,181.7057520821649,3,276,92.0,92,92,0.0,0.7593705654144287,0,0,0,0,0,0,,0,0,3,0,276,0,benign
39234.0,80.0,6,1e-06,1000000.0,66000000.0,1,66,66.0,66,66,0.0,0.0,0,0,0,0,0,1,501.0,0,1,1,0,66,0,benign
57621.0,57621.0,17,1e-06,1000000.0,86000000.0,1,86,86.0,86,86,0.0,0.0,0,0,0,0,0,0,,0,0,1,0,86,0,benign
43206.0,1900.0,17,3.004236459732056,1.3314531174942053,279.6051546737831,4,840,210.0,210,210,0.0,1.0010137557983398,0,0,0,0,0,0,,0,0,4,0,840,0,benign
36833.0,1900.0,17,2.9905190467834477,1.3375604493481938,280.8876943631207,4,840,210.0,210,210,0.0,1.0009334882100422,0,0,0,0,0,0,,0,0,4,0,840,0,benign
64221.0,3702.0,17,7.718860626220703,0.9068695937093671,632.9949764091382,7,4886,698.0,698,698,0.0,1.2865523099899292,0,0,0,0,0,0,,0,0,7,0,4886,0,benign
64223.0,1900.0,17,3.0195698738098145,1.3246919816937932,280.8347001190841,4,848,212.0,212,212,0.0,1.0064116319020588,0,0,0,0,0,0,,0,0,4,0,848,0,benign
5353.0,5353.0,17,12.11660361289978,0.1650627571798029,18.074371911188425,2,219,109.5,87,132,31.81980515339464,12.10940408706665,0,0,0,0,0,0,,0,0,2,0,219,0,benign
38522.0,443.0,6,0.3651199340820312,46.56004346281631,5472.17451992394,17,1998,117.52941176470588,66,583,137.3986524893252,0.0228708982467651,1,0,1,0,3,16,64240.0,0,21,17,0,1998,0,benign
443.0,38522.0,6,0.3795299530029297,50.06192488805576,76320.72191091701,19,28966,1524.5263157894738,66,2962,1416.840670428442,0.0212057299084133,1,0,1,0,14,19,65160.0,0,35,19,0,28966,0,benign
38522.0,443.0,6,0.000195026397705,10255.022004889976,553771.1882640587,2,108,54.0,54,54,0.0,6.818771362304688e-05,0,2,0,0,0,0,0.0,0,2,2,0,108,0,benign
137.0,137.0,17,13.473316192626951,1.7812986540858886,163.87947617590174,24,2208,92.0,92,92,0.0,0.5863828140756359,0,0,0,0,0,0,,0,0,24,0,2208,0,benign
5353.0,5353.0,17,12.962672472000122,1.23431337438793,99.97938332542232,16,1296,81.0,81,81,0.0,0.8649313449859619,0,0,0,0,0,0,,0,0,16,0,1296,0,benign
62554.0,5355.0,17,0.3989622592926025,5.0130054996835725,375.97541247626793,2,150,75.0,75,75,0.0,0.4131591320037842,0,0,0,0,0,0,,0,0,2,0,150,0,benign
65205.0,5355.0,17,0.4170420169830322,4.7956798561171645,359.6759892087873,2,150,75.0,75,75,0.0,0.4172933101654053,0,0,0,0,0,0,,0,0,2,0,150,0,benign
5353.0,5353.0,17,1e-06,1000000.0,83000000.0,1,83,83.0,83,83,0.0,0.0,0,0,0,0,0,0,,0,0,1,0,83,0,benign
5353.0,5353.0,17,1e-06,1000000.0,132000000.0,1,132,132.0,132,132,0.0,0.0,0,0,0,0,0,0,,0,0,1,0,132,0,benign
5353.0,5353.0,17,1e-06,1000000.0,139000000.0,1,139,139.0,139,139,0.0,0.0,0,0,0,0,0,0,,0,0,1,0,139,0,benign
5353.0,5353.0,17,2.698671817779541,0.7411053047738105,183.0530102791312,2,494,247.0,132,362,162.63455967290594,2.697904586791992,0,0,0,0,0,0,,0,0,2,0,494,0,benign
5353.0,5353.0,17,3.494802713394165,6.867340438994656,3206.18956745563,24,11205,466.875,84,1514,521.8609103799677,0.1518313677414604,0,0,0,0,0,0,,0,0,24,0,11205,0,benign
5353.0,5353.0,17,1e-06,1000000.0,139000000.0,1,139,139.0,139,139,0.0,0.0,0,0,0,0,0,0,,0,0,1,0,139,0,benign
63028.0,5355.0,17,0.3954339027404785,5.057735277980429,364.1569400145909,2,144,72.0,72,72,0.0,0.4021809101104736,0,0,0,0,0,0,,0,0,2,0,144,0,benign
5353.0,5353.0,17,0.7894461154937744,7.60026540411461,1569.454805949667,6,1239,206.5,93,363,126.54445859064712,0.1588751316070556,0,0,0,0,0,0,,0,0,6,0,1239,0,benign
5353.0,5353.0,17,2.126798629760742,9.403805193465791,865.150077798853,20,1840,92.0,92,92,0.0,0.1115479971233167,0,0,0,0,0,0,,0,0,20,0,1840,0,benign
50794.0,5355.0,17,0.4152052402496338,4.816894889856256,414.252960527638,2,172,86.0,86,86,0.0,0.4191641807556152,0,0,0,0,0,0,,0,0,2,0,172,0,benign
55062.0,5355.0,17,0.4085476398468017,4.895389925027997,421.00353355240776,2,172,86.0,86,86,0.0,0.40932297706604,0,0,0,0,0,0,,0,0,2,0,172,0,benign
50390.0,5355.0,17,0.4156472682952881,4.811772270759016,360.88292030692617,2,150,75.0,75,75,0.0,0.418605089187622,0,0,0,0,0,0,,0,0,2,0,150,0,benign
53441.0,5355.0,17,0.4053995609283447,4.933404455150617,424.2727831429531,2,172,86.0,86,86,0.0,0.4119672775268554,0,0,0,0,0,0,,0,0,2,0,172,0,benign
33468.0,53.0,17,1e-06,1000000.0,100000000.0,1,100,100.0,100,100,0.0,0.0,0,0,0,0,0,0,,0,0,1,0,100,0,benign
60412.0,1900.0,17,3.073688268661499,1.3013681448385404,232.94489792609872,4,716,179.0,179,179,0.0,1.0258293946584065,0,0,0,0,0,0,,0,0,4,0,716,0,benign
52834.0,5355.0,17,0.4104673862457275,4.872494300442895,350.8195896318885,2,144,72.0,72,72,0.0,0.4063208103179931,0,0,0,0,0,0,,0,0,2,0,144,0,benign
53.0,33468.0,17,1e-06,1000000.0,436000000.0,1,436,436.0,436,436,0.0,0.0,0,0,0,0,0,0,,0,0,1,0,436,0,benign
65504.0,5355.0,17,0.4104411602020263,4.872805639218944,419.0612849728292,2,172,86.0,86,86,0.0,0.4144012928009033,0,0,0,0,0,0,,0,0,2,0,172,0,benign
5353.0,5353.0,17,1e-06,1000000.0,87000000.0,1,87,87.0,87,87,0.0,0.0,0,0,0,0,0,0,,0,0,1,0,87,0,benign
57205.0,1900.0,17,6.004416704177856,0.4996322120536052,89.43416595759533,3,537,179.0,179,179,0.0,3.0011907815933228,0,0,0,0,0,0,,0,0,3,0,537,0,benign
38538.0,443.0,6,0.9378464221954346,21.325453215656957,2364.9927616163563,20,2218,110.9,66,583,129.63142081747733,0.0496769829800254,1,0,1,0,3,19,64240.0,0,24,20,0,2218,0,benign
443.0,38538.0,6,0.9343645572662354,23.545413649215917,42208.364704444415,22,39438,1792.6363636363635,66,2962,1361.7518669662793,0.0445084685371035,1,0,1,0,17,22,65160.0,0,41,22,0,39438,0,benign
38538.0,443.0,6,0.0003893375396728,5136.930802204532,277394.2633190447,2,108,54.0,54,54,0.0,6.508827209472656e-05,0,2,0,0,0,0,0.0,0,2,2,0,108,0,benign
52493.0,1900.0,17,1e-06,1000000.0,167000000.0,1,167,167.0,167,167,0.0,0.0,0,0,0,0,0,0,,0,0,1,0,167,0,benign
64969.0,5355.0,17,0.4142756462097168,4.827703530966311,347.5946542295744,2,144,72.0,72,72,0.0,0.413541316986084,0,0,0,0,0,0,,0,0,2,0,144,0,benign
59128.0,5355.0,17,0.4153530597686767,4.815180610716731,361.1385458037549,2,150,75.0,75,75,0.0,0.4169185161590576,0,0,0,0,0,0,,0,0,2,0,150,0,benign
61304.0,5355.0,17,0.4138548374176025,4.832612353838186,362.445926537864,2,150,75.0,75,75,0.0,0.4170844554901123,0,0,0,0,0,0,,0,0,2,0,150,0,benign
,,17,0.5256979465484619,68.48038923561082,96825.56368005072,36,50901,1413.9166666666667,313,1514,336.64745230412353,0.0154409476688929,0,0,0,0,0,0,,0,0,36,0,50901,0,benign
64688.0,5355.0,17,0.4182717800140381,4.781580052885412,358.618503966406,2,150,75.0,75,75,0.0,0.4183895587921142,0,0,0,0,0,0,,0,0,2,0,150,0,benign
55932.0,1900.0,17,1e-06,1000000.0,167000000.0,1,167,167.0,167,167,0.0,0.0,0,0,0,0,0,0,,0,0,1,0,167,0,benign
5353.0,5353.0,17,15.01799750328064,1.1319751515664054,213.27743590983508,17,3203,188.41176470588235,83,310,113.83928299555112,0.9385463893413544,0,0,0,0,0,0,,0,0,17,0,3203,0,benign
54666.0,1900.0,17,1e-06,1000000.0,167000000.0,1,167,167.0,167,167,0.0,0.0,0,0,0,0,0,0,,0,0,1,0,167,0,benign
60182.0,5355.0,17,0.4306583404541015,4.644052633210652,334.371789591167,2,144,72.0,72,72,0.0,0.4255990982055664,0,0,0,0,0,0,,0,0,2,0,144,0,benign
137.0,137.0,17,2.2844793796539307,5.252837958124991,577.812175393749,12,1320,110.0,110,110,0.0,0.2074172496795654,0,0,0,0,0,0,,0,0,12,0,1320,0,benign
52647.0,5355.0,17,0.4138736724853515,4.832392425422487,362.4294319066865,2,150,75.0,75,75,0.0,0.413398265838623,0,0,0,0,0,0,,0,0,2,0,150,0,benign
52297.0,5355.0,17,0.4161715507507324,4.805710521039214,360.428289077941,2,150,75.0,75,75,0.0,0.4193236827850342,0,0,0,0,0,0,,0,0,2,0,150,0,benign
55723.0,5355.0,17,0.4111721515655517,4.86414265262113,364.8106989465847,2,150,75.0,75,75,0.0,0.4137506484985351,0,0,0,0,0,0,,0,0,2,0,150,0,benign
5353.0,5353.0,17,1e-06,1000000.0,87000000.0,1,87,87.0,87,87,0.0,0.0,0,0,0,0,0,0,,0,0,1,0,87,0,benign
5353.0,5353.0,17,1e-06,1000000.0,87000000.0,1,87,87.0,87,87,0.0,0.0,0,0,0,0,0,0,,0,0,1,0,87,0,benign
5353.0,5353.0,17,14.033280372619627,2.066516112411035,167.38780510529386,29,2349,81.0,81,81,0.0,0.501479515007564,0,0,0,0,0,0,,0,0,29,0,2349,0,benign
54420.0,443.0,6,0.6349937915802002,33.07118948004342,3598.4603791380578,21,2285,108.8095238095238,66,583,126.82729164009577,0.0317461967468261,1,0,1,0,3,20,64240.0,0,25,21,0,2285,0,benign
443.0,54420.0,6,0.6256434917449951,38.36050453120052,74398.60018390794,24,46547,1939.4583333333333,66,3902,1387.5041709037714,0.0273359340170155,1,0,1,0,19,24,65160.0,0,45,24,0,46547,0,benign
54420.0,443.0,6,0.0002028942108154,9857.353701527614,532297.0998824912,2,108,54.0,54,54,0.0,0.0002031326293945,0,2,0,0,0,0,0.0,0,2,2,0,108,0,benign
63246.0,1900.0,17,1e-06,1000000.0,167000000.0,1,167,167.0,167,167,0.0,0.0,0,0,0,0,0,0,,0,0,1,0,167,0,benign
53232.0,5355.0,17,0.4161064624786377,4.806462240664376,360.4846680498282,2,150,75.0,75,75,0.0,0.4162499904632568,0,0,0,0,0,0,,0,0,2,0,150,0,benign
51428.0,1900.0,17,1e-06,1000000.0,167000000.0,1,167,167.0,167,167,0.0,0.0,0,0,0,0,0,0,,0,0,1,0,167,0,benign
56148.0,5355.0,17,0.4203853607177734,4.757539597918359,356.8154698438769,2,150,75.0,75,75,0.0,0.4182398319244385,0,0,0,0,0,0,,0,0,2,0,150,0,benign
57621.0,57621.0,17,1e-06,1000000.0,86000000.0,1,86,86.0,86,86,0.0,0.0,0,0,0,0,0,0,,0,0,1,0,86,0,benign
137.0,137.0,17,15.304530382156372,1.306802593780865,120.22583862783958,20,1840,92.0,92,92,0.0,0.8059680587367007,0,0,0,0,0,0,,0,0,20,0,1840,0,benign
5353.0,5353.0,17,10.026949405670166,3.390861828900149,272.06679615410604,34,2728,80.23529411764706,70,121,8.22803346853659,0.3035239306363193,0,0,0,0,0,0,,0,0,34,0,2728,0,benign
5353.0,5353.0,17,10.02637505531311,3.889740787158504,311.37873685920124,39,3122,80.05128205128206,70,121,7.833627639689095,0.2634959158144499,0,0,0,0,0,0,,0,0,39,0,3122,0,benign
64023.0,1900.0,17,3.0104923248291016,1.3286863304748902,281.68150206067673,4,848,212.0,212,212,0.0,1.0112168788909912,0,0,0,0,0,0,,0,0,4,0,848,0,benign
50816.0,5355.0,17,0.4068036079406738,4.91637724189425,368.7282931420688,2,150,75.0,75,75,0.0,0.4144117832183838,0,0,0,0,0,0,,0,0,2,0,150,0,benign
52663.0,5355.0,17,0.446824312210083,4.476032179421028,335.7024134565772,2,150,75.0,75,75,0.0,0.4177389144897461,0,0,0,0,0,0,,0,0,2,0,150,0,benign
54436.0,443.0,6,0.3678655624389648,54.36768766121819,6034.81333039522,20,2220,111.0,66,583,129.83349661048672,0.0191187607614617,1,0,1,0,3,19,64240.0,0,24,20,0,2220,0,benign
443.0,54436.0,6,0.3634767532348633,57.7753592577919,97552.31850298976,21,35458,1688.4761904761904,66,2962,1342.1159271481588,0.018089210987091,1,0,1,0,16,21,65160.0,0,39,21,0,35458,0,benign
54436.0,443.0,6,0.010613203048706,188.44452431764572,10176.00431315287,2,108,54.0,54,54,0.0,7.128715515136719e-05,0,2,0,0,0,0,0.0,0,2,2,0,108,0,benign
49925.0,21027.0,17,1e-06,1000000.0,343000000.0,1,343,343.0,343,343,0.0,0.0,0,0,0,0,0,0,,0,0,1,0,343,0,benign
50475.0,5355.0,17,0.4155313968658447,4.813114039239987,360.98355294299904,2,150,75.0,75,75,0.0,0.4142920970916748,0,0,0,0,0,0,,0,0,2,0,150,0,benign
58707.0,5355.0,17,0.4142293930053711,4.828242596425471,362.1181947319104,2,150,75.0,75,75,0.0,0.4139761924743652,0,0,0,0,0,0,,0,0,2,0,150,0,benign
51116.0,5355.0,17,0.4140505790710449,4.830327745192768,362.2745808894575,2,150,75.0,75,75,0.0,0.4198343753814697,0,0,0,0,0,0,,0,0,2,0,150,0,benign
17500.0,17500.0,17,0.0044894218444824,890.9833244822092,156813.06510886882,4,704,176.0,176,176,0.0,0.0024789969126383,0,0,0,0,0,0,,0,0,4,0,704,0,benign
17500.0,17500.0,17,1e-06,1000000.0,176000000.0,1,176,176.0,176,176,0.0,0.0,0,0,0,0,0,0,,0,0,1,0,176,0,benign
5353.0,5353.0,17,0.803912878036499,7.463495316376298,1680.5303620707296,6,1351,225.16666666666663,91,401,148.7338786782173,0.1573658943176269,0,0,0,0,0,0,,0,0,6,0,1351,0,benign
52723.0,3702.0,17,14.964511394500732,0.8687219821141193,606.3679435156553,13,9074,698.0,698,698,0.0,1.248011628786723,0,0,0,0,0,0,,0,0,13,0,9074,0,benign
46948.0,443.0,6,0.487039566040039,36.9579829958214,4246.06160196437,18,2068,114.88888888888889,66,583,134.2420504334434,0.0286309999578139,1,0,1,0,3,17,64240.0,0,22,18,0,2068,0,benign
443.0,46948.0,6,0.4811882972717285,41.56377059333581,68123.0200024774,20,32780,1639.0,66,2962,1382.990200520901,0.0256482049038535,1,0,1,0,15,20,65160.0,0,37,20,0,32780,0,benign
46948.0,443.0,6,0.0032260417938232,619.9547705269381,33477.55760845466,2,108,54.0,54,54,0.0,0.0010664463043212,0,2,0,0,0,0,0.0,0,2,2,0,108,0,benign
55642.0,53.0,17,1e-06,1000000.0,84000000.0,1,84,84.0,84,84,0.0,0.0,0,0,0,0,0,0,,0,0,1,0,84,0,benign
55099.0,53.0,17,1e-06,1000000.0,84000000.0,1,84,84.0,84,84,0.0,0.0,0,0,0,0,0,0,,0,0,1,0,84,0,benign
53.0,55642.0,17,1e-06,1000000.0,214000000.0,1,214,214.0,214,214,0.0,0.0,0,0,0,0,0,0,,0,0,1,0,214,0,benign
53.0,55099.0,17,1e-06,1000000.0,302000000.0,1,302,302.0,302,302,0.0,0.0,0,0,0,0,0,0,,0,0,1,0,302,0,benign
56877.0,5355.0,17,0.4174680709838867,4.790785545075123,359.30891588063423,2,150,75.0,75,75,0.0,0.4162628650665283,0,0,0,0,0,0,,0,0,2,0,150,0,benign
59419.0,1900.0,17,3.0482349395751958,1.3122348110600175,278.1937799447237,4,848,212.0,212,212,0.0,1.01406995455424,0,0,0,0,0,0,,0,0,4,0,848,0,benign
57621.0,57621.0,17,1e-06,1000000.0,86000000.0,1,86,86.0,86,86,0.0,0.0,0,0,0,0,0,0,,0,0,1,0,86,0,benign
5353.0,5353.0,17,8.680890560150146,0.4607822172487813,38.36011958596104,4,333,83.25,82,87,2.5,2.8931802908579507,0,0,0,0,0,0,,0,0,4,0,333,0,benign
17500.0,17500.0,17,1e-06,1000000.0,176000000.0,1,176,176.0,176,176,0.0,0.0,0,0,0,0,0,0,,0,0,1,0,176,0,benign
5353.0,5353.0,17,15.001489877700806,1.4665210042038717,294.97070198191506,22,4425,201.13636363636363,83,385,118.22669727287466,0.7148844855172294,0,0,0,0,0,0,,0,0,22,0,4425,0,benign
5353.0,5353.0,17,1e-06,1000000.0,87000000.0,1,87,87.0,87,87,0.0,0.0,0,0,0,0,0,0,,0,0,1,0,87,0,benign
62426.0,5355.0,17,0.4169225692749023,4.7970538114027566,359.7790358552067,2,150,75.0,75,75,0.0,0.4176094532012939,0,0,0,0,0,0,,0,0,2,0,150,0,benign
52176.0,5355.0,17,0.439396858215332,4.551693901779959,341.3770426334969,2,150,75.0,75,75,0.0,0.4178225994110107,0,0,0,0,0,0,,0,0,2,0,150,0,benign
5353.0,5353.0,17,1e-06,1000000.0,87000000.0,1,87,87.0,87,87,0.0,0.0,0,0,0,0,0,0,,0,0,1,0,87,0,benign
60219.0,1900.0,17,1e-06,1000000.0,167000000.0,1,167,167.0,167,167,0.0,0.0,0,0,0,0,0,0,,0,0,1,0,167,0,benign
5353.0,5353.0,17,13.02815079689026,0.1535137281706463,13.739478671272844,2,179,89.5,87,92,3.5355339059327378,13.036778688430786,0,0,0,0,0,0,,0,0,2,0,179,0,benign
5353.0,5353.0,17,1e-06,1000000.0,108000000.0,1,108,108.0,108,108,0.0,0.0,0,0,0,0,0,0,,0,0,1,0,108,0,benign
64951.0,1900.0,17,1e-06,1000000.0,167000000.0,1,167,167.0,167,167,0.0,0.0,0,0,0,0,0,0,,0,0,1,0,167,0,benign
46954.0,443.0,6,0.2032418251037597,108.24543613878924,11631.464137822626,22,2364,107.45454545454544,66,583,125.39375213140832,0.0093935217176164,1,0,1,0,3,21,64240.0,0,26,22,0,2364,0,benign
443.0,46954.0,6,0.2167556285858154,110.72376831265626,214264.33215602892,24,46443,1935.125,66,2962,1355.490872501465,0.0094142478445301,1,0,1,0,19,24,65160.0,0,45,24,0,46443,0,benign
46954.0,443.0,6,0.0005650520324707,3539.497046413502,191132.8405063291,2,108,54.0,54,54,0.0,0.0002524852752685,0,2,0,0,0,0,0.0,0,2,2,0,108,0,benign
50980.0,1900.0,17,3.0373735427856445,1.3169272543052142,279.1885779127054,4,848,212.0,212,212,0.0,1.0123566786448162,0,0,0,0,0,0,,0,0,4,0,848,0,benign
55659.0,1900.0,17,3.030263662338257,1.3200171489082442,285.1237041641807,4,864,216.0,216,216,0.0,1.0108282566070557,0,0,0,0,0,0,,0,0,4,0,864,0,benign
48082.0,53.0,17,1e-06,1000000.0,84000000.0,1,84,84.0,84,84,0.0,0.0,0,0,0,0,0,0,,0,0,1,0,84,0,benign
56372.0,53.0,17,1e-06,1000000.0,84000000.0,1,84,84.0,84,84,0.0,0.0,0,0,0,0,0,0,,0,0,1,0,84,0,benign
53.0,48082.0,17,1e-06,1000000.0,214000000.0,1,214,214.0,214,214,0.0,0.0,0,0,0,0,0,0,,0,0,1,0,214,0,benign
53.0,56372.0,17,1e-06,1000000.0,302000000.0,1,302,302.0,302,302,0.0,0.0,0,0,0,0,0,0,,0,0,1,0,302,0,benign
5353.0,5353.0,17,15.080889701843262,1.5251089593997114,123.53382571137662,23,1863,81.0,81,81,0.0,0.6861515587026422,0,0,0,0,0,0,,0,0,23,0,1863,0,benign
56395.0,5355.0,17,0.4099833965301513,4.878246331258232,365.8684748443674,2,150,75.0,75,75,0.0,0.4203152656555176,0,0,0,0,0,0,,0,0,2,0,150,0,benign
57621.0,57621.0,17,3.050170660018921,0.9835515236322516,84.58543103237363,3,258,86.0,86,86,0.0,1.5260767936706543,0,0,0,0,0,0,,0,0,3,0,258,0,benign
61562.0,1900.0,17,3.003125667572021,1.3319455936167783,282.372465846757,4,848,212.0,212,212,0.0,1.0006300608317058,0,0,0,0,0,0,,0,0,4,0,848,0,benign
59959.0,1900.0,17,3.0262551307678223,1.3217656235695894,280.214312196753,4,848,212.0,212,212,0.0,1.008866310119629,0,0,0,0,0,0,,0,0,4,0,848,0,benign
5353.0,5353.0,17,0.7656607627868652,7.836368652562392,1722.6950421216325,6,1319,219.83333333333331,89,391,145.01367751583527,0.153888988494873,0,0,0,0,0,0,,0,0,6,0,1319,0,benign
51874.0,5355.0,17,0.4252214431762695,4.7034316638893685,352.75737479170266,2,150,75.0,75,75,0.0,0.4168088436126709,0,0,0,0,0,0,,0,0,2,0,150,0,benign
52917.0,1900.0,17,3.020216941833496,1.324408172338674,280.7745325357989,4,848,212.0,212,212,0.0,1.007047176361084,0,0,0,0,0,0,,0,0,4,0,848,0,benign
5353.0,5353.0,17,0.2558572292327881,11.72528917394979,1899.496846179866,3,486,162.0,93,300,119.51150572225254,0.1267006397247314,0,0,0,0,0,0,,0,0,3,0,486,0,benign
58687.0,53.0,17,1e-06,1000000.0,119000000.0,1,119,119.0,119,119,0.0,0.0,0,0,0,0,0,0,,0,0,1,0,119,0,benign
53.0,58687.0,17,1e-06,1000000.0,135000000.0,1,135,135.0,135,135,0.0,0.0,0,0,0,0,0,0,,0,0,1,0,135,0,benign
42330.0,443.0,6,0.1526713371276855,144.10039509643164,15254.991826344967,22,2329,105.86363636363636,66,583,122.04148219610975,0.007157734462193,1,0,1,0,3,21,64240.0,0,26,22,0,2329,0,benign
443.0,42330.0,6,0.1504948139190673,159.47393385201062,271544.24086651107,24,40866,1702.75,66,2962,1345.025205841075,0.0065344520237134,1,0,1,0,18,24,65160.0,0,44,24,0,40866,0,benign
42330.0,443.0,6,0.0004849433898925,4124.192723697149,222706.407079646,2,108,54.0,54,54,0.0,6.961822509765625e-05,0,2,0,0,0,0,0.0,0,2,2,0,108,0,benign
137.0,137.0,17,14.848346948623655,1.1449085921026236,105.33159047344138,17,1564,92.0,92,92,0.0,0.9285386204719543,0,0,0,0,0,0,,0,0,17,0,1564,0,benign
57458.0,1900.0,17,1e-06,1000000.0,167000000.0,1,167,167.0,167,167,0.0,0.0,0,0,0,0,0,0,,0,0,1,0,167,0,benign
137.0,137.0,17,1.501755952835083,1.9976614671221804,183.7848549752406,3,276,92.0,92,92,0.0,0.755657434463501,0,0,0,0,0,0,,0,0,3,0,276,0,benign
58096.0,5355.0,17,0.4214644432067871,4.745358789421581,355.9019092066186,2,150,75.0,75,75,0.0,0.4185729026794433,0,0,0,0,0,0,,0,0,2,0,150,0,benign
137.0,137.0,17,13.473802089691162,1.7812344162574911,163.8735662956892,24,2208,92.0,92,92,0.0,0.5858661299166472,0,0,0,0,0,0,,0,0,24,0,2208,0,benign
5353.0,5353.0,17,12.955212831497192,1.23502409478756,100.03695167779236,16,1296,81.0,81,81,0.0,0.8640013535817465,0,0,0,0,0,0,,0,0,16,0,1296,0,benign
63447.0,5355.0,17,0.4078090190887451,4.9042564200002925,367.81923150002194,2,150,75.0,75,75,0.0,0.4119808673858642,0,0,0,0,0,0,,0,0,2,0,150,0,benign
61312.0,3702.0,17,7.205191373825073,0.9715217315989012,674.2360817296374,7,4858,694.0,694,694,0.0,1.201286991437276,0,0,0,0,0,0,,0,0,7,0,4858,0,benign
5353.0,5353.0,17,10.034439086914062,4.085928435548351,318.10447722610576,41,3192,77.85365853658537,70,81,4.486429402151315,0.2503639042377472,0,0,0,0,0,0,,0,0,41,0,3192,0,benign
5353.0,5353.0,17,10.034658432006836,4.185493734997056,326.2692021042944,42,3274,77.95238095238095,70,93,5.12741260739348,0.2443798228007991,0,0,0,0,0,0,,0,0,42,0,3274,0,benign
5353.0,5353.0,17,1e-06,1000000.0,128000000.0,1,128,128.0,128,128,0.0,0.0,0,0,0,0,0,0,,0,0,1,0,128,0,benign
62857.0,5355.0,17,0.4255135059356689,4.700203335737054,352.51525018027905,2,150,75.0,75,75,0.0,0.4221673011779785,0,0,0,0,0,0,,0,0,2,0,150,0,benign
58976.0,5355.0,17,0.4150922298431396,4.818206307441085,361.36547305808136,2,150,75.0,75,75,0.0,0.4172062873840332,0,0,0,0,0,0,,0,0,2,0,150,0,benign
42336.0,443.0,6,0.7760655879974365,57.98478981153928,4968.652211406567,45,3856,85.68888888888888,66,583,87.29126328828474,0.0174637220122597,1,0,1,0,3,44,64240.0,0,49,45,0,3856,0,benign
443.0,42336.0,6,0.7666013240814209,61.309573207843975,177838.20053188462,47,136331,2900.659574468085,66,5858,1724.7421896392382,0.0166972616444463,1,0,1,0,41,47,65160.0,0,90,47,0,136331,0,benign
42336.0,443.0,6,0.0004417896270751,4527.0415542363735,244460.24392876416,2,108,54.0,54,54,0.0,7.605552673339844e-05,0,2,0,0,0,0,0.0,0,2,2,0,108,0,benign
64689.0,3702.0,17,6.840975761413574,1.0232458415484236,714.2255974007996,7,4886,698.0,698,698,0.0,1.1400831540425618,0,0,0,0,0,0,,0,0,7,0,4886,0,benign
52723.0,3702.0,17,1e-06,1000000.0,698000000.0,1,698,698.0,698,698,0.0,0.0,0,0,0,0,0,0,,0,0,1,0,698,0,benign
57621.0,57621.0,17,1e-06,1000000.0,86000000.0,1,86,86.0,86,86,0.0,0.0,0,0,0,0,0,0,,0,0,1,0,86,0,benign
50506.0,5355.0,17,0.4090793132781982,4.889027469936817,366.67706024526126,2,150,75.0,75,75,0.0,0.4112646579742431,0,0,0,0,0,0,,0,0,2,0,150,0,benign
5353.0,5353.0,17,15.002185344696043,1.0665112870143767,207.96970096780348,16,3120,195.0,83,310,114.17647159842814,1.0003931204477945,0,0,0,0,0,0,,0,0,16,0,3120,0,benign
58365.0,5355.0,17,0.4246668815612793,4.709573754955978,353.2180316216984,2,150,75.0,75,75,0.0,0.4237751960754394,0,0,0,0,0,0,,0,0,2,0,150,0,benign
443.0,42346.0,6,0.2003331184387207,54.90854475649146,35565.7619445456,11,7125,647.7272727272727,66,2962,976.167515430532,0.0197568893432617,1,0,1,0,6,11,65160.0,0,19,11,0,7125,0,benign
42346.0,443.0,6,0.2151353359222412,46.48236867798609,7269.842461237024,10,1564,156.4,66,583,176.8340087954426,0.0242316193050808,1,0,1,0,3,9,64240.0,0,14,10,0,1564,0,benign
443.0,42352.0,6,0.2517251968383789,43.698446314305954,26687.83293995522,11,6718,610.7272727272727,66,2962,925.5185671729218,0.0255032777786254,1,0,1,0,6,11,65160.0,0,19,11,0,6718,0,benign
42352.0,443.0,6,0.2686893939971924,37.21769531440639,7365.381902721025,10,1979,197.9,66,780,260.25049898553937,0.0305581092834472,1,0,1,0,3,9,64240.0,0,14,10,0,1979,0,benign
50525.0,5355.0,17,0.3954000473022461,5.058168337727053,379.36262532952895,2,150,75.0,75,75,0.0,0.4145817756652832,0,0,0,0,0,0,,0,0,2,0,150,0,benign
57783.0,5355.0,17,0.4157142639160156,4.810996815841875,360.8247611881406,2,150,75.0,75,75,0.0,0.4155845642089844,0,0,0,0,0,0,,0,0,2,0,150,0,benign
5353.0,5353.0,17,14.06520700454712,1.4930459248279064,120.93671991106042,21,1701,81.0,81,81,0.0,0.7032907724380493,0,0,0,0,0,0,,0,0,21,0,1701,0,benign
54171.0,5355.0,17,0.4170866012573242,4.795167224194976,359.63754181462315,2,150,75.0,75,75,0.0,0.4157817363739013,0,0,0,0,0,0,,0,0,2,0,150,0,benign
5353.0,5353.0,17,1e-06,1000000.0,87000000.0,1,87,87.0,87,87,0.0,0.0,0,0,0,0,0,0,,0,0,1,0,87,0,benign
49242.0,5355.0,17,0.4295425415039062,4.656116232393741,349.20871742953057,2,150,75.0,75,75,0.0,0.4258675575256347,0,0,0,0,0,0,,0,0,2,0,150,0,benign
5353.0,5353.0,17,7.027825117111206,1.1383322531065496,176.86837382643014,8,1243,155.375,85,312,93.25071811289942,1.0011165482657296,0,0,0,0,0,0,,0,0,8,0,1243,0,benign
57210.0,5355.0,17,0.4102225303649902,4.87540262164666,365.6551966234995,2,150,75.0,75,75,0.0,0.411517858505249,0,0,0,0,0,0,,0,0,2,0,150,0,benign
52722.0,5355.0,17,0.414898157119751,4.820460071175359,347.07312512462585,2,144,72.0,72,72,0.0,0.4038088321685791,0,0,0,0,0,0,,0,0,2,0,144,0,benign
54502.0,443.0,6,0.5282728672027588,45.43106695424592,5128.031682460509,24,2709,112.875,66,586,146.17122553332118,0.0225535786670187,1,0,1,0,3,23,64240.0,0,28,24,0,2709,0,benign
443.0,54502.0,6,0.5131919384002686,56.5090716163612,115742.27020236629,29,59398,2048.206896551724,66,2962,1272.61371592119,0.0182788201740809,1,0,1,0,24,29,65160.0,0,55,29,0,59398,0,benign
54502.0,443.0,6,0.0002844333648681,7031.523889354568,379702.2900251467,2,108,54.0,54,54,0.0,6.699562072753906e-05,0,2,0,0,0,0,0.0,0,2,2,0,108,0,benign
52725.0,1900.0,17,3.075256824493408,1.3007043730921324,232.82608278349167,4,716,179.0,179,179,0.0,1.0250483353932698,0,0,0,0,0,0,,0,0,4,0,716,0,benign
5353.0,5353.0,17,1e-06,1000000.0,87000000.0,1,87,87.0,87,87,0.0,0.0,0,0,0,0,0,0,,0,0,1,0,87,0,benign
60642.0,1900.0,17,1e-06,1000000.0,167000000.0,1,167,167.0,167,167,0.0,0.0,0,0,0,0,0,0,,0,0,1,0,167,0,benign
5353.0,5353.0,17,0.0071110725402832,281.25152551465163,27281.39797492121,2,194,97.0,91,103,8.48528137423857,0.0074079036712646,0,0,0,0,0,0,,0,0,2,0,194,0,benign
5353.0,5353.0,17,1e-06,1000000.0,91000000.0,1,91,91.0,91,91,0.0,0.0,0,0,0,0,0,0,,0,0,1,0,91,0,benign
5353.0,5353.0,17,1e-06,1000000.0,133000000.0,1,133,133.0,133,133,0.0,0.0,0,0,0,0,0,0,,0,0,1,0,133,0,benign
5353.0,5353.0,17,1e-06,1000000.0,136000000.0,1,136,136.0,136,136,0.0,0.0,0,0,0,0,0,0,,0,0,1,0,136,0,benign
51648.0,5355.0,17,0.4194095134735107,4.768609046171092,343.33985132431866,2,144,72.0,72,72,0.0,0.4126617908477783,0,0,0,0,0,0,,0,0,2,0,144,0,benign
58465.0,5355.0,17,0.421947717666626,4.739923730503899,355.4942797877925,2,150,75.0,75,75,0.0,0.4220583438873291,0,0,0,0,0,0,,0,0,2,0,150,0,benign
5353.0,5353.0,17,0.7817373275756836,7.675212361429821,1845.888572923872,6,1443,240.5,93,431,163.28594550664795,0.1566916942596435,0,0,0,0,0,0,,0,0,6,0,1443,0,benign
56359.0,1900.0,17,1e-06,1000000.0,167000000.0,1,167,167.0,167,167,0.0,0.0,0,0,0,0,0,0,,0,0,1,0,167,0,benign
60949.0,5355.0,17,0.414592981338501,4.82400834076607,347.32860053515697,2,144,72.0,72,72,0.0,0.4150717258453369,0,0,0,0,0,0,,0,0,2,0,144,0,benign
49680.0,1900.0,17,1e-06,1000000.0,167000000.0,1,167,167.0,167,167,0.0,0.0,0,0,0,0,0,0,,0,0,1,0,167,0,benign
42664.0,53.0,17,1e-06,1000000.0,84000000.0,1,84,84.0,84,84,0.0,0.0,0,0,0,0,0,0,,0,0,1,0,84,0,benign
40207.0,53.0,17,1e-06,1000000.0,84000000.0,1,84,84.0,84,84,0.0,0.0,0,0,0,0,0,0,,0,0,1,0,84,0,benign
53.0,42664.0,17,1e-06,1000000.0,214000000.0,1,214,214.0,214,214,0.0,0.0,0,0,0,0,0,0,,0,0,1,0,214,0,benign
53.0,40207.0,17,1e-06,1000000.0,254000000.0,1,254,254.0,254,254,0.0,0.0,0,0,0,0,0,0,,0,0,1,0,254,0,benign
55123.0,3702.0,17,6.872812986373901,1.0185058161597385,710.9170596794975,7,4886,698.0,698,698,0.0,1.144985834757487,0,0,0,0,0,0,,0,0,7,0,4886,0,benign
49925.0,21027.0,17,1e-06,1000000.0,343000000.0,1,343,343.0,343,343,0.0,0.0,0,0,0,0,0,0,,0,0,1,0,343,0,benign
56746.0,5355.0,17,0.4208893775939941,4.75184242337728,356.38818175329595,2,150,75.0,75,75,0.0,0.4202883243560791,0,0,0,0,0,0,,0,0,2,0,150,0,benign
137.0,137.0,17,14.822927951812744,1.1468719307861854,105.51221763232908,17,1564,92.0,92,92,0.0,0.9258067011833192,0,0,0,0,0,0,,0,0,17,0,1564,0,benign
56320.0,5355.0,17,0.4134957790374756,4.83680874483301,348.25022962797675,2,144,72.0,72,72,0.0,0.4181241989135742,0,0,0,0,0,0,,0,0,2,0,144,0,benign
137.0,137.0,17,2.2831385135650635,5.255922901174445,578.1515191291891,12,1320,110.0,110,110,0.0,0.2069463513114235,0,0,0,0,0,0,,0,0,12,0,1320,0,benign
40976.0,443.0,6,0.1412138938903808,63.73310551854316,10827.546481983609,9,1529,169.88888888888889,66,583,188.9169423612163,0.0164929628372192,1,0,1,0,3,8,64240.0,0,13,9,0,1529,0,benign
443.0,40976.0,6,0.2248744964599609,53.363098923655,25583.159008982264,12,5753,479.4166666666667,66,2962,836.8550931730636,0.0191458572040904,1,0,1,0,6,12,65160.0,0,20,12,0,5753,0,benign
40976.0,443.0,6,0.0010960102081298,1824.8005220796167,98539.22819229931,2,108,54.0,54,54,0.0,0.0002825260162353,0,2,0,0,0,0,0.0,0,2,2,0,108,0,benign
5353.0,5353.0,17,1e-06,1000000.0,87000000.0,1,87,87.0,87,87,0.0,0.0,0,0,0,0,0,0,,0,0,1,0,87,0,benign
17500.0,17500.0,17,0.0047793388366699,836.9358475506335,147300.7091689115,4,704,176.0,176,176,0.0,0.0012965202331542,0,0,0,0,0,0,,0,0,4,0,704,0,benign
17500.0,17500.0,17,1e-06,1000000.0,176000000.0,1,176,176.0,176,176,0.0,0.0,0,0,0,0,0,0,,0,0,1,0,176,0,benign
58247.0,5355.0,17,0.4135408401489258,4.836281706251197,362.7211279688397,2,150,75.0,75,75,0.0,0.4146709442138672,0,0,0,0,0,0,,0,0,2,0,150,0,benign
57621.0,57621.0,17,1e-06,1000000.0,86000000.0,1,86,86.0,86,86,0.0,0.0,0,0,0,0,0,0,,0,0,1,0,86,0,benign
49167.0,1900.0,17,1e-06,1000000.0,167000000.0,1,167,167.0,167,167,0.0,0.0,0,0,0,0,0,0,,0,0,1,0,167,0,benign
58379.0,1900.0,17,3.0234570503234863,1.3229888612348673,280.4736385817919,4,848,212.0,212,212,0.0,1.0065062840779622,0,0,0,0,0,0,,0,0,4,0,848,0,benign
61475.0,5355.0,17,0.4171674251556396,4.794238186871437,359.5678640153578,2,150,75.0,75,75,0.0,0.4221177101135254,0,0,0,0,0,0,,0,0,2,0,150,0,benign
17500.0,17500.0,17,1e-06,1000000.0,176000000.0,1,176,176.0,176,176,0.0,0.0,0,0,0,0,0,0,,0,0,1,0,176,0,benign
54044.0,443.0,6,0.2241146564483642,102.62604135084388,10757.886334647155,23,2411,104.82608695652172,66,583,120.98559349770574,0.0105127746408635,1,0,1,0,3,22,64240.0,0,27,23,0,2411,0,benign
443.0,54044.0,6,0.2433249950408935,123.29189607075983,255699.17299101784,30,62218,2073.9333333333334,66,2962,1261.8746845627063,0.0083472317662732,1,0,1,0,25,30,65160.0,0,57,30,0,62218,0,benign
54044.0,443.0,6,0.0006191730499267,3230.1147477859067,174426.19638043898,2,108,54.0,54,54,0.0,7.581710815429688e-05,0,2,0,0,0,0,0.0,0,2,2,0,108,0,benign
5353.0,5353.0,17,15.020046710968018,1.0652430253972776,207.72238995246917,16,3120,195.0,83,310,114.17647159842814,1.000559139251709,0,0,0,0,0,0,,0,0,16,0,3120,0,benign
5353.0,5353.0,17,0.8023951053619385,7.477612911526378,1551.6046791417236,6,1245,207.5,93,365,127.62092304947492,0.1592847347259521,0,0,0,0,0,0,,0,0,6,0,1245,0,benign
5353.0,5353.0,17,0.7751798629760742,7.740139142630423,1776.361933233682,6,1377,229.5,93,409,151.37205818776462,0.153125524520874,0,0,0,0,0,0,,0,0,6,0,1377,0,benign
57621.0,57621.0,17,1e-06,1000000.0,86000000.0,1,86,86.0,86,86,0.0,0.0,0,0,0,0,0,0,,0,0,1,0,86,0,benign
5353.0,5353.0,17,0.0020084381103515,995.7986704653372,99579.86704653372,2,200,100.0,81,119,26.87005768508881,0.0009360313415527,0,0,0,0,0,0,,0,0,2,0,200,0,benign
50685.0,5355.0,17,1e-06,1000000.0,75000000.0,1,75,75.0,75,75,0.0,0.0,0,0,0,0,0,0,,0,0,1,0,75,0,benign
443.0,42346.0,6,1e-06,1000000.0,66000000.0,1,66,66.0,66,66,0.0,0.0,0,0,0,0,0,1,504.0,0,1,1,0,66,0,benign
5353.0,5353.0,17,10.329407215118408,1.8394085550418684,144.1515441293338,19,1489,78.36842105263158,75,139,14.682606967715952,0.5735617611143324,0,0,0,0,0,0,,0,0,19,0,1489,0,benign
5353.0,5353.0,17,10.368094205856323,0.6751481864474297,146.98940516369754,7,1524,217.7142857142857,84,417,153.8665160517543,1.7270533641179402,0,0,0,0,0,0,,0,0,7,0,1524,0,benign
54490.0,443.0,6,0.3254525661468506,82.96139839873645,9519.052305158724,27,3098,114.74074074074076,66,777,165.846451828327,0.0122489012204683,1,0,0,0,3,26,64240.0,0,30,27,0,3098,0,benign
443.0,42352.0,6,1e-06,1000000.0,66000000.0,1,66,66.0,66,66,0.0,0.0,0,0,0,0,0,1,501.0,0,1,1,0,66,0,benign
53865.0,1900.0,17,3.0076184272766118,1.329955942457098,281.9506598009048,4,848,212.0,212,212,0.0,1.0037600199381511,0,0,0,0,0,0,,0,0,4,0,848,0,benign
443.0,54490.0,6,0.3053662776947021,94.9679192441593,238965.48286499287,29,72972,2516.2758620689656,66,5139,1508.831309716983,0.0107517838478088,1,0,0,0,24,29,65160.0,0,54,29,0,72972,0,benign
5353.0,5353.0,17,10.04051923751831,4.581436369158305,361.2362980638516,46,3627,78.84782608695652,72,84,3.333115934939676,0.2227218680911594,0,0,0,0,0,0,,0,0,46,0,3627,0,benign
5353.0,5353.0,17,10.017280340194702,0.1996549893861837,17.170329087211798,2,172,86.0,86,86,0.0,10.014105081558228,0,0,0,0,0,0,,0,0,2,0,172,0,benign
5353.0,5353.0,17,10.031982421875,4.7846973789881,376.5955562045217,48,3778,78.70833333333333,72,84,3.49442311516528,0.2130953098865265,0,0,0,0,0,0,,0,0,48,0,3778,0,benign
5353.0,5353.0,17,1e-06,1000000.0,139000000.0,1,139,139.0,139,139,0.0,0.0,0,0,0,0,0,0,,0,0,1,0,139,0,benign
5353.0,5353.0,17,1e-06,1000000.0,139000000.0,1,139,139.0,139,139,0.0,0.0,0,0,0,0,0,0,,0,0,1,0,139,0,benign
5353.0,5353.0,17,1e-06,1000000.0,139000000.0,1,139,139.0,139,139,0.0,0.0,0,0,0,0,0,0,,0,0,1,0,139,0,benign
137.0,137.0,17,2.681008100509644,1.4919760963197477,137.2618008614168,4,368,92.0,92,92,0.0,0.8921783765157064,0,0,0,0,0,0,,0,0,4,0,368,0,benign
50837.0,5355.0,17,0.4225008487701416,4.733718300973367,326.6265627671623,2,138,69.0,69,69,0.0,0.4205505847930908,0,0,0,0,0,0,,0,0,2,0,138,0,benign
63985.0,5355.0,17,0.4218525886535644,4.740992597398634,327.12848922050574,2,138,69.0,69,69,0.0,0.4205503463745117,0,0,0,0,0,0,,0,0,2,0,138,0,benign
5353.0,5353.0,17,1e-06,1000000.0,139000000.0,1,139,139.0,139,139,0.0,0.0,0,0,0,0,0,0,,0,0,1,0,139,0,benign
59285.0,5355.0,17,0.4188849925994873,4.77458021971267,358.0935164784502,2,150,75.0,75,75,0.0,0.419461727142334,0,0,0,0,0,0,,0,0,2,0,150,0,benign
5353.0,5353.0,17,0.755122184753418,7.945733976759371,2347.964390132394,6,1773,295.5,93,541,223.07465118206505,0.151499605178833,0,0,0,0,0,0,,0,0,6,0,1773,0,benign
5353.0,5353.0,17,0.7707512378692627,7.784612862363952,2035.6762635081732,6,1569,261.5,93,473,186.07928417747095,0.1543642997741699,0,0,0,0,0,0,,0,0,6,0,1569,0,benign
54046.0,443.0,6,0.5930843353271484,33.72201693536198,3754.946585752556,20,2227,111.35,66,583,130.55036334082357,0.0313374117801063,1,0,1,0,3,19,64240.0,0,24,20,0,2227,0,benign
443.0,54046.0,6,0.589611291885376,37.31271823111036,64985.1868974193,22,38316,1741.6363636363635,66,2962,1384.365095852506,0.0280339944930303,1,0,1,0,17,22,65160.0,0,41,22,0,38316,0,benign
54046.0,443.0,6,0.0002117156982421,9446.63063063063,510118.0540540541,2,108,54.0,54,54,0.0,6.461143493652344e-05,0,2,0,0,0,0,0.0,0,2,2,0,108,0,benign
5353.0,5353.0,17,0.0008845329284667,2261.080323450135,226108.0323450135,2,200,100.0,81,119,26.87005768508881,2.384185791015625e-07,0,0,0,0,0,0,,0,0,2,0,200,0,benign
51627.0,5355.0,17,1e-06,1000000.0,75000000.0,1,75,75.0,75,75,0.0,0.0,0,0,0,0,0,0,,0,0,1,0,75,0,benign
5353.0,5353.0,17,0.7874290943145752,7.619733691987537,1140.420142567468,6,898,149.66666666666666,82,253,76.65681096071415,0.1573057174682617,0,0,0,0,0,0,,0,0,6,0,898,0,benign
5353.0,5353.0,17,15.014559984207152,1.8648565145732805,151.45298979070142,28,2274,81.21428571428571,81,87,1.1338934190276817,0.5560381854021991,0,0,0,0,0,0,,0,0,28,0,2274,0,benign
53535.0,5355.0,17,0.3951954841613769,5.060786573116068,349.1942735450087,2,138,69.0,69,69,0.0,0.405740737915039,0,0,0,0,0,0,,0,0,2,0,138,0,benign
60601.0,5355.0,17,0.3939859867095947,5.076322680162203,350.266264931192,2,138,69.0,69,69,0.0,0.4057404994964599,0,0,0,0,0,0,,0,0,2,0,138,0,benign
59116.0,5355.0,17,0.418020486831665,4.784454501641187,358.834087623089,2,150,75.0,75,75,0.0,0.4181721210479736,0,0,0,0,0,0,,0,0,2,0,150,0,benign
5353.0,5353.0,17,0.7958695888519287,7.538923567434234,1751.5432421672206,6,1394,232.33333333333331,88,419,159.82573843616888,0.1577991008758545,0,0,0,0,0,0,,0,0,6,0,1394,0,benign
57621.0,57621.0,17,1e-06,1000000.0,86000000.0,1,86,86.0,86,86,0.0,0.0,0,0,0,0,0,0,,0,0,1,0,86,0,benign
57776.0,1900.0,17,3.0390191078186035,1.3162141658501072,279.0374031602227,4,848,212.0,212,212,0.0,1.0126492182413738,0,0,0,0,0,0,,0,0,4,0,848,0,benign
57621.0,57621.0,17,1e-06,1000000.0,86000000.0,1,86,86.0,86,86,0.0,0.0,0,0,0,0,0,0,,0,0,1,0,86,0,benign
46084.0,443.0,6,0.5007064342498779,47.93227799430032,4958.99359416032,24,2483,103.45833333333331,66,583,119.14805520012072,0.0221596489781918,1,0,1,0,3,23,64240.0,0,28,24,0,2483,0,benign
443.0,46084.0,6,0.5114550590515137,48.8801499908167,97942.13413959923,25,50093,2003.72,66,4410,1406.6357773069758,0.0212789376576741,1,0,1,0,20,25,65160.0,0,47,25,0,50093,0,benign
46084.0,443.0,6,0.0002219676971435,9010.320085929108,486557.2846401719,2,108,54.0,54,54,0.0,0.0003235340118408,0,2,0,0,0,0,0.0,0,2,2,0,108,0,benign
57621.0,57621.0,17,1e-06,1000000.0,86000000.0,1,86,86.0,86,86,0.0,0.0,0,0,0,0,0,0,,0,0,1,0,86,0,benign
5353.0,5353.0,17,13.41971492767334,2.4590686298372373,350.081952211374,33,4698,142.36363636363637,92,563,123.18173012408796,0.4198918715119362,0,0,0,0,0,0,,0,0,33,0,4698,0,benign
58796.0,1900.0,17,1e-06,1000000.0,167000000.0,1,167,167.0,167,167,0.0,0.0,0,0,0,0,0,0,,0,0,1,0,167,0,benign
57621.0,57621.0,17,1e-06,1000000.0,86000000.0,1,86,86.0,86,86,0.0,0.0,0,0,0,0,0,0,,0,0,1,0,86,0,benign
57621.0,57621.0,17,1e-06,1000000.0,86000000.0,1,86,86.0,86,86,0.0,0.0,0,0,0,0,0,0,,0,0,1,0,86,0,benign
5353.0,5353.0,17,1e-06,1000000.0,87000000.0,1,87,87.0,87,87,0.0,0.0,0,0,0,0,0,0,,0,0,1,0,87,0,benign
137.0,137.0,17,14.072691440582275,1.5633114740622582,143.82465561372774,22,2024,92.0,92,92,0.0,0.6701859973725819,0,0,0,0,0,0,,0,0,22,0,2024,0,benign
137.0,137.0,17,14.781043529510498,1.420738661520974,130.70795685992962,21,1932,92.0,92,92,0.0,0.7395609021186829,0,0,0,0,0,0,,0,0,21,0,1932,0,benign
5353.0,5353.0,17,14.269219160079956,0.9811328737010968,79.47176276978885,14,1134,81.0,81,81,0.0,1.0983336155231185,0,0,0,0,0,0,,0,0,14,0,1134,0,benign
50119.0,5355.0,17,0.4076242446899414,4.906479499327367,367.9859624495526,2,150,75.0,75,75,0.0,0.4073231220245361,0,0,0,0,0,0,,0,0,2,0,150,0,benign
57621.0,57621.0,17,1e-06,1000000.0,86000000.0,1,86,86.0,86,86,0.0,0.0,0,0,0,0,0,0,,0,0,1,0,86,0,benign
65514.0,5355.0,17,0.4300117492675781,4.651035706365048,348.8276779773786,2,150,75.0,75,75,0.0,0.4212379455566406,0,0,0,0,0,0,,0,0,2,0,150,0,benign
37668.0,53.0,17,1e-06,1000000.0,102000000.0,1,102,102.0,102,102,0.0,0.0,0,0,0,0,0,0,,0,0,1,0,102,0,benign
53178.0,53.0,17,1e-06,1000000.0,102000000.0,1,102,102.0,102,102,0.0,0.0,0,0,0,0,0,0,,0,0,1,0,102,0,benign
53.0,37668.0,17,1e-06,1000000.0,263000000.0,1,263,263.0,263,263,0.0,0.0,0,0,0,0,0,0,,0,0,1,0,263,0,benign
53.0,53178.0,17,1e-06,1000000.0,303000000.0,1,303,303.0,303,303,0.0,0.0,0,0,0,0,0,0,,0,0,1,0,303,0,benign
46096.0,443.0,6,0.331942081451416,72.30176992040315,7407.918843094639,24,2459,102.45833333333331,66,583,116.98233949457152,0.0144542403843091,1,0,1,0,3,23,64240.0,0,28,24,0,2459,0,benign
443.0,46096.0,6,0.3358573913574219,77.41380916143248,145195.55399066364,26,48765,1875.576923076923,66,2962,1348.3622413306275,0.0134432697296142,1,0,1,0,21,26,65160.0,0,49,26,0,48765,0,benign
46096.0,443.0,6,0.0002107620239257,9489.37556561086,512426.2805429864,2,108,54.0,54,54,0.0,0.0002801418304443,0,2,0,0,0,0,0.0,0,2,2,0,108,0,benign
53799.0,1900.0,17,1e-06,1000000.0,167000000.0,1,167,167.0,167,167,0.0,0.0,0,0,0,0,0,0,,0,0,1,0,167,0,benign
5353.0,5353.0,17,1e-06,1000000.0,83000000.0,1,83,83.0,83,83,0.0,0.0,0,0,0,0,0,0,,0,0,1,0,83,0,benign
5353.0,5353.0,17,1e-06,1000000.0,139000000.0,1,139,139.0,139,139,0.0,0.0,0,0,0,0,0,0,,0,0,1,0,139,0,benign
5353.0,5353.0,17,1e-06,1000000.0,139000000.0,1,139,139.0,139,139,0.0,0.0,0,0,0,0,0,0,,0,0,1,0,139,0,benign
5353.0,5353.0,17,1e-06,1000000.0,132000000.0,1,132,132.0,132,132,0.0,0.0,0,0,0,0,0,0,,0,0,1,0,132,0,benign
5353.0,5353.0,17,1e-06,1000000.0,132000000.0,1,132,132.0,132,132,0.0,0.0,0,0,0,0,0,0,,0,0,1,0,132,0,benign
64226.0,5355.0,17,0.4379043579101562,4.567207345331638,342.5405508998728,2,150,75.0,75,75,0.0,0.4188046455383301,0,0,0,0,0,0,,0,0,2,0,150,0,benign
57621.0,57621.0,17,3.0556576251983643,0.9817853856599033,84.43354316675168,3,258,86.0,86,86,0.0,1.5272507667541504,0,0,0,0,0,0,,0,0,3,0,258,0,benign
51633.0,5355.0,17,0.4188559055328369,4.774911786084885,358.1183839563664,2,150,75.0,75,75,0.0,0.427976131439209,0,0,0,0,0,0,,0,0,2,0,150,0,benign
56410.0,5355.0,17,0.4246151447296142,4.7101475885264446,353.26106913948337,2,150,75.0,75,75,0.0,0.4238264560699463,0,0,0,0,0,0,,0,0,2,0,150,0,benign
39836.0,53.0,17,1e-06,1000000.0,84000000.0,1,84,84.0,84,84,0.0,0.0,0,0,0,0,0,0,,0,0,1,0,84,0,benign
55625.0,53.0,17,1e-06,1000000.0,84000000.0,1,84,84.0,84,84,0.0,0.0,0,0,0,0,0,0,,0,0,1,0,84,0,benign
53.0,39836.0,17,1e-06,1000000.0,214000000.0,1,214,214.0,214,214,0.0,0.0,0,0,0,0,0,0,,0,0,1,0,214,0,benign
53.0,55625.0,17,1e-06,1000000.0,254000000.0,1,254,254.0,254,254,0.0,0.0,0,0,0,0,0,0,,0,0,1,0,254,0,benign
46102.0,443.0,6,0.2159628868103027,92.60850461573789,10186.935507731168,20,2200,110.0,66,583,127.86876496092223,0.0113098495884945,1,0,1,0,3,19,64240.0,0,24,20,0,2200,0,benign
443.0,46102.0,6,0.2178065776824951,101.0070505403663,174948.80276548443,22,38105,1732.0454545454545,66,2962,1393.1724494928735,0.0103466056642078,1,0,1,0,17,22,65160.0,0,41,22,0,38105,0,benign
46102.0,443.0,6,0.0011978149414062,1669.7070063694268,90164.17834394904,2,108,54.0,54,54,0.0,0.0015511512756347,0,2,0,0,0,0,0.0,0,2,2,0,108,0,benign
5353.0,5353.0,17,15.036540985107422,1.9951397086412876,289.0957437821225,30,4347,144.9,70,310,106.81287214176209,0.5191925558550604,0,0,0,0,0,0,,0,0,30,0,4347,0,benign
54029.0,1900.0,17,3.0111217498779297,1.3284085906397372,281.6226212156243,4,848,212.0,212,212,0.0,1.0029895305633545,0,0,0,0,0,0,,0,0,4,0,848,0,benign
55259.0,1900.0,17,3.0133285522460938,0.9955768008648912,211.06228178335687,3,636,212.0,212,212,0.0,1.5026932954788208,0,0,0,0,0,0,,0,0,3,0,636,0,benign
57621.0,57621.0,17,1e-06,1000000.0,86000000.0,1,86,86.0,86,86,0.0,0.0,0,0,0,0,0,0,,0,0,1,0,86,0,benign
50708.0,5355.0,17,0.4190030097961426,4.773235402230307,357.992655167273,2,150,75.0,75,75,0.0,0.4142277240753174,0,0,0,0,0,0,,0,0,2,0,150,0,benign
137.0,137.0,17,0.0006489753723144,4622.6715650257165,508493.8721528288,3,330,110.0,110,110,0.0,1.1920928955078125e-07,0,0,0,0,0,0,,0,0,3,0,330,0,benign
5353.0,5353.0,17,7.871370315551758,0.7622560951230535,61.234572974885296,6,482,80.33333333333333,78,85,3.614784456460256,1.5775636196136475,0,0,0,0,0,0,,0,0,6,0,482,0,benign
58246.0,1900.0,17,2.007843255996704,1.4941405366380476,316.75779376726604,3,636,212.0,212,212,0.0,1.0029661655426023,0,0,0,0,0,0,,0,0,3,0,636,0,benign
59753.0,5355.0,17,0.4108121395111084,4.8684053065718125,365.130397992886,2,150,75.0,75,75,0.0,0.4109580516815185,0,0,0,0,0,0,,0,0,2,0,150,0,benign
5353.0,5353.0,17,13.384217739105225,2.1667310383982694,335.9180258151248,29,4496,155.0344827586207,82,457,115.16462836138432,0.4779331088066101,0,0,0,0,0,0,,0,0,29,0,4496,0,benign
53809.0,5355.0,17,0.4214165210723877,4.74589841639468,389.1636701443637,2,164,82.0,82,82,0.0,0.4242386817932129,0,0,0,0,0,0,,0,0,2,0,164,0,benign
57324.0,1900.0,17,6.012538909912109,0.4989572699570028,89.3133513223035,3,537,179.0,179,179,0.0,3.007014513015747,0,0,0,0,0,0,,0,0,3,0,537,0,benign
57621.0,57621.0,17,1e-06,1000000.0,86000000.0,1,86,86.0,86,86,0.0,0.0,0,0,0,0,0,0,,0,0,1,0,86,0,benign
5353.0,5353.0,17,9.86164379119873,0.7098208116427126,141.76135638235888,7,1398,199.7142857142857,87,387,136.6854226386441,1.6438372135162354,0,0,0,0,0,0,,0,0,7,0,1398,0,benign
51020.0,5355.0,17,0.388223648071289,5.151669688170934,448.1952628708712,2,174,87.0,87,87,0.0,0.397430419921875,0,0,0,0,0,0,,0,0,2,0,174,0,benign
51283.0,5355.0,17,0.4038665294647217,4.952131097991132,430.83540552522845,2,174,87.0,87,87,0.0,0.4048233032226562,0,0,0,0,0,0,,0,0,2,0,174,0,benign
61687.0,5355.0,17,0.3864824771881103,5.174878857512994,683.0840091917152,2,264,132.0,132,132,0.0,0.3948762416839599,0,0,0,0,0,0,,0,0,2,0,264,0,benign
52536.0,5355.0,17,0.4089386463165283,4.89070920054827,366.8031900411203,2,150,75.0,75,75,0.0,0.4178216457366943,0,0,0,0,0,0,,0,0,2,0,150,0,benign
51374.0,5355.0,17,0.407545804977417,4.907423841869319,368.0567881401989,2,150,75.0,75,75,0.0,0.4178214073181152,0,0,0,0,0,0,,0,0,2,0,150,0,benign
60633.0,5355.0,17,0.4118008613586426,4.856716407540913,641.0865657954005,2,264,132.0,132,132,0.0,0.417642593383789,0,0,0,0,0,0,,0,0,2,0,264,0,benign
58413.0,1900.0,17,3.017176628112793,1.325742736679606,281.05746017607646,4,848,212.0,212,212,0.0,1.0052781105041504,0,0,0,0,0,0,,0,0,4,0,848,0,benign
46648.0,443.0,6,0.5567200183868408,66.46069618120016,5965.296541020696,37,3321,89.75675675675676,66,583,95.44440074532206,0.0154816375838385,1,0,1,0,3,36,64240.0,0,41,37,0,3321,0,benign
443.0,46648.0,6,0.5563209056854248,68.30589972739105,188396.6590665297,38,104809,2758.1315789473683,66,5858,1648.7957467956708,0.0150591231681205,1,0,1,0,32,38,65160.0,0,72,38,0,104809,0,benign
46648.0,443.0,6,0.0006375312805175,3137.100972326103,169403.45250560957,2,108,54.0,54,54,0.0,6.246566772460938e-05,0,2,0,0,0,0,0.0,0,2,2,0,108,0,benign
59177.0,5355.0,17,0.4190237522125244,4.772999118640943,357.9749338980708,2,150,75.0,75,75,0.0,0.4184520244598388,0,0,0,0,0,0,,0,0,2,0,150,0,benign
52573.0,5355.0,17,0.4048511981964111,4.940086651366935,424.8474520175564,2,172,86.0,86,86,0.0,0.408545970916748,0,0,0,0,0,0,,0,0,2,0,172,0,benign
57050.0,5355.0,17,0.4126267433166504,4.846995577465993,416.8416196620754,2,172,86.0,86,86,0.0,0.4081616401672363,0,0,0,0,0,0,,0,0,2,0,172,0,benign
64064.0,5355.0,17,0.3904669284820556,5.122072713750742,440.4982533825639,2,172,86.0,86,86,0.0,0.4007668495178222,0,0,0,0,0,0,,0,0,2,0,172,0,benign
5353.0,5353.0,17,14.109509944915771,4.039828471898091,327.2261062237454,57,4617,81.0,81,81,0.0,0.2519676302160535,0,0,0,0,0,0,,0,0,57,0,4617,0,benign
56425.0,1900.0,17,3.064607858657837,1.3052240888502529,233.63511190419527,4,716,179.0,179,179,0.0,1.0214404265085857,0,0,0,0,0,0,,0,0,4,0,716,0,benign
5353.0,5353.0,17,0.7696845531463623,7.795401343930891,1703.2951936488996,6,1311,218.5,93,387,139.48153999723405,0.1540394783020019,0,0,0,0,0,0,,0,0,6,0,1311,0,benign
65275.0,5355.0,17,0.4110348224639892,4.865767790696663,350.33528093015974,2,144,72.0,72,72,0.0,0.4112260341644287,0,0,0,0,0,0,,0,0,2,0,144,0,benign
57232.0,5355.0,17,0.4093694686889648,4.885562194965696,351.76047803753016,2,144,72.0,72,72,0.0,0.4109232425689697,0,0,0,0,0,0,,0,0,2,0,144,0,benign
5353.0,5353.0,17,1e-06,1000000.0,87000000.0,1,87,87.0,87,87,0.0,0.0,0,0,0,0,0,0,,0,0,1,0,87,0,benign
55328.0,5355.0,17,0.406118631362915,4.924669408266481,369.35020561998607,2,150,75.0,75,75,0.0,0.4111049175262451,0,0,0,0,0,0,,0,0,2,0,150,0,benign
59645.0,5355.0,17,0.413670539855957,4.834765368344611,362.6074026258458,2,150,75.0,75,75,0.0,0.4178609848022461,0,0,0,0,0,0,,0,0,2,0,150,0,benign
5353.0,5353.0,17,10.023736000061035,3.39194887014113,266.0684599019528,34,2667,78.44117647058823,70,82,4.142837385690884,0.3034160787409002,0,0,0,0,0,0,,0,0,34,0,2667,0,benign
5353.0,5353.0,17,9.995200395584106,0.2000960381828465,17.2082592837248,2,172,86.0,86,86,0.0,10.012186288833618,0,0,0,0,0,0,,0,0,2,0,172,0,benign
5353.0,5353.0,17,10.006691217422484,3.797459037592649,297.90066818588645,38,2981,78.44736842105263,70,82,4.303972824822859,0.270734741881087,0,0,0,0,0,0,,0,0,38,0,2981,0,benign
5353.0,5353.0,17,1e-06,1000000.0,132000000.0,1,132,132.0,132,132,0.0,0.0,0,0,0,0,0,0,,0,0,1,0,132,0,benign
52345.0,5355.0,17,0.4033961296081543,4.957905773520272,371.8429330140204,2,150,75.0,75,75,0.0,0.4107341766357422,0,0,0,0,0,0,,0,0,2,0,150,0,benign
59041.0,5355.0,17,0.4046907424926758,4.942045344751608,355.8272648221157,2,144,72.0,72,72,0.0,0.4054708480834961,0,0,0,0,0,0,,0,0,2,0,144,0,benign
137.0,137.0,17,2.314361333847046,5.185015764177587,570.3517340595346,12,1320,110.0,110,110,0.0,0.2105896472930908,0,0,0,0,0,0,,0,0,12,0,1320,0,benign
50528.0,1900.0,17,1e-06,1000000.0,167000000.0,1,167,167.0,167,167,0.0,0.0,0,0,0,0,0,0,,0,0,1,0,167,0,benign
51059.0,1900.0,17,3.039115190505981,1.3161725532799042,279.0285812953397,4,848,212.0,212,212,0.0,1.01235834757487,0,0,0,0,0,0,,0,0,4,0,848,0,benign
65059.0,5355.0,17,0.4213292598724365,4.746881336001987,356.016100200149,2,150,75.0,75,75,0.0,0.4127821922302246,0,0,0,0,0,0,,0,0,2,0,150,0,benign
49925.0,21027.0,17,1e-06,1000000.0,343000000.0,1,343,343.0,343,343,0.0,0.0,0,0,0,0,0,0,,0,0,1,0,343,0,benign
46654.0,443.0,6,0.154102087020874,246.5897817130321,21959.4689820237,38,3384,89.05263157894737,66,583,94.009760093767,0.0040506736652271,1,0,1,0,3,37,64240.0,0,42,38,0,3384,0,benign
443.0,46654.0,6,0.183361530303955,234.50938661299173,573277.2835487872,43,105117,2444.5813953488373,66,4410,1269.8370392740528,0.0041811920347667,1,0,1,0,38,43,65160.0,0,83,43,0,105117,0,benign
46654.0,443.0,6,0.0002319812774658,8621.385405960946,465554.8119218911,2,108,54.0,54,54,0.0,0.0018074512481689,0,2,0,0,0,0,0.0,0,2,2,0,108,0,benign
51834.0,5355.0,17,0.4165613651275635,4.801213380380441,345.6873633873917,2,144,72.0,72,72,0.0,0.4149363040924072,0,0,0,0,0,0,,0,0,2,0,144,0,benign
61446.0,5355.0,17,0.4091410636901855,4.888289583942771,351.9568500438795,2,144,72.0,72,72,0.0,0.414935827255249,0,0,0,0,0,0,,0,0,2,0,144,0,benign
56743.0,5355.0,17,0.4142305850982666,4.828228701474437,362.1171526105828,2,150,75.0,75,75,0.0,0.4142951965332031,0,0,0,0,0,0,,0,0,2,0,150,0,benign
137.0,137.0,17,1.5090515613555908,1.9880036420392957,182.8963350676152,3,276,92.0,92,92,0.0,0.7574894428253174,0,0,0,0,0,0,,0,0,3,0,276,0,benign
55391.0,5355.0,17,0.4115755558013916,4.859375081461623,311.0000052135439,2,128,64.0,64,64,0.0,0.4157607555389404,0,0,0,0,0,0,,0,0,2,0,128,0,benign
57073.0,5355.0,17,0.4102215766906738,4.875413955878028,312.0264931761938,2,128,64.0,64,64,0.0,0.4112870693206787,0,0,0,0,0,0,,0,0,2,0,128,0,benign
54527.0,5355.0,17,0.4339776039123535,4.608532749086106,345.639956181458,2,150,75.0,75,75,0.0,0.4185922145843506,0,0,0,0,0,0,,0,0,2,0,150,0,benign
137.0,137.0,17,15.097644329071043,1.722122963907428,158.4353126794834,26,2392,92.0,92,92,0.0,0.6037953948974609,0,0,0,0,0,0,,0,0,26,0,2392,0,benign
62368.0,3702.0,17,7.572527885437012,0.9243940868757896,645.2270726393011,7,4886,698.0,698,698,0.0,1.2618128061294556,0,0,0,0,0,0,,0,0,7,0,4886,0,benign
57621.0,57621.0,17,1e-06,1000000.0,86000000.0,1,86,86.0,86,86,0.0,0.0,0,0,0,0,0,0,,0,0,1,0,86,0,benign
5353.0,5353.0,17,1e-06,1000000.0,87000000.0,1,87,87.0,87,87,0.0,0.0,0,0,0,0,0,0,,0,0,1,0,87,0,benign
50036.0,1900.0,17,14.035715579986572,0.5699745021484436,95.18574185879008,8,1336,167.0,167,167,0.0,2.0037818976811,0,0,0,0,0,0,,0,0,8,0,1336,0,benign
137.0,137.0,17,14.479294776916504,0.2762565485148466,25.415602463365893,4,368,92.0,92,92,0.0,4.822219769159953,0,0,0,0,0,0,,0,0,4,0,368,0,benign
5353.0,5353.0,17,14.479352951049805,0.2071915789429312,16.78251789437743,3,243,81.0,81,81,0.0,7.233329772949219,0,0,0,0,0,0,,0,0,3,0,243,0,benign
64858.0,5355.0,17,0.4114751815795898,4.860560465207909,364.5420348905932,2,150,75.0,75,75,0.0,0.4167516231536865,0,0,0,0,0,0,,0,0,2,0,150,0,benign
17500.0,17500.0,17,0.0009942054748535,4023.313189448441,708103.1213429257,4,704,176.0,176,176,0.0,0.0007137457529703,0,0,0,0,0,0,,0,0,4,0,704,0,benign
17500.0,17500.0,17,1e-06,1000000.0,176000000.0,1,176,176.0,176,176,0.0,0.0,0,0,0,0,0,0,,0,0,1,0,176,0,benign
5353.0,5353.0,17,0.799640417098999,7.503372605611021,1797.0577390438395,6,1437,239.5,93,429,162.20203451251774,0.1551483154296875,0,0,0,0,0,0,,0,0,6,0,1437,0,benign
62653.0,1900.0,17,1e-06,1000000.0,167000000.0,1,167,167.0,167,167,0.0,0.0,0,0,0,0,0,0,,0,0,1,0,167,0,benign
58536.0,5355.0,17,0.4102513790130615,4.875059786054551,365.62948395409126,2,150,75.0,75,75,0.0,0.4103398323059082,0,0,0,0,0,0,,0,0,2,0,150,0,benign
63879.0,5355.0,17,0.4091567993164062,4.888101586828022,366.6076190121017,2,150,75.0,75,75,0.0,0.4102871417999267,0,0,0,0,0,0,,0,0,2,0,150,0,benign
54816.0,443.0,6,0.5310096740722656,56.49614586102111,5391.615520003448,30,2863,95.43333333333334,66,583,105.8703446913132,0.0183631716103389,1,0,1,0,3,29,64240.0,0,34,30,0,2863,0,benign
443.0,54816.0,6,0.5201635360717773,78.82136512226111,204362.65256650245,41,106302,2592.731707317073,66,4410,1369.3478926918142,0.0130951583385467,1,0,1,0,36,41,65160.0,0,79,41,0,106302,0,benign
54816.0,443.0,6,0.0002262592315673,8839.418335089567,477328.5900948367,2,108,54.0,54,54,0.0,6.580352783203125e-05,0,2,0,0,0,0,0.0,0,2,2,0,108,0,benign
51335.0,5355.0,17,0.4096794128417969,4.881866008659621,366.1399506494716,2,150,75.0,75,75,0.0,0.4111928939819336,0,0,0,0,0,0,,0,0,2,0,150,0,benign
57621.0,57621.0,17,1e-06,1000000.0,86000000.0,1,86,86.0,86,86,0.0,0.0,0,0,0,0,0,0,,0,0,1,0,86,0,benign
52342.0,5355.0,17,0.4107756614685058,4.868837634756849,365.16282260676365,2,150,75.0,75,75,0.0,0.4168920516967773,0,0,0,0,0,0,,0,0,2,0,150,0,benign
54597.0,5355.0,17,0.4090883731842041,4.888919194727251,366.66893960454377,2,150,75.0,75,75,0.0,0.4168920516967773,0,0,0,0,0,0,,0,0,2,0,150,0,benign
5353.0,5353.0,17,0.8014285564422607,7.486631156039013,1875.4011045877728,6,1503,250.5,93,451,174.13299515025864,0.1589680671691894,0,0,0,0,0,0,,0,0,6,0,1503,0,benign
57621.0,57621.0,17,1e-06,1000000.0,86000000.0,1,86,86.0,86,86,0.0,0.0,0,0,0,0,0,0,,0,0,1,0,86,0,benign
17500.0,17500.0,17,1e-06,1000000.0,176000000.0,1,176,176.0,176,176,0.0,0.0,0,0,0,0,0,0,,0,0,1,0,176,0,benign
64952.0,5355.0,17,0.4252324104309082,4.703310356737166,352.74827675528746,2,150,75.0,75,75,0.0,0.4265105724334717,0,0,0,0,0,0,,0,0,2,0,150,0,benign
5353.0,5353.0,17,15.004992961883543,1.0663117297451603,207.93078730030624,16,3120,195.0,83,310,114.17647159842814,1.000511614481608,0,0,0,0,0,0,,0,0,16,0,3120,0,benign
57621.0,57621.0,17,1e-06,1000000.0,86000000.0,1,86,86.0,86,86,0.0,0.0,0,0,0,0,0,0,,0,0,1,0,86,0,benign
80.0,57794.0,6,0.2097389698028564,19.07132472215244,2588.932331032194,4,543,135.75,66,337,134.21965827205292,0.0692470073699951,1,0,1,0,1,4,65160.0,0,7,4,0,543,0,benign
57794.0,80.0,6,0.2105441093444824,23.74799283422,2023.328989475544,5,426,85.2,66,154,38.61605883567094,0.052453339099884,1,0,1,0,1,4,64240.0,0,7,5,0,426,0,benign
58949.0,3702.0,17,5.71946907043457,1.223889825051215,849.3795385855431,7,4858,694.0,694,694,0.0,0.9543315966924032,0,0,0,0,0,0,,0,0,7,0,4858,0,benign
64167.0,1900.0,17,3.0274784564971924,1.3212315322725765,280.1010848417862,4,848,212.0,212,212,0.0,1.0031415621439617,0,0,0,0,0,0,,0,0,4,0,848,0,benign
54830.0,443.0,6,0.5046849250793457,73.3130675424532,6614.02755288402,37,3338,90.2162162162162,66,583,96.71496929268646,0.0139617588784959,1,0,1,0,3,36,64240.0,0,41,37,0,3338,0,benign
443.0,54830.0,6,0.4911813735961914,81.43631283723043,216359.99594595385,40,106272,2656.8,66,5858,1738.4340020510351,0.0126872612879826,2,0,1,0,32,40,65160.0,0,75,40,0,106272,0,benign
54830.0,443.0,6,0.0002071857452392,9653.173762945917,521271.3831990794,2,108,54.0,54,54,0.0,0.0001971721649169,0,2,0,0,0,0,0.0,0,2,2,0,108,0,benign
5353.0,5353.0,17,1e-06,1000000.0,92000000.0,1,92,92.0,92,92,0.0,0.0,0,0,0,0,0,0,,0,0,1,0,92,0,benign
56113.0,1900.0,17,1e-06,1000000.0,167000000.0,1,167,167.0,167,167,0.0,0.0,0,0,0,0,0,0,,0,0,1,0,167,0,benign
5353.0,5353.0,17,1e-06,1000000.0,108000000.0,1,108,108.0,108,108,0.0,0.0,0,0,0,0,0,0,,0,0,1,0,108,0,benign
57621.0,57621.0,17,1e-06,1000000.0,86000000.0,1,86,86.0,86,86,0.0,0.0,0,0,0,0,0,0,,0,0,1,0,86,0,benign
59374.0,1900.0,17,3.0257160663604736,1.3220011105706484,280.2642354409775,4,848,212.0,212,212,0.0,1.0088632901509602,0,0,0,0,0,0,,0,0,4,0,848,0,benign
54937.0,1900.0,17,3.010465383529663,1.328698221173413,281.6840228887636,4,848,212.0,212,212,0.0,1.0038394927978516,0,0,0,0,0,0,,0,0,4,0,848,0,benign
54688.0,5355.0,17,0.4271564483642578,4.682125267355204,351.1593950516403,2,150,75.0,75,75,0.0,0.418522834777832,0,0,0,0,0,0,,0,0,2,0,150,0,benign
5353.0,5353.0,17,13.982924938201904,0.5721263637869988,49.77499364946889,8,696,87.0,87,87,0.0,1.9959562505994524,0,0,0,0,0,0,,0,0,8,0,696,0,benign
5353.0,5353.0,17,0.7927553653717041,7.568539125795437,1705.4441496792383,6,1352,225.33333333333331,86,403,154.06968120518283,0.1583560466766357,0,0,0,0,0,0,,0,0,6,0,1352,0,benign
5353.0,5353.0,17,1.422466516494751,4.921029717626981,837.2780562419621,7,1191,170.14285714285714,86,301,106.34445381468116,0.2345563173294067,0,0,0,0,0,0,,0,0,7,0,1191,0,benign
54212.0,1900.0,17,1e-06,1000000.0,179000000.0,1,179,179.0,179,179,0.0,0.0,0,0,0,0,0,0,,0,0,1,0,179,0,benign
55514.0,1900.0,17,1e-06,1000000.0,167000000.0,1,167,167.0,167,167,0.0,0.0,0,0,0,0,0,0,,0,0,1,0,167,0,benign
57621.0,57621.0,17,1e-06,1000000.0,86000000.0,1,86,86.0,86,86,0.0,0.0,0,0,0,0,0,0,,0,0,1,0,86,0,benign
53636.0,1900.0,17,0.0384383201599121,52.03141010532062,9313.62240885239,2,358,179.0,179,179,0.0,0.037635326385498,0,0,0,0,0,0,,0,0,2,0,358,0,benign
5353.0,5353.0,17,1e-06,1000000.0,87000000.0,1,87,87.0,87,87,0.0,0.0,0,0,0,0,0,0,,0,0,1,0,87,0,benign
53434.0,5355.0,17,0.4101333618164062,4.876462600219506,365.734695016463,2,150,75.0,75,75,0.0,0.4139528274536133,0,0,0,0,0,0,,0,0,2,0,150,0,benign
65211.0,1900.0,17,2.996633052825928,1.3348314356433677,284.3190957920373,4,852,213.0,213,213,0.0,1.000230709711711,0,0,0,0,0,0,,0,0,4,0,852,0,benign
5353.0,5353.0,17,0.805060625076294,7.452854869695549,1300.5231747618734,6,1047,174.5,93,299,92.33363417520184,0.1588533401489257,0,0,0,0,0,0,,0,0,6,0,1047,0,benign
5353.0,5353.0,17,14.075555086135864,1.562993421244861,126.60246712083377,22,1782,81.0,81,81,0.0,0.670268422081357,0,0,0,0,0,0,,0,0,22,0,1782,0,benign
59341.0,5355.0,17,0.4245588779449463,4.710771824348343,353.3078868261257,2,150,75.0,75,75,0.0,0.4245376586914062,0,0,0,0,0,0,,0,0,2,0,150,0,benign
5353.0,5353.0,17,11.696799039840698,1.880856456973003,275.5454709465449,22,3223,146.5,82,346,110.85028513398473,0.5576129527319045,0,0,0,0,0,0,,0,0,22,0,3223,0,benign
54840.0,443.0,6,1.4905767440795898,18.113793944016027,1773.810043999199,27,2644,97.92592592592592,66,583,109.59398001642452,0.057345463679387,1,0,1,0,3,26,64240.0,0,31,27,0,2644,0,benign
443.0,54840.0,6,1.5014550685882568,19.31459729079156,41894.69356491936,29,62903,2169.0689655172414,66,4410,1507.159128271144,0.0534972207886832,1,0,1,0,24,29,65160.0,0,55,29,0,62903,0,benign
54840.0,443.0,6,0.000206708908081,9675.441753171855,522473.85467128025,2,108,54.0,54,54,0.0,0.0016138553619384,0,2,0,0,0,0,0.0,0,2,2,0,108,0,benign
54418.0,1900.0,17,1e-06,1000000.0,167000000.0,1,167,167.0,167,167,0.0,0.0,0,0,0,0,0,0,,0,0,1,0,167,0,benign
52211.0,1900.0,17,1e-06,1000000.0,179000000.0,1,179,179.0,179,179,0.0,0.0,0,0,0,0,0,0,,0,0,1,0,179,0,benign
64545.0,5355.0,17,0.4263935089111328,4.690502923244153,351.7877192433114,2,150,75.0,75,75,0.0,0.4242234230041504,0,0,0,0,0,0,,0,0,2,0,150,0,benign
54572.0,3544.0,17,1e-06,1000000.0,82000000.0,1,82,82.0,82,82,0.0,0.0,0,0,0,0,0,0,,0,0,1,0,82,0,benign
53627.0,5355.0,17,0.4191598892211914,4.77144891825419,357.8586688690643,2,150,75.0,75,75,0.0,0.420569896697998,0,0,0,0,0,0,,0,0,2,0,150,0,benign
57621.0,57621.0,17,1e-06,1000000.0,86000000.0,1,86,86.0,86,86,0.0,0.0,0,0,0,0,0,0,,0,0,1,0,86,0,benign
50110.0,53.0,17,1e-06,1000000.0,84000000.0,1,84,84.0,84,84,0.0,0.0,0,0,0,0,0,0,,0,0,1,0,84,0,benign
42978.0,53.0,17,1e-06,1000000.0,84000000.0,1,84,84.0,84,84,0.0,0.0,0,0,0,0,0,0,,0,0,1,0,84,0,benign
53.0,50110.0,17,1e-06,1000000.0,214000000.0,1,214,214.0,214,214,0.0,0.0,0,0,0,0,0,0,,0,0,1,0,214,0,benign
53.0,42978.0,17,1e-06,1000000.0,254000000.0,1,254,254.0,254,254,0.0,0.0,0,0,0,0,0,0,,0,0,1,0,254,0,benign
64901.0,5355.0,17,0.5276491641998291,3.7903973619155935,284.2798021436695,2,150,75.0,75,75,0.0,0.4135434627532959,0,0,0,0,0,0,,0,0,2,0,150,0,benign
49594.0,1900.0,17,3.0341391563415527,1.3183310961989776,279.4861923941832,4,848,212.0,212,212,0.0,1.0098496278127034,0,0,0,0,0,0,,0,0,4,0,848,0,benign
59639.0,5355.0,17,0.4062721729278564,4.922808238592183,369.21061789441376,2,150,75.0,75,75,0.0,0.4067609310150146,0,0,0,0,0,0,,0,0,2,0,150,0,benign
65493.0,1900.0,17,1e-06,1000000.0,179000000.0,1,179,179.0,179,179,0.0,0.0,0,0,0,0,0,0,,0,0,1,0,179,0,benign
53960.0,5355.0,17,0.416252851486206,4.804771890112269,360.3578917584202,2,150,75.0,75,75,0.0,0.4140162467956543,0,0,0,0,0,0,,0,0,2,0,150,0,benign
137.0,137.0,17,14.071568727493286,1.1370445122254855,104.60809512474466,16,1472,92.0,92,92,0.0,0.9384383837382,0,0,0,0,0,0,,0,0,16,0,1472,0,benign
137.0,137.0,17,12.709190607070925,1.3376146857488966,123.06055108889848,17,1564,92.0,92,92,0.0,0.7948880046606064,0,0,0,0,0,0,,0,0,17,0,1564,0,benign
5353.0,5353.0,17,11.971278190612791,0.9188659577408856,74.42814257701173,11,891,81.0,81,81,0.0,1.196980595588684,0,0,0,0,0,0,,0,0,11,0,891,0,benign
5353.0,5353.0,17,14.654648542404177,2.524796135024194,231.9400557553307,37,3399,91.86486486486488,90,93,1.1585949863271212,0.4070894122123718,0,0,0,0,0,0,,0,0,37,0,3399,0,benign
50036.0,1900.0,17,14.06596040725708,0.568748934901917,94.98107212862016,8,1336,167.0,167,167,0.0,2.0086752687181746,0,0,0,0,0,0,,0,0,8,0,1336,0,benign
55769.0,5355.0,17,0.4146308898925781,4.823567295041999,361.76754712814994,2,150,75.0,75,75,0.0,0.4160876274108886,0,0,0,0,0,0,,0,0,2,0,150,0,benign
80.0,46012.0,6,0.0717732906341552,55.73103817113397,7328.631519504117,4,526,131.5,66,320,125.7232410230238,0.0234765211741129,1,0,1,0,1,4,65160.0,0,7,4,0,526,0,benign
46012.0,80.0,6,0.0730984210968017,68.40093021131975,8194.431439316106,5,599,119.8,66,327,115.88011045904295,0.0180296301841735,1,0,1,0,1,4,64240.0,0,7,5,0,599,0,benign
38648.0,443.0,6,0.1795859336853027,50.11528361553719,8168.791229332562,9,1467,163.0,66,583,182.8332573685652,0.0225519835948944,1,0,1,0,3,8,64240.0,0,13,9,0,1467,0,benign
5353.0,5353.0,17,10.02290964126587,3.891085662334116,304.7019387889331,39,3054,78.3076923076923,70,81,3.867229704458288,0.2635777498546399,0,0,0,0,0,0,,0,0,39,0,3054,0,benign
5353.0,5353.0,17,10.011960506439207,0.1997610756368542,17.17945250476946,2,172,86.0,86,86,0.0,10.011669397354126,0,0,0,0,0,0,,0,0,2,0,172,0,benign
5353.0,5353.0,17,10.021137952804564,3.791984521015912,297.4712067670641,38,2981,78.44736842105263,70,81,3.977622326731254,0.2706648659061741,0,0,0,0,0,0,,0,0,38,0,2981,0,benign
5353.0,5353.0,17,1e-06,1000000.0,128000000.0,1,128,128.0,128,128,0.0,0.0,0,0,0,0,0,0,,0,0,1,0,128,0,benign
443.0,38648.0,6,0.1944000720977783,56.5843411542938,39588.462683949554,11,7696,699.6363636363636,66,2954,1141.50306812792,0.0188130378723144,1,0,1,0,5,11,65535.0,0,18,11,0,7696,0,benign
38648.0,443.0,6,0.0046122074127197,433.6318428534505,23416.119514086327,2,108,54.0,54,54,0.0,7.295608520507812e-05,0,2,0,0,0,0,0.0,0,2,2,0,108,0,benign
38658.0,443.0,6,0.3197977542877197,37.52371565812712,6544.761406038339,12,2093,174.41666666666666,66,583,189.45446002731745,0.0289316827600652,1,0,1,0,4,11,64240.0,0,17,12,0,2093,0,benign
443.0,38658.0,6,0.3201363086700439,46.85504141131366,27713.19516007832,15,8872,591.4666666666667,66,2954,1006.2009077051496,0.0231652430125645,1,0,1,0,8,15,65535.0,0,25,15,0,8872,0,benign
38658.0,443.0,6,0.0033071041107177,604.7587052123134,32656.97008146493,2,108,54.0,54,54,0.0,0.0004386901855468,0,2,0,0,0,0,0.0,0,2,2,0,108,0,benign
51735.0,5355.0,17,0.4108369350433349,4.868111480261726,365.1083610196295,2,150,75.0,75,75,0.0,0.4149224758148193,0,0,0,0,0,0,,0,0,2,0,150,0,benign
5353.0,5353.0,17,0.7787973880767822,7.704186084671942,1227.5336494910628,6,956,159.33333333333334,86,271,83.03172084611198,0.1558941841125488,0,0,0,0,0,0,,0,0,6,0,956,0,benign
137.0,137.0,17,1.5113317966461182,1.985004223862337,182.62038859533504,3,276,92.0,92,92,0.0,0.7557264566421509,0,0,0,0,0,0,,0,0,3,0,276,0,benign
57131.0,1900.0,17,7.029482841491699,1.1380638064552628,203.71342135549204,8,1432,179.0,179,179,0.0,1.0033000537327357,0,0,0,0,0,0,,0,0,8,0,1432,0,benign
57621.0,57621.0,17,1e-06,1000000.0,86000000.0,1,86,86.0,86,86,0.0,0.0,0,0,0,0,0,0,,0,0,1,0,86,0,benign
51069.0,5355.0,17,0.4170341491699219,4.795770331952105,359.6827748964079,2,150,75.0,75,75,0.0,0.415689468383789,0,0,0,0,0,0,,0,0,2,0,150,0,benign
64927.0,5355.0,17,0.4082620143890381,4.898814804000292,367.4111103000219,2,150,75.0,75,75,0.0,0.407144546508789,0,0,0,0,0,0,,0,0,2,0,150,0,benign
5353.0,5353.0,17,1e-06,1000000.0,87000000.0,1,87,87.0,87,87,0.0,0.0,0,0,0,0,0,0,,0,0,1,0,87,0,benign
5353.0,5353.0,17,15.0116605758667,1.0658381142538085,207.83843227949265,16,3120,195.0,83,310,114.17647159842814,1.0008013407389322,0,0,0,0,0,0,,0,0,16,0,3120,0,benign
38670.0,443.0,6,0.3230197429656982,30.957860062014564,6064.644786148653,10,1959,195.9,66,583,201.58011916963548,0.0360718038347032,1,0,1,0,4,9,64240.0,0,15,10,0,1959,0,benign
57621.0,57621.0,17,1e-06,1000000.0,86000000.0,1,86,86.0,86,86,0.0,0.0,0,0,0,0,0,0,,0,0,1,0,86,0,benign
37015.0,53.0,17,1e-06,1000000.0,100000000.0,1,100,100.0,100,100,0.0,0.0,0,0,0,0,0,0,,0,0,1,0,100,0,benign
53.0,37015.0,17,1e-06,1000000.0,292000000.0,1,292,292.0,292,292,0.0,0.0,0,0,0,0,0,0,,0,0,1,0,292,0,benign
443.0,38670.0,6,0.3361959457397461,38.667926144664094,25871.817046637563,13,8698,669.0769230769231,66,2954,1064.7833474106726,0.0271569689114888,1,0,1,0,6,13,65535.0,0,21,13,0,8698,0,benign
38670.0,443.0,6,0.0004453659057617,4490.689507494647,242497.2334047109,2,108,54.0,54,54,0.0,0.0025680065155029,0,2,0,0,0,0,0.0,0,2,2,0,108,0,benign
80.0,57794.0,6,1e-06,1000000.0,66000000.0,1,66,66.0,66,66,0.0,0.0,0,0,0,0,0,1,509.0,0,1,1,0,66,0,benign
5353.0,5353.0,17,0.7609832286834717,7.884536444226525,1700.431693138187,6,1294,215.66666666666663,82,385,147.72226191968042,0.1507566452026367,0,0,0,0,0,0,,0,0,6,0,1294,0,benign
53234.0,1900.0,17,3.038435935974121,1.316466788929549,279.0909592530644,4,848,212.0,212,212,0.0,1.0143237113952637,0,0,0,0,0,0,,0,0,4,0,848,0,benign
53556.0,5355.0,17,0.3994455337524414,5.006940448705858,375.5205336529394,2,150,75.0,75,75,0.0,0.4162890911102295,0,0,0,0,0,0,,0,0,2,0,150,0,benign
49181.0,5355.0,17,0.414776086807251,4.821878752449421,361.64090643370656,2,150,75.0,75,75,0.0,0.4154186248779297,0,0,0,0,0,0,,0,0,2,0,150,0,benign
5353.0,5353.0,17,0.7857120037078857,7.636385815267113,1167.0942987666572,6,917,152.83333333333334,83,259,79.04534563569614,0.155467414855957,0,0,0,0,0,0,,0,0,6,0,917,0,benign
5353.0,5353.0,17,13.979362487792969,0.5722721624098198,49.78767812965432,8,696,87.0,87,87,0.0,1.9968866620744976,0,0,0,0,0,0,,0,0,8,0,696,0,benign
53096.0,1900.0,17,1e-06,1000000.0,167000000.0,1,167,167.0,167,167,0.0,0.0,0,0,0,0,0,0,,0,0,1,0,167,0,benign
58892.0,5355.0,17,0.4111313819885254,4.864625002174657,364.8468751630992,2,150,75.0,75,75,0.0,0.4122195243835449,0,0,0,0,0,0,,0,0,2,0,150,0,benign
52421.0,5355.0,17,0.4375545978546142,4.570858150745653,342.814361305924,2,150,75.0,75,75,0.0,0.4356739521026611,0,0,0,0,0,0,,0,0,2,0,150,0,benign
55698.0,443.0,6,0.2115633487701416,42.540449715504735,6934.093303627273,9,1467,163.0,66,583,182.8332573685652,0.0259515345096588,1,0,1,0,3,8,64240.0,0,13,9,0,1467,0,benign
443.0,55698.0,6,0.2118659019470214,51.91963359328405,36324.863648537634,11,7696,699.6363636363636,66,2954,1141.50306812792,0.0212207555770874,1,0,1,0,5,11,65535.0,0,18,11,0,7696,0,benign
55698.0,443.0,6,0.0004723072052001,4234.53205451792,228664.7309439677,2,108,54.0,54,54,0.0,0.0002291202545166,0,2,0,0,0,0,0.0,0,2,2,0,108,0,benign
5353.0,5353.0,17,14.07219624519348,1.5633664864156758,126.63268539966974,22,1782,81.0,81,81,0.0,0.6693556535811651,0,0,0,0,0,0,,0,0,22,0,1782,0,benign
5353.0,5353.0,17,0.0029804706573486,671.0349572034237,65090.3908487321,2,194,97.0,91,103,8.48528137423857,0.0028517246246337,0,0,0,0,0,0,,0,0,2,0,194,0,benign
5353.0,5353.0,17,1e-06,1000000.0,91000000.0,1,91,91.0,91,91,0.0,0.0,0,0,0,0,0,0,,0,0,1,0,91,0,benign
5353.0,5353.0,17,1e-06,1000000.0,136000000.0,1,136,136.0,136,136,0.0,0.0,0,0,0,0,0,0,,0,0,1,0,136,0,benign
5353.0,5353.0,17,1e-06,1000000.0,133000000.0,1,133,133.0,133,133,0.0,0.0,0,0,0,0,0,0,,0,0,1,0,133,0,benign
62796.0,5355.0,17,0.4211974143981933,4.74836723026327,356.1275422697452,2,150,75.0,75,75,0.0,0.4189333915710449,0,0,0,0,0,0,,0,0,2,0,150,0,benign
61602.0,5355.0,17,0.4308457374572754,4.642032695515129,348.15245216363473,2,150,75.0,75,75,0.0,0.4295430183410644,0,0,0,0,0,0,,0,0,2,0,150,0,benign
49925.0,21027.0,17,1e-06,1000000.0,343000000.0,1,343,343.0,343,343,0.0,0.0,0,0,0,0,0,0,,0,0,1,0,343,0,benign
55702.0,443.0,6,0.283282995223999,35.300389252424935,5644.532241462747,10,1599,159.9,66,583,172.93829985158163,0.0311705006493462,1,0,1,0,4,9,64240.0,0,15,10,0,1599,0,benign
443.0,55702.0,6,0.2863194942474365,38.41862053058053,26924.46778820412,11,7709,700.8181818181819,66,2954,1060.9225059524204,0.0281155824661254,1,0,1,0,5,11,65535.0,0,18,11,0,7709,0,benign
55702.0,443.0,6,0.0005362033843994,3729.9279679857714,201416.11027123165,2,108,54.0,54,54,0.0,0.0003421306610107,0,2,0,0,0,0,0.0,0,2,2,0,108,0,benign
53518.0,5355.0,17,0.4202532768249511,4.7590348732320855,356.9276154924064,2,150,75.0,75,75,0.0,0.419036865234375,0,0,0,0,0,0,,0,0,2,0,150,0,benign
137.0,137.0,17,14.820392608642578,1.147068127607252,105.53026773986718,17,1564,92.0,92,92,0.0,0.9262985438108444,0,0,0,0,0,0,,0,0,17,0,1564,0,benign
17500.0,17500.0,17,0.0119874477386474,333.6823723622188,58728.09753575051,4,704,176.0,176,176,0.0,0.0030190149943033,0,0,0,0,0,0,,0,0,4,0,704,0,benign
17500.0,17500.0,17,1e-06,1000000.0,176000000.0,1,176,176.0,176,176,0.0,0.0,0,0,0,0,0,0,,0,0,1,0,176,0,benign
55381.0,5355.0,17,0.4190425872802734,4.772784582542479,343.64048994305847,2,144,72.0,72,72,0.0,0.4185273647308349,0,0,0,0,0,0,,0,0,2,0,144,0,benign
5353.0,5353.0,17,15.025968074798584,0.7320659770633414,66.88420972260528,11,1005,91.36363636363636,91,92,0.504524979109513,1.502357268333435,0,0,0,0,0,0,,0,0,11,0,1005,0,benign
52855.0,53.0,17,1e-06,1000000.0,86000000.0,1,86,86.0,86,86,0.0,0.0,0,0,0,0,0,0,,0,0,1,0,86,0,benign
44449.0,53.0,17,1e-06,1000000.0,86000000.0,1,86,86.0,86,86,0.0,0.0,0,0,0,0,0,0,,0,0,1,0,86,0,benign
53.0,52855.0,17,1e-06,1000000.0,135000000.0,1,135,135.0,135,135,0.0,0.0,0,0,0,0,0,0,,0,0,1,0,135,0,benign
5353.0,5353.0,17,0.7722346782684326,7.769658847040757,1604.4345519139165,6,1239,206.5,93,363,126.54445859064712,0.1531962394714355,0,0,0,0,0,0,,0,0,6,0,1239,0,benign
53.0,44449.0,17,1e-06,1000000.0,147000000.0,1,147,147.0,147,147,0.0,0.0,0,0,0,0,0,0,,0,0,1,0,147,0,benign
80.0,46012.0,6,1e-06,1000000.0,66000000.0,1,66,66.0,66,66,0.0,0.0,0,0,0,0,0,1,508.0,0,1,1,0,66,0,benign
48426.0,443.0,6,0.2204086780548095,36.29621152217346,6424.429439424703,8,1416,177.0,66,583,190.96521747615267,0.0313184261322021,1,0,0,0,3,7,64240.0,0,11,8,0,1416,0,benign
443.0,48426.0,6,0.137963056564331,43.48990338005631,35125.34529662548,6,4846,807.6666666666666,66,2866,1088.6521329913733,0.027521800994873,1,0,0,0,3,6,65535.0,0,10,6,0,4846,0,benign
34340.0,53.0,17,1e-06,1000000.0,87000000.0,1,87,87.0,87,87,0.0,0.0,0,0,0,0,0,0,,0,0,1,0,87,0,benign
55384.0,1900.0,17,3.068921566009521,1.3033894526021228,233.30671201578,4,716,179.0,179,179,0.0,1.0229821999867756,0,0,0,0,0,0,,0,0,4,0,716,0,benign
36352.0,53.0,17,1e-06,1000000.0,87000000.0,1,87,87.0,87,87,0.0,0.0,0,0,0,0,0,0,,0,0,1,0,87,0,benign
57621.0,57621.0,17,1e-06,1000000.0,86000000.0,1,86,86.0,86,86,0.0,0.0,0,0,0,0,0,0,,0,0,1,0,86,0,benign
53.0,34340.0,17,1e-06,1000000.0,143000000.0,1,143,143.0,143,143,0.0,0.0,0,0,0,0,0,0,,0,0,1,0,143,0,benign
53.0,36352.0,17,1e-06,1000000.0,155000000.0,1,155,155.0,155,155,0.0,0.0,0,0,0,0,0,0,,0,0,1,0,155,0,benign
49803.0,5355.0,17,0.4259166717529297,4.69575419945097,338.09430236046984,2,144,72.0,72,72,0.0,0.4181184768676758,0,0,0,0,0,0,,0,0,2,0,144,0,benign
50036.0,1900.0,17,14.03841233253479,0.5698650111209201,95.16745685719366,8,1336,167.0,167,167,0.0,2.006616933005197,0,0,0,0,0,0,,0,0,8,0,1336,0,benign
137.0,137.0,17,14.57821249961853,0.685955153984871,63.10787416660813,10,920,92.0,92,92,0.0,1.6200492911868625,0,0,0,0,0,0,,0,0,10,0,920,0,benign
5353.0,5353.0,17,14.578479528427124,0.4801598127123228,38.89294482969815,7,567,81.0,81,81,0.0,2.429909586906433,0,0,0,0,0,0,,0,0,7,0,567,0,benign
56293.0,5355.0,17,0.4161262512207031,4.806233670990512,360.4675253242884,2,150,75.0,75,75,0.0,0.4153108596801758,0,0,0,0,0,0,,0,0,2,0,150,0,benign
55958.0,1900.0,17,3.0144689083099365,1.3269335732650174,281.3099175321837,4,848,212.0,212,212,0.0,1.0051682790120442,0,0,0,0,0,0,,0,0,4,0,848,0,benign
57621.0,57621.0,17,1e-06,1000000.0,86000000.0,1,86,86.0,86,86,0.0,0.0,0,0,0,0,0,0,,0,0,1,0,86,0,benign
52408.0,5355.0,17,0.4151046276092529,4.818062403974556,346.900493086168,2,144,72.0,72,72,0.0,0.4128065109252929,0,0,0,0,0,0,,0,0,2,0,144,0,benign
63888.0,5355.0,17,0.4124317169189453,4.849287574052064,363.6965680539048,2,150,75.0,75,75,0.0,0.4166238307952881,0,0,0,0,0,0,,0,0,2,0,150,0,benign
43174.0,443.0,6,0.2949237823486328,33.90706548100243,6476.249506871463,10,1910,191.0,66,583,195.72088970436107,0.0331896146138509,1,0,1,0,4,9,64240.0,0,15,10,0,1910,0,benign
443.0,43174.0,6,0.3065516948699951,42.40720314892776,28373.68099918259,13,8698,669.0769230769231,66,2954,1064.8237304470051,0.0255095561345418,1,0,1,0,6,13,65535.0,0,21,13,0,8698,0,benign
43174.0,443.0,6,0.0002436637878417,8208.031311154598,443233.6908023483,2,108,54.0,54,54,0.0,0.0002698898315429,0,2,0,0,0,0,0.0,0,2,2,0,108,0,benign
54153.0,5355.0,17,0.4107656478881836,4.868956326514502,350.5648555090442,2,144,72.0,72,72,0.0,0.4078407287597656,0,0,0,0,0,0,,0,0,2,0,144,0,benign
17500.0,17500.0,17,1e-06,1000000.0,176000000.0,1,176,176.0,176,176,0.0,0.0,0,0,0,0,0,0,,0,0,1,0,176,0,benign
5353.0,5353.0,17,3.757554769515991,1.862913631170216,349.96163214126204,7,1315,187.8571428571429,82,363,131.69336679249588,0.6271032094955444,0,0,0,0,0,0,,0,0,7,0,1315,0,benign
137.0,137.0,17,2.263500928878784,5.30152201260379,583.1674213864169,12,1320,110.0,110,110,0.0,0.2054700417952104,0,0,0,0,0,0,,0,0,12,0,1320,0,benign
5353.0,5353.0,17,15.056458473205566,1.0626668966326682,207.2200448433703,16,3120,195.0,83,310,114.17647159842814,1.000492795308431,0,0,0,0,0,0,,0,0,16,0,3120,0,benign
49767.0,5355.0,17,0.4115931987762451,4.859166783966376,364.4375087974781,2,150,75.0,75,75,0.0,0.4167957305908203,0,0,0,0,0,0,,0,0,2,0,150,0,benign
62898.0,1900.0,17,1e-06,1000000.0,167000000.0,1,167,167.0,167,167,0.0,0.0,0,0,0,0,0,0,,0,0,1,0,167,0,benign
5353.0,5353.0,17,0.8052730560302734,7.450888807304682,1873.8985350371277,6,1509,251.5,93,453,175.21843510315915,0.1601524353027343,0,0,0,0,0,0,,0,0,6,0,1509,0,benign
65321.0,5355.0,17,0.4149370193481445,4.820008595863413,361.500644689756,2,150,75.0,75,75,0.0,0.4130568504333496,0,0,0,0,0,0,,0,0,2,0,150,0,benign
5353.0,5353.0,17,14.181753873825071,1.5512890856613213,664.0222418033029,22,9417,428.04545454545456,87,1423,445.07575355991526,0.6758134138016474,0,0,0,0,0,0,,0,0,22,0,9417,0,benign
51176.0,1900.0,17,14.03335165977478,0.5700705144396269,95.20177591141768,8,1336,167.0,167,167,0.0,2.002972023827689,0,0,0,0,0,0,,0,0,8,0,1336,0,benign
5353.0,5353.0,17,12.962573289871216,1.4657583471367024,110.85761814923376,19,1437,75.63157894736842,75,87,2.752988806446741,0.7203579876157973,0,0,0,0,0,0,,0,0,19,0,1437,0,benign
5353.0,5353.0,17,1e-06,1000000.0,200000000.0,1,200,200.0,200,200,0.0,0.0,0,0,0,0,0,0,,0,0,1,0,200,0,benign
5353.0,5353.0,17,10.032642602920532,5.681454254475997,447.3397665629522,57,4488,78.73684210526316,70,81,3.482232021222029,0.1787724069186619,0,0,0,0,0,0,,0,0,57,0,4488,0,benign
5353.0,5353.0,17,10.023661136627195,5.487017093886578,431.3793075266466,55,4324,78.61818181818182,70,81,3.699303783801553,0.1855419874191284,0,0,0,0,0,0,,0,0,55,0,4324,0,benign
5353.0,5353.0,17,10.000482559204102,0.1999903492816222,17.199170038219513,2,172,86.0,86,86,0.0,10.00768232345581,0,0,0,0,0,0,,0,0,2,0,172,0,benign
5353.0,5353.0,17,1e-06,1000000.0,139000000.0,1,139,139.0,139,139,0.0,0.0,0,0,0,0,0,0,,0,0,1,0,139,0,benign
5353.0,5353.0,17,1e-06,1000000.0,139000000.0,1,139,139.0,139,139,0.0,0.0,0,0,0,0,0,0,,0,0,1,0,139,0,benign
137.0,137.0,17,4.175596714019775,1.4369203759200928,132.19667458464855,6,552,92.0,92,92,0.0,0.8347373485565186,0,0,0,0,0,0,,0,0,6,0,552,0,benign
56738.0,5355.0,17,0.4247043132781982,4.709158672212308,324.93194838264924,2,138,69.0,69,69,0.0,0.41438889503479,0,0,0,0,0,0,,0,0,2,0,138,0,benign
50931.0,5355.0,17,0.4251937866210937,4.7037375966697175,324.5578941702105,2,138,69.0,69,69,0.0,0.4140403270721435,0,0,0,0,0,0,,0,0,2,0,138,0,benign
5353.0,5353.0,17,1e-06,1000000.0,139000000.0,1,139,139.0,139,139,0.0,0.0,0,0,0,0,0,0,,0,0,1,0,139,0,benign
5353.0,5353.0,17,1e-06,1000000.0,139000000.0,1,139,139.0,139,139,0.0,0.0,0,0,0,0,0,0,,0,0,1,0,139,0,benign
55211.0,1900.0,17,3.0029988288879395,1.3320018514563543,283.71639436020354,4,852,213.0,213,213,0.0,1.0008487701416016,0,0,0,0,0,0,,0,0,4,0,852,0,benign
137.0,137.0,17,1.2892167568206787,2.326994265416052,255.9693691957657,3,330,110.0,110,110,0.0,0.6450405120849609,0,0,0,0,0,0,,0,0,3,0,330,0,benign
64064.0,1900.0,17,3.0231752395629883,1.3231121860399384,280.49978344046696,4,848,212.0,212,212,0.0,1.007659673690796,0,0,0,0,0,0,,0,0,4,0,848,0,benign
54090.0,3702.0,17,6.861433506011963,1.0201949773129224,712.0960941644198,7,4886,698.0,698,698,0.0,1.143558104832967,0,0,0,0,0,0,,0,0,7,0,4886,0,benign
53483.0,5355.0,17,0.4056785106658935,4.930012183088369,369.7509137316276,2,150,75.0,75,75,0.0,0.4151163101196289,0,0,0,0,0,0,,0,0,2,0,150,0,benign
57621.0,57621.0,17,1e-06,1000000.0,86000000.0,1,86,86.0,86,86,0.0,0.0,0,0,0,0,0,0,,0,0,1,0,86,0,benign
62598.0,5355.0,17,0.4138264656066894,4.83294367620472,333.4731136581257,2,138,69.0,69,69,0.0,0.4178700447082519,0,0,0,0,0,0,,0,0,2,0,138,0,benign
58904.0,5355.0,17,0.4148566722869873,4.820942107486344,332.6450054165577,2,138,69.0,69,69,0.0,0.4178700447082519,0,0,0,0,0,0,,0,0,2,0,138,0,benign
43190.0,443.0,6,0.8448185920715332,20.122663207867188,2878.724524796059,17,2432,143.05882352941177,66,583,166.11798163813998,0.052748680114746,1,0,1,0,4,16,64240.0,0,22,17,0,2432,0,benign
443.0,43190.0,6,0.8525593280792236,23.458777989162428,31726.824291442725,20,27049,1352.45,66,2954,1339.469473729294,0.0448005701366223,1,0,1,0,13,20,65535.0,0,35,20,0,27049,0,benign
43190.0,443.0,6,0.0007052421569824,2835.905341446924,153138.88843813387,2,108,54.0,54,54,0.0,0.0014514923095703,0,2,0,0,0,0,0.0,0,2,2,0,108,0,benign
5353.0,5353.0,17,14.00586485862732,0.5711892896833263,49.69346820244939,8,696,87.0,87,87,0.0,2.0003675392695834,0,0,0,0,0,0,,0,0,8,0,696,0,benign
5353.0,5353.0,17,0.7882437705993652,7.611858442519269,1998.112841161308,6,1575,262.5,93,475,187.16596912900596,0.1593087673187256,0,0,0,0,0,0,,0,0,6,0,1575,0,benign
5353.0,5353.0,17,15.067671060562134,1.5264469145599953,123.6422000793596,23,1863,81.0,81,81,0.0,0.6847657832232389,0,0,0,0,0,0,,0,0,23,0,1863,0,benign
57217.0,5355.0,17,0.4309196472167969,4.641236511069996,348.09273833024974,2,150,75.0,75,75,0.0,0.4266388416290283,0,0,0,0,0,0,,0,0,2,0,150,0,benign
34873.0,1900.0,17,3.0034565925598145,1.3317988380151158,279.67775598317434,4,840,210.0,210,210,0.0,1.0011656284332275,0,0,0,0,0,0,,0,0,4,0,840,0,benign
52814.0,1900.0,17,3.002286672592163,1.3323178084611138,279.7867397768339,4,840,210.0,210,210,0.0,1.0015405019124348,0,0,0,0,0,0,,0,0,4,0,840,0,benign
61599.0,1900.0,17,3.002575635910034,1.332189588219203,282.42419270247103,4,848,212.0,212,212,0.0,1.0052203337351482,0,0,0,0,0,0,,0,0,4,0,848,0,benign
52124.0,5355.0,17,0.412316083908081,4.850647544581031,363.79856584357736,2,150,75.0,75,75,0.0,0.415687084197998,0,0,0,0,0,0,,0,0,2,0,150,0,benign
5353.0,5353.0,17,12.22206735610962,0.1636384370767054,17.918408859899248,2,219,109.5,87,132,31.81980515339464,12.210102319717407,0,0,0,0,0,0,,0,0,2,0,219,0,benign
35374.0,443.0,6,0.1367170810699463,58.51500000871941,10188.924376518267,8,1393,174.125,66,583,188.15832049481247,0.0207992281232561,1,0,1,0,3,7,64240.0,0,12,8,0,1393,0,benign
443.0,35374.0,6,0.1441335678100586,48.56606345320409,33774.228127171074,7,4868,695.4285714285714,66,2866,1030.1239176498552,0.024276574452718,1,0,1,0,3,7,65535.0,0,12,7,0,4868,0,benign
56228.0,5355.0,17,0.4180750846862793,4.783829683370839,358.7872262528129,2,150,75.0,75,75,0.0,0.4174275398254394,0,0,0,0,0,0,,0,0,2,0,150,0,benign
57621.0,57621.0,17,1e-06,1000000.0,86000000.0,1,86,86.0,86,86,0.0,0.0,0,0,0,0,0,0,,0,0,1,0,86,0,benign
137.0,137.0,17,14.036979913711548,1.1398463272267665,104.8658621048625,16,1472,92.0,92,92,0.0,0.9360382397969564,0,0,0,0,0,0,,0,0,16,0,1472,0,benign
5353.0,5353.0,17,4.543173789978027,6.163092431499394,564.1430679261767,28,2563,91.53571428571428,91,93,0.7444681351359534,0.1687381090941252,0,0,0,0,0,0,,0,0,28,0,2563,0,benign
5353.0,5353.0,17,1e-06,1000000.0,83000000.0,1,83,83.0,83,83,0.0,0.0,0,0,0,0,0,0,,0,0,1,0,83,0,benign
5353.0,5353.0,17,1e-06,1000000.0,132000000.0,1,132,132.0,132,132,0.0,0.0,0,0,0,0,0,0,,0,0,1,0,132,0,benign
5353.0,5353.0,17,11.542067527770996,0.3465583605689127,58.56836293614625,4,676,169.0,72,362,131.0318027554125,3.845818678538005,0,0,0,0,0,0,,0,0,4,0,676,0,benign
5353.0,5353.0,17,11.528352737426758,2.1685665393319886,981.493215701658,25,11315,452.6,84,1514,515.8350026898136,0.4800897538661957,0,0,0,0,0,0,,0,0,25,0,11315,0,benign
5353.0,5353.0,17,1e-06,1000000.0,139000000.0,1,139,139.0,139,139,0.0,0.0,0,0,0,0,0,0,,0,0,1,0,139,0,benign
5353.0,5353.0,17,1e-06,1000000.0,139000000.0,1,139,139.0,139,139,0.0,0.0,0,0,0,0,0,0,,0,0,1,0,139,0,benign
60527.0,5355.0,17,0.420062780380249,4.76119307259158,357.0894804443685,2,150,75.0,75,75,0.0,0.4143192768096924,0,0,0,0,0,0,,0,0,2,0,150,0,benign
60890.0,5355.0,17,0.4082882404327392,4.898500132847879,367.3875099635909,2,150,75.0,75,75,0.0,0.4168007373809814,0,0,0,0,0,0,,0,0,2,0,150,0,benign
5353.0,5353.0,17,0.7940964698791504,7.5557570491569,1560.2638306508998,6,1239,206.5,93,363,126.54445859064712,0.1587223052978515,0,0,0,0,0,0,,0,0,6,0,1239,0,benign
137.0,137.0,17,10.288071632385254,1.360799234322025,125.1935295576263,14,1288,92.0,92,92,0.0,0.7913818175976093,0,0,0,0,0,0,,0,0,14,0,1288,0,benign
5353.0,5353.0,17,1e-06,1000000.0,87000000.0,1,87,87.0,87,87,0.0,0.0,0,0,0,0,0,0,,0,0,1,0,87,0,benign
5353.0,5353.0,17,9.514723539352415,0.94590241773988,76.61809583693028,9,729,81.0,81,81,0.0,1.1893124878406525,0,0,0,0,0,0,,0,0,9,0,729,0,benign
50036.0,1900.0,17,10.056248664855955,0.5966439574001865,99.63954088583117,6,1002,167.0,167,167,0.0,2.0110854148864745,0,0,0,0,0,0,,0,0,6,0,1002,0,benign
64687.0,3702.0,17,6.882053375244141,1.0171382897406946,709.9625262390049,7,4886,698.0,698,698,0.0,1.1438907384872437,0,0,0,0,0,0,,0,0,7,0,4886,0,benign
52493.0,1900.0,17,1e-06,1000000.0,167000000.0,1,167,167.0,167,167,0.0,0.0,0,0,0,0,0,0,,0,0,1,0,167,0,benign
54506.0,5355.0,17,0.4120893478393554,4.853316423941292,363.99873179559694,2,150,75.0,75,75,0.0,0.4117319583892822,0,0,0,0,0,0,,0,0,2,0,150,0,benign
55932.0,1900.0,17,1e-06,1000000.0,167000000.0,1,167,167.0,167,167,0.0,0.0,0,0,0,0,0,0,,0,0,1,0,167,0,benign
51316.0,443.0,6,0.2991383075714111,33.42935273381117,6528.752588913322,10,1953,195.3,66,583,200.83827103197015,0.0325245857238769,1,0,1,0,4,9,64240.0,0,15,10,0,1953,0,benign
443.0,51316.0,6,0.2891607284545898,44.95769556771447,30076.698334800974,13,8697,669.0,66,2954,965.0971453693146,0.0241437554359436,1,0,1,0,6,13,65535.0,0,21,13,0,8697,0,benign
51316.0,443.0,6,0.0004189014434814,4774.392714854866,257817.2066021628,2,108,54.0,54,54,0.0,0.0001120567321777,0,2,0,0,0,0,0.0,0,2,2,0,108,0,benign
54666.0,1900.0,17,1e-06,1000000.0,167000000.0,1,167,167.0,167,167,0.0,0.0,0,0,0,0,0,0,,0,0,1,0,167,0,benign
65534.0,5355.0,17,0.4188971519470215,4.77444162774576,358.083122080932,2,150,75.0,75,75,0.0,0.4173433780670166,0,0,0,0,0,0,,0,0,2,0,150,0,benign
,,17,0.4911947250366211,73.29068934385649,103626.92717476774,36,50901,1413.9166666666667,313,1514,336.64745230412353,0.0148121084485735,0,0,0,0,0,0,,0,0,36,0,50901,0,benign
5353.0,5353.0,17,14.969191789627075,1.135665855505985,229.1372873167958,17,3430,201.76470588235293,83,310,114.01509188028832,0.9383758902549744,0,0,0,0,0,0,,0,0,17,0,3430,0,benign
57324.0,1900.0,17,15.049949884414673,0.398672423900457,71.3623638781818,6,1074,179.0,179,179,0.0,3.008517408370972,0,0,0,0,0,0,,0,0,6,0,1074,0,benign
51214.0,5355.0,17,0.4167804718017578,4.798689322832051,359.90169921240386,2,150,75.0,75,75,0.0,0.4168975353240967,0,0,0,0,0,0,,0,0,2,0,150,0,benign
51176.0,1900.0,17,14.008734226226808,0.5710722946704633,95.36907320996738,8,1336,167.0,167,167,0.0,2.001267535345895,0,0,0,0,0,0,,0,0,8,0,1336,0,benign
5353.0,5353.0,17,13.998043537139893,0.5715084382166864,49.72123412485171,8,696,87.0,87,87,0.0,1.999931233269828,0,0,0,0,0,0,,0,0,8,0,696,0,benign
5353.0,5353.0,17,1e-06,1000000.0,87000000.0,1,87,87.0,87,87,0.0,0.0,0,0,0,0,0,0,,0,0,1,0,87,0,benign
5353.0,5353.0,17,1e-06,1000000.0,87000000.0,1,87,87.0,87,87,0.0,0.0,0,0,0,0,0,0,,0,0,1,0,87,0,benign
52946.0,5355.0,17,0.4304571151733398,4.646223583026672,348.46676872700044,2,150,75.0,75,75,0.0,0.4243121147155761,0,0,0,0,0,0,,0,0,2,0,150,0,benign
63246.0,1900.0,17,1e-06,1000000.0,167000000.0,1,167,167.0,167,167,0.0,0.0,0,0,0,0,0,0,,0,0,1,0,167,0,benign
65477.0,5355.0,17,0.414100170135498,4.829749283477905,362.2311962608428,2,150,75.0,75,75,0.0,0.4152379035949707,0,0,0,0,0,0,,0,0,2,0,150,0,benign
51428.0,1900.0,17,1e-06,1000000.0,167000000.0,1,167,167.0,167,167,0.0,0.0,0,0,0,0,0,0,,0,0,1,0,167,0,benign
52998.0,443.0,6,0.1741786003112793,51.67110072027136,8422.38941740423,9,1467,163.0,66,583,182.8332573685652,0.0218032598495483,1,0,1,0,3,8,64240.0,0,13,9,0,1467,0,benign
443.0,52998.0,6,0.1755013465881347,62.677581761322415,43857.21334699079,11,7697,699.7272727272727,66,2954,1141.51706872119,0.0172999143600463,1,0,1,0,5,11,65535.0,0,18,11,0,7697,0,benign
52998.0,443.0,6,0.0030889511108398,647.4689719049089,34963.32448286508,2,108,54.0,54,54,0.0,6.389617919921875e-05,0,2,0,0,0,0,0.0,0,2,2,0,108,0,benign
57438.0,5355.0,17,0.4208352565765381,4.752453528418326,356.43401463137445,2,150,75.0,75,75,0.0,0.4156482219696045,0,0,0,0,0,0,,0,0,2,0,150,0,benign
65376.0,3702.0,17,7.412050485610962,0.9444080303539653,659.1968051870678,7,4886,698.0,698,698,0.0,1.2357843319574993,0,0,0,0,0,0,,0,0,7,0,4886,0,benign
5353.0,5353.0,17,1.9960932731628416,1.0019571865151211,87.17027522681553,2,174,87.0,87,87,0.0,1.99748969078064,0,0,0,0,0,0,,0,0,2,0,174,0,benign
5353.0,5353.0,17,10.020398616790771,3.592671447189364,283.4218586116054,36,2840,78.88888888888889,70,82,3.940832238266269,0.2861095905303955,0,0,0,0,0,0,,0,0,36,0,2840,0,benign
5353.0,5353.0,17,10.006748676300049,0.1998651175018309,17.188400105157456,2,172,86.0,86,86,0.0,10.009741306304932,0,0,0,0,0,0,,0,0,2,0,172,0,benign
5353.0,5353.0,17,10.01649045944214,3.893579308832295,307.5927653977513,39,3081,79.0,70,81,4.006573545930159,0.2634858018473575,0,0,0,0,0,0,,0,0,39,0,3081,0,benign
51571.0,1900.0,17,3.019705057144165,1.3246326791209644,280.82212797364446,4,848,212.0,212,212,0.0,1.0098152955373128,0,0,0,0,0,0,,0,0,4,0,848,0,benign
5353.0,5353.0,17,14.035521745681764,1.994938307770042,161.59000292937338,28,2268,81.0,81,81,0.0,0.5200196107228597,0,0,0,0,0,0,,0,0,28,0,2268,0,benign
60187.0,5355.0,17,0.4197597503662109,4.764630239691014,357.34726797682606,2,150,75.0,75,75,0.0,0.415928840637207,0,0,0,0,0,0,,0,0,2,0,150,0,benign
49925.0,21027.0,17,1e-06,1000000.0,343000000.0,1,343,343.0,343,343,0.0,0.0,0,0,0,0,0,0,,0,0,1,0,343,0,benign
62500.0,5355.0,17,1e-06,1000000.0,66000000.0,1,66,66.0,66,66,0.0,0.0,0,0,0,0,0,0,,0,0,1,0,66,0,benign
53000.0,443.0,6,0.3012290000915527,39.83680188943572,6878.487792909234,12,2072,172.66666666666666,66,583,187.0237385678053,0.0271744294600053,1,0,1,0,4,11,64240.0,0,17,12,0,2072,0,benign
443.0,53000.0,6,0.3017754554748535,49.70583169660704,29329.75442311126,15,8851,590.0666666666667,66,2954,998.1780163783174,0.021733215876988,1,0,1,0,8,15,65535.0,0,25,15,0,8851,0,benign
53000.0,443.0,6,0.0006792545318603,2944.4043524043523,158997.83502983503,2,108,54.0,54,54,0.0,0.0003464221954345,0,2,0,0,0,0,0.0,0,2,2,0,108,0,benign
50023.0,5355.0,17,0.4416282176971435,4.528696129130827,339.652209684812,2,150,75.0,75,75,0.0,0.4213209152221679,0,0,0,0,0,0,,0,0,2,0,150,0,benign
57968.0,53.0,17,1e-06,1000000.0,89000000.0,1,89,89.0,89,89,0.0,0.0,0,0,0,0,0,0,,0,0,1,0,89,0,benign
35158.0,53.0,17,1e-06,1000000.0,89000000.0,1,89,89.0,89,89,0.0,0.0,0,0,0,0,0,0,,0,0,1,0,89,0,benign
53.0,35158.0,17,1e-06,1000000.0,150000000.0,1,150,150.0,150,150,0.0,0.0,0,0,0,0,0,0,,0,0,1,0,150,0,benign
53.0,57968.0,17,1e-06,1000000.0,138000000.0,1,138,138.0,138,138,0.0,0.0,0,0,0,0,0,0,,0,0,1,0,138,0,benign
35374.0,443.0,6,1e-06,1000000.0,66000000.0,1,66,66.0,66,66,0.0,0.0,0,0,0,0,0,1,501.0,0,1,1,0,66,0,benign
65532.0,5355.0,17,0.4127185344696045,4.845917575691756,334.3683127227311,2,138,69.0,69,69,0.0,0.4122941493988037,0,0,0,0,0,0,,0,0,2,0,138,0,benign
49238.0,3702.0,17,6.6600341796875,1.0510456569951796,733.6298685826354,7,4886,698.0,698,698,0.0,1.109481930732727,0,0,0,0,0,0,,0,0,7,0,4886,0,benign
17500.0,17500.0,17,0.0058937072753906,678.6899676375405,119449.43430420713,4,704,176.0,176,176,0.0,0.0013466676076253,0,0,0,0,0,0,,0,0,4,0,704,0,benign
17500.0,17500.0,17,1e-06,1000000.0,176000000.0,1,176,176.0,176,176,0.0,0.0,0,0,0,0,0,0,,0,0,1,0,176,0,benign
60769.0,5355.0,17,0.4091553688049316,4.888118676877285,366.6089007657964,2,150,75.0,75,75,0.0,0.4133334159851074,0,0,0,0,0,0,,0,0,2,0,150,0,benign
36244.0,443.0,6,0.0720455646514892,208.2015745529997,26788.60259248596,15,1930,128.66666666666666,66,583,152.84710692465885,0.0066942998341151,1,0,1,0,3,14,64240.0,0,19,15,0,1930,0,benign
443.0,36244.0,6,0.0653228759765625,229.62859145059565,627039.1403877599,15,40960,2730.6666666666665,66,10202,3599.7963765164486,0.0066966499601091,1,0,1,0,9,15,65160.0,0,26,15,0,40960,0,benign
36244.0,443.0,6,0.0005359649658203,3731.5871886121,201505.70818505337,2,108,54.0,54,54,0.0,6.556510925292969e-05,0,2,0,0,0,0,0.0,0,2,2,0,108,0,benign
137.0,137.0,17,14.819565534591677,1.3495672294384211,124.16018510833474,20,1840,92.0,92,92,0.0,0.7798444848311575,0,0,0,0,0,0,,0,0,20,0,1840,0,benign
5353.0,5353.0,17,0.7967939376831055,7.530177774000927,1695.545028779209,6,1351,225.16666666666663,91,401,148.7338786782173,0.157572603225708,0,0,0,0,0,0,,0,0,6,0,1351,0,benign
57621.0,57621.0,17,1e-06,1000000.0,86000000.0,1,86,86.0,86,86,0.0,0.0,0,0,0,0,0,0,,0,0,1,0,86,0,benign
60070.0,1900.0,17,3.0303187370300293,1.3199931581851818,279.8385495352585,4,848,212.0,212,212,0.0,1.009588638941447,0,0,0,0,0,0,,0,0,4,0,848,0,benign
55993.0,5355.0,17,0.4385571479797363,4.560409080579872,342.03068104349035,2,150,75.0,75,75,0.0,0.4223833084106445,0,0,0,0,0,0,,0,0,2,0,150,0,benign
17500.0,17500.0,17,1e-06,1000000.0,176000000.0,1,176,176.0,176,176,0.0,0.0,0,0,0,0,0,0,,0,0,1,0,176,0,benign
57621.0,57621.0,17,1e-06,1000000.0,86000000.0,1,86,86.0,86,86,0.0,0.0,0,0,0,0,0,0,,0,0,1,0,86,0,benign
5353.0,5353.0,17,1e-06,1000000.0,87000000.0,1,87,87.0,87,87,0.0,0.0,0,0,0,0,0,0,,0,0,1,0,87,0,benign
57621.0,57621.0,17,1e-06,1000000.0,86000000.0,1,86,86.0,86,86,0.0,0.0,0,0,0,0,0,0,,0,0,1,0,86,0,benign
54622.0,5355.0,17,0.4198036193847656,4.764132341048079,357.3099255786059,2,150,75.0,75,75,0.0,0.4138882160186767,0,0,0,0,0,0,,0,0,2,0,150,0,benign
5353.0,5353.0,17,15.019814252853394,1.5313105483731644,300.1368674811402,23,4508,196.0,83,385,118.10588469674153,0.6824919852343473,0,0,0,0,0,0,,0,0,23,0,4508,0,benign
5353.0,5353.0,17,1e-06,1000000.0,87000000.0,1,87,87.0,87,87,0.0,0.0,0,0,0,0,0,0,,0,0,1,0,87,0,benign
51728.0,5355.0,17,0.4019646644592285,4.9755617267767605,358.24044432792675,2,144,72.0,72,72,0.0,0.4053585529327392,0,0,0,0,0,0,,0,0,2,0,144,0,benign
60219.0,1900.0,17,1e-06,1000000.0,167000000.0,1,167,167.0,167,167,0.0,0.0,0,0,0,0,0,0,,0,0,1,0,167,0,benign
51731.0,1900.0,17,3.066812038421631,1.3042859979311432,233.46719362967465,4,716,179.0,179,179,0.0,1.02230970064799,0,0,0,0,0,0,,0,0,4,0,716,0,benign
5353.0,5353.0,17,12.924578428268433,0.1547439253899092,13.849581322396872,2,179,89.5,87,92,3.5355339059327378,12.938161373138428,0,0,0,0,0,0,,0,0,2,0,179,0,benign
5353.0,5353.0,17,1e-06,1000000.0,108000000.0,1,108,108.0,108,108,0.0,0.0,0,0,0,0,0,0,,0,0,1,0,108,0,benign
43538.0,443.0,6,0.1878139972686767,47.91975108822734,7704.431091629441,9,1447,160.77777777777777,66,583,180.3813860808383,0.0233290493488311,1,0,1,0,3,8,64240.0,0,13,9,0,1447,0,benign
443.0,43538.0,6,0.2096967697143554,52.456697425448986,36710.15061646421,11,7698,699.8181818181819,66,2954,1141.5311487806032,0.0189984083175659,1,0,1,0,5,11,65535.0,0,18,11,0,7698,0,benign
43538.0,443.0,6,0.0003080368041992,6492.730650154799,350607.4551083591,2,108,54.0,54,54,0.0,0.0004258155822753,0,2,0,0,0,0,0.0,0,2,2,0,108,0,benign
64951.0,1900.0,17,1e-06,1000000.0,167000000.0,1,167,167.0,167,167,0.0,0.0,0,0,0,0,0,0,,0,0,1,0,167,0,benign
53945.0,5355.0,17,0.4121673107147217,4.852398402318432,363.9298801738824,2,150,75.0,75,75,0.0,0.4157233238220215,0,0,0,0,0,0,,0,0,2,0,150,0,benign
50155.0,5355.0,17,0.4183659553527832,4.78050370593257,344.196266827145,2,144,72.0,72,72,0.0,0.4202239513397217,0,0,0,0,0,0,,0,0,2,0,144,0,benign
49933.0,3544.0,17,1e-06,1000000.0,82000000.0,1,82,82.0,82,82,0.0,0.0,0,0,0,0,0,0,,0,0,1,0,82,0,benign
137.0,137.0,17,14.78470230102539,1.082199673299497,99.56236994355372,16,1472,92.0,92,92,0.0,0.9855901718139648,0,0,0,0,0,0,,0,0,16,0,1472,0,benign
5353.0,5353.0,17,14.783148050308228,0.7440904983543509,60.27133036670242,11,891,81.0,81,81,0.0,1.4783852577209473,0,0,0,0,0,0,,0,0,11,0,891,0,benign
64369.0,5355.0,17,0.4013538360595703,4.983134133301651,373.7350599976239,2,150,75.0,75,75,0.0,0.4117438793182373,0,0,0,0,0,0,,0,0,2,0,150,0,benign
53961.0,1900.0,17,3.043104648590088,1.314447073600724,278.66277960335344,4,848,212.0,212,212,0.0,1.014191706975301,0,0,0,0,0,0,,0,0,4,0,848,0,benign
64370.0,1900.0,17,3.0199477672576904,1.3245262197472578,286.09766346540766,4,864,216.0,216,216,0.0,1.0068747997283936,0,0,0,0,0,0,,0,0,4,0,864,0,benign
56336.0,5355.0,17,0.410419225692749,4.873066062205512,350.86075647879693,2,144,72.0,72,72,0.0,0.4142143726348877,0,0,0,0,0,0,,0,0,2,0,144,0,benign
137.0,137.0,17,1.3663930892944336,2.1955614555611622,201.9916539116269,3,276,92.0,92,92,0.0,0.6868956089019775,0,0,0,0,0,0,,0,0,3,0,276,0,benign
51176.0,1900.0,17,14.004696130752563,0.5712369568971225,95.39657180181943,8,1336,167.0,167,167,0.0,2.00069328716823,0,0,0,0,0,0,,0,0,8,0,1336,0,benign
5353.0,5353.0,17,14.00170636177063,0.6427787990593081,84.27544254333151,9,1180,131.11111111111111,87,484,132.33333333333334,1.7500809133052826,0,0,0,0,0,0,,0,0,9,0,1180,0,benign
5353.0,5353.0,17,1.4619238376617432,10.94448259739099,1006.8923989599712,16,1472,92.0,92,92,0.0,0.0976699352264404,0,0,0,0,0,0,,0,0,16,0,1472,0,benign
55565.0,5355.0,17,0.411895751953125,4.855597540194117,417.58138845669407,2,172,86.0,86,86,0.0,0.4146382808685303,0,0,0,0,0,0,,0,0,2,0,172,0,benign
51062.0,5355.0,17,0.4218246936798095,4.741306115943323,407.7523259711258,2,172,86.0,86,86,0.0,0.422825813293457,0,0,0,0,0,0,,0,0,2,0,172,0,benign
50904.0,5355.0,17,0.426267147064209,4.691893367280163,403.5028295860941,2,172,86.0,86,86,0.0,0.4253518581390381,0,0,0,0,0,0,,0,0,2,0,172,0,benign
58731.0,5355.0,17,0.418712854385376,4.776543110757319,410.7827075251294,2,172,86.0,86,86,0.0,0.4182510375976562,0,0,0,0,0,0,,0,0,2,0,172,0,benign
57621.0,57621.0,17,1e-06,1000000.0,86000000.0,1,86,86.0,86,86,0.0,0.0,0,0,0,0,0,0,,0,0,1,0,86,0,benign
63553.0,5355.0,17,0.407973051071167,4.90228458656481,367.67134399236073,2,150,75.0,75,75,0.0,0.40936279296875,0,0,0,0,0,0,,0,0,2,0,150,0,benign
56895.0,5355.0,17,0.4290173053741455,4.661816609602268,349.6362457201701,2,150,75.0,75,75,0.0,0.417656660079956,0,0,0,0,0,0,,0,0,2,0,150,0,benign
60751.0,5355.0,17,0.40380859375,4.952841596130592,356.6045949214027,2,144,72.0,72,72,0.0,0.404940128326416,0,0,0,0,0,0,,0,0,2,0,144,0,benign
137.0,137.0,17,2.256728172302246,5.31743262094254,584.9175883036794,12,1320,110.0,110,110,0.0,0.2056058536876331,0,0,0,0,0,0,,0,0,12,0,1320,0,benign
57980.0,1900.0,17,2.9924449920654297,1.336699592007919,283.3803135056788,4,848,212.0,212,212,0.0,0.9986989498138428,0,0,0,0,0,0,,0,0,4,0,848,0,benign
56896.0,1900.0,17,3.0158491134643555,1.326326301319874,281.18117587981334,4,848,212.0,212,212,0.0,1.006675163904826,0,0,0,0,0,0,,0,0,4,0,848,0,benign
61440.0,1900.0,17,0.2769815921783447,36.103482261597854,13979.26833169069,10,3872,387.2,349,415,29.592791915149427,0.0304017066955566,0,0,0,0,0,0,,0,0,10,0,3872,0,benign
43540.0,443.0,6,0.4019021987915039,32.34617784896482,4297.065318858635,13,1727,132.84615384615384,66,583,155.92725128183235,0.0335478782653808,1,0,1,0,3,12,64240.0,0,17,13,0,1727,0,benign
443.0,43540.0,6,0.399876594543457,40.01234435405592,51173.28765731539,16,20463,1278.9375,66,2954,1376.0522504008827,0.0265977223714192,1,0,1,0,10,16,65535.0,0,28,16,0,20463,0,benign
43540.0,443.0,6,0.0002017021179199,9915.612293144208,535443.0638297872,2,108,54.0,54,54,0.0,7.867813110351562e-05,0,2,0,0,0,0,0.0,0,2,2,0,108,0,benign
5353.0,5353.0,17,0.7763259410858154,7.728712493631276,1699.0286298499425,6,1319,219.83333333333331,89,391,145.01367751583527,0.154249620437622,0,0,0,0,0,0,,0,0,6,0,1319,0,benign
57621.0,57621.0,17,1e-06,1000000.0,86000000.0,1,86,86.0,86,86,0.0,0.0,0,0,0,0,0,0,,0,0,1,0,86,0,benign
53442.0,1900.0,17,3.0137135982513428,1.3272661351499802,281.3804206517958,4,848,212.0,212,212,0.0,1.005173126856486,0,0,0,0,0,0,,0,0,4,0,848,0,benign
5353.0,5353.0,17,15.102629899978638,1.5229135688501865,123.35599907686507,23,1863,81.0,81,81,0.0,0.6867145841771906,0,0,0,0,0,0,,0,0,23,0,1863,0,benign
5353.0,5353.0,17,1e-06,1000000.0,87000000.0,1,87,87.0,87,87,0.0,0.0,0,0,0,0,0,0,,0,0,1,0,87,0,benign
61513.0,5355.0,17,0.4182226657867431,4.782141580580485,358.6606185435364,2,150,75.0,75,75,0.0,0.4153199195861816,0,0,0,0,0,0,,0,0,2,0,150,0,benign
57458.0,1900.0,17,1e-06,1000000.0,167000000.0,1,167,167.0,167,167,0.0,0.0,0,0,0,0,0,0,,0,0,1,0,167,0,benign
5353.0,5353.0,17,0.2549121379852295,11.768760890365412,1906.5392642391969,3,486,162.0,93,300,119.51150572225254,0.1258604526519775,0,0,0,0,0,0,,0,0,3,0,486,0,benign
56603.0,3702.0,17,7.1269850730896,0.9821824976778644,685.5633833791494,7,4886,698.0,698,698,0.0,1.1876102288564043,0,0,0,0,0,0,,0,0,7,0,4886,0,benign
55653.0,5355.0,17,0.4107584953308105,4.869041109884459,365.1780832413344,2,150,75.0,75,75,0.0,0.4167969226837158,0,0,0,0,0,0,,0,0,2,0,150,0,benign
64350.0,5355.0,17,0.4289231300354004,4.662840168668296,349.7130126501222,2,150,75.0,75,75,0.0,0.4201207160949707,0,0,0,0,0,0,,0,0,2,0,150,0,benign
57621.0,57621.0,17,1e-06,1000000.0,86000000.0,1,86,86.0,86,86,0.0,0.0,0,0,0,0,0,0,,0,0,1,0,86,0,benign
59190.0,443.0,6,0.1601712703704834,49.946535240031736,8765.61693462557,8,1404,175.5,66,583,189.46239732464065,0.0227580070495605,1,0,1,0,3,7,64240.0,0,12,8,0,1404,0,benign
443.0,59190.0,6,0.1614327430725097,43.36171130323823,30086.83311426116,7,4857,693.8571428571429,66,2866,1029.638193504791,0.0273316701253255,1,0,1,0,3,7,65535.0,0,12,7,0,4857,0,benign
5353.0,5353.0,17,1.005608081817627,1.988846386740468,169.05194287293975,2,170,85.0,85,85,0.0,1.0107498168945312,0,0,0,0,0,0,,0,0,2,0,170,0,benign
56458.0,53.0,17,1e-06,1000000.0,85000000.0,1,85,85.0,85,85,0.0,0.0,0,0,0,0,0,0,,0,0,1,0,85,0,benign
50405.0,53.0,17,1e-06,1000000.0,85000000.0,1,85,85.0,85,85,0.0,0.0,0,0,0,0,0,0,,0,0,1,0,85,0,benign
5353.0,5353.0,17,10.02454113960266,4.089962765280756,320.01464758586985,41,3208,78.2439024390244,70,93,4.973833972927112,0.250367259979248,0,0,0,0,0,0,,0,0,41,0,3208,0,benign
5353.0,5353.0,17,9.9988272190094,0.2000234583709651,17.202017419903004,2,172,86.0,86,86,0.0,10.007019519805908,0,0,0,0,0,0,,0,0,2,0,172,0,benign
5353.0,5353.0,17,10.021087884902954,3.891793031648248,305.15648950718827,39,3058,78.41025641025641,70,93,5.035233484984891,0.2636341734936362,0,0,0,0,0,0,,0,0,39,0,3058,0,benign
53.0,50405.0,17,1e-06,1000000.0,395000000.0,1,395,395.0,395,395,0.0,0.0,0,0,0,0,0,0,,0,0,1,0,395,0,benign
53.0,56458.0,17,1e-06,1000000.0,371000000.0,1,371,371.0,371,371,0.0,0.0,0,0,0,0,0,0,,0,0,1,0,371,0,benign
5353.0,5353.0,17,0.0032737255096435,610.9247687713932,78198.37040273834,2,256,128.0,128,128,0.0,0.0,0,0,0,0,0,0,,0,0,2,0,256,0,benign
53103.0,5355.0,17,0.4016008377075195,4.980069293223369,373.5051969917527,2,150,75.0,75,75,0.0,0.4099640846252441,0,0,0,0,0,0,,0,0,2,0,150,0,benign
137.0,137.0,17,14.108623504638672,1.134058187514854,104.33335325136656,16,1472,92.0,92,92,0.0,0.9397707939147948,0,0,0,0,0,0,,0,0,16,0,1472,0,benign
59017.0,5355.0,17,0.4593539237976074,4.353941256156996,326.5455942117747,2,150,75.0,75,75,0.0,0.4623837471008301,0,0,0,0,0,0,,0,0,2,0,150,0,benign
443.0,49810.0,6,0.1294457912445068,386.2620755707405,3014118.8543011597,50,390165,7803.3,66,18890,5640.043404269228,0.0026291195227175,1,0,1,0,36,50,65160.0,0,88,50,0,390165,0,benign
49810.0,443.0,6,0.1370744705200195,335.5840064564157,28925.8822956454,46,3965,86.19565217391305,54,583,90.43490465896632,0.0030697716606987,1,1,0,0,3,44,64240.0,0,49,46,0,3965,0,benign
53726.0,5355.0,17,0.4098293781280517,4.880079630053015,366.0059722539761,2,150,75.0,75,75,0.0,0.4135830402374267,0,0,0,0,0,0,,0,0,2,0,150,0,benign
57621.0,57621.0,17,1e-06,1000000.0,86000000.0,1,86,86.0,86,86,0.0,0.0,0,0,0,0,0,0,,0,0,1,0,86,0,benign
61578.0,5355.0,17,0.399712324142456,5.003598536249303,375.2698902186977,2,150,75.0,75,75,0.0,0.4054934978485107,0,0,0,0,0,0,,0,0,2,0,150,0,benign
5353.0,5353.0,17,15.005106449127195,1.132947644032798,227.98905236683535,17,3421,201.23529411764707,83,310,113.50084218397056,0.937616527080536,0,0,0,0,0,0,,0,0,17,0,3421,0,benign
52531.0,5355.0,17,0.4149084091186523,4.820340962113533,361.525572158515,2,150,75.0,75,75,0.0,0.4162228107452392,0,0,0,0,0,0,,0,0,2,0,150,0,benign
137.0,137.0,17,1.500176191329956,1.999765105817604,183.9783897352196,3,276,92.0,92,92,0.0,0.7535815238952637,0,0,0,0,0,0,,0,0,3,0,276,0,benign
137.0,137.0,17,5.530436277389526,1.4465404895282792,133.08172503660168,8,736,92.0,92,92,0.0,0.7901324885232108,0,0,0,0,0,0,,0,0,8,0,736,0,benign
5353.0,5353.0,17,4.772291421890259,1.0477147261094018,84.86489281486155,5,405,81.0,81,81,0.0,1.1936070322990415,0,0,0,0,0,0,,0,0,5,0,405,0,benign
57431.0,5355.0,17,0.4212503433227539,4.747770611233992,356.08279584254933,2,150,75.0,75,75,0.0,0.421731948852539,0,0,0,0,0,0,,0,0,2,0,150,0,benign
51176.0,1900.0,17,10.03318214416504,0.5980156558295314,99.86861452353176,6,1002,167.0,167,167,0.0,2.004783010482788,0,0,0,0,0,0,,0,0,6,0,1002,0,benign
5353.0,5353.0,17,10.000929832458496,0.5999442152395383,52.19514672583984,6,522,87.0,87,87,0.0,1.9997404098510745,0,0,0,0,0,0,,0,0,6,0,522,0,benign
56549.0,5355.0,17,0.4209392070770263,4.751279914949871,356.3459936212403,2,150,75.0,75,75,0.0,0.4185910224914551,0,0,0,0,0,0,,0,0,2,0,150,0,benign
5353.0,5353.0,17,1e-06,1000000.0,87000000.0,1,87,87.0,87,87,0.0,0.0,0,0,0,0,0,0,,0,0,1,0,87,0,benign
443.0,56314.0,6,0.0755503177642822,119.12590530830184,65638.37382487432,9,4959,551.0,66,2954,953.1914812879938,0.0093204379081726,1,0,1,0,4,9,65535.0,0,15,9,0,4959,0,benign
56314.0,443.0,6,0.0962781906127929,83.09254618394334,14333.464216730226,8,1380,172.5,66,583,188.93687532385744,0.0136778014046805,1,1,0,0,3,7,64240.0,0,12,8,0,1380,0,benign
57621.0,57621.0,17,1e-06,1000000.0,86000000.0,1,86,86.0,86,86,0.0,0.0,0,0,0,0,0,0,,0,0,1,0,86,0,benign
57621.0,57621.0,17,1e-06,1000000.0,86000000.0,1,86,86.0,86,86,0.0,0.0,0,0,0,0,0,0,,0,0,1,0,86,0,benign
5353.0,5353.0,17,1e-06,1000000.0,87000000.0,1,87,87.0,87,87,0.0,0.0,0,0,0,0,0,0,,0,0,1,0,87,0,benign
60642.0,1900.0,17,1e-06,1000000.0,167000000.0,1,167,167.0,167,167,0.0,0.0,0,0,0,0,0,0,,0,0,1,0,167,0,benign
63886.0,5355.0,17,0.410074234008789,4.877165727893877,365.7874295920408,2,150,75.0,75,75,0.0,0.4116427898406982,0,0,0,0,0,0,,0,0,2,0,150,0,benign
5353.0,5353.0,17,0.0141963958740234,140.8808276232702,13665.440279457209,2,194,97.0,91,103,8.48528137423857,0.0107316970825195,0,0,0,0,0,0,,0,0,2,0,194,0,benign
5353.0,5353.0,17,1e-06,1000000.0,91000000.0,1,91,91.0,91,91,0.0,0.0,0,0,0,0,0,0,,0,0,1,0,91,0,benign
53859.0,5355.0,17,0.4174327850341797,4.791190514267437,359.3392885700578,2,150,75.0,75,75,0.0,0.4170539379119873,0,0,0,0,0,0,,0,0,2,0,150,0,benign
5353.0,5353.0,17,1e-06,1000000.0,133000000.0,1,133,133.0,133,133,0.0,0.0,0,0,0,0,0,0,,0,0,1,0,133,0,benign
5353.0,5353.0,17,1e-06,1000000.0,132000000.0,1,132,132.0,132,132,0.0,0.0,0,0,0,0,0,0,,0,0,1,0,132,0,benign
5353.0,5353.0,17,1e-06,1000000.0,136000000.0,1,136,136.0,136,136,0.0,0.0,0,0,0,0,0,0,,0,0,1,0,136,0,benign
56359.0,1900.0,17,1e-06,1000000.0,167000000.0,1,167,167.0,167,167,0.0,0.0,0,0,0,0,0,0,,0,0,1,0,167,0,benign
5353.0,5353.0,17,0.7889285087585449,7.605251849044698,1829.0630696952496,6,1443,240.5,93,431,163.28594550664795,0.1566761016845703,0,0,0,0,0,0,,0,0,6,0,1443,0,benign
5353.0,5353.0,17,14.056740760803224,1.5650854187584011,127.1987603972737,22,1788,81.27272727272727,81,87,1.2792042981336629,0.6695156324477423,0,0,0,0,0,0,,0,0,22,0,1788,0,benign
49680.0,1900.0,17,1e-06,1000000.0,167000000.0,1,167,167.0,167,167,0.0,0.0,0,0,0,0,0,0,,0,0,1,0,167,0,benign
49925.0,21027.0,17,1e-06,1000000.0,343000000.0,1,343,343.0,343,343,0.0,0.0,0,0,0,0,0,0,,0,0,1,0,343,0,benign
53798.0,443.0,6,0.2999939918518066,36.667401010597125,6673.466983928676,11,2002,182.0,66,583,192.48844121141408,0.0301604032516479,1,0,1,0,4,10,64240.0,0,16,11,0,2002,0,benign
443.0,53798.0,6,0.2939629554748535,47.62504846022207,29813.28033609901,14,8764,626.0,66,2954,930.5150765529312,0.0231360655564528,1,0,1,0,7,14,65535.0,0,23,14,0,8764,0,benign
53798.0,443.0,6,0.0003218650817871,6213.783703703703,335544.32,2,108,54.0,54,54,0.0,0.0002417564392089,0,2,0,0,0,0,0.0,0,2,2,0,108,0,benign
58860.0,5355.0,17,0.4174456596374511,4.791042747305091,359.32820604788185,2,150,75.0,75,75,0.0,0.4128315448760986,0,0,0,0,0,0,,0,0,2,0,150,0,benign
5353.0,5353.0,17,1e-06,1000000.0,87000000.0,1,87,87.0,87,87,0.0,0.0,0,0,0,0,0,0,,0,0,1,0,87,0,benign
17500.0,17500.0,17,0.0097177028656005,411.619912166638,72445.1045413283,4,704,176.0,176,176,0.0,0.0011254946390787,0,0,0,0,0,0,,0,0,4,0,704,0,benign
17500.0,17500.0,17,1e-06,1000000.0,176000000.0,1,176,176.0,176,176,0.0,0.0,0,0,0,0,0,0,,0,0,1,0,176,0,benign
45171.0,53.0,17,1e-06,1000000.0,94000000.0,1,94,94.0,94,94,0.0,0.0,0,0,0,0,0,0,,0,0,1,0,94,0,benign
56299.0,53.0,17,1e-06,1000000.0,94000000.0,1,94,94.0,94,94,0.0,0.0,0,0,0,0,0,0,,0,0,1,0,94,0,benign
53.0,45171.0,17,1e-06,1000000.0,143000000.0,1,143,143.0,143,143,0.0,0.0,0,0,0,0,0,0,,0,0,1,0,143,0,benign
53.0,56299.0,17,1e-06,1000000.0,155000000.0,1,155,155.0,155,155,0.0,0.0,0,0,0,0,0,0,,0,0,1,0,155,0,benign
59190.0,443.0,6,1e-06,1000000.0,66000000.0,1,66,66.0,66,66,0.0,0.0,0,0,0,0,0,1,501.0,0,1,1,0,66,0,benign
138.0,138.0,17,1e-06,1000000.0,243000000.0,1,243,243.0,243,243,0.0,0.0,0,0,0,0,0,0,,0,0,1,0,243,0,benign
49167.0,1900.0,17,1e-06,1000000.0,167000000.0,1,167,167.0,167,167,0.0,0.0,0,0,0,0,0,0,,0,0,1,0,167,0,benign
56858.0,5355.0,17,0.3937399387359619,5.079494872734209,380.96211545506566,2,150,75.0,75,75,0.0,0.4077658653259277,0,0,0,0,0,0,,0,0,2,0,150,0,benign
137.0,137.0,17,14.822064876556396,1.1469387120878398,105.51836151208128,17,1564,92.0,92,92,0.0,0.9263662844896317,0,0,0,0,0,0,,0,0,17,0,1564,0,benign
5353.0,5353.0,17,0.7986505031585693,7.512672910454199,1343.5163388195597,6,1073,178.83333333333334,93,312,97.6348639916432,0.1583072662353515,0,0,0,0,0,0,,0,0,6,0,1073,0,benign
64276.0,1900.0,17,3.0204036235809326,1.3243263147915565,280.75717873581,4,848,212.0,212,212,0.0,1.0090328057607014,0,0,0,0,0,0,,0,0,4,0,848,0,benign
50904.0,443.0,6,0.1129379272460937,150.52516381814496,18248.96250759981,17,2061,121.23529411764706,66,583,144.36132160821538,0.0072991251945495,1,0,1,0,3,16,64240.0,0,21,17,0,2061,0,benign
443.0,50904.0,6,0.1067414283752441,159.26337373186868,439210.9110174981,17,46882,2757.764705882353,66,7306,3204.283959198446,0.0068884640932083,2,0,1,0,11,17,65160.0,0,31,17,0,46882,0,benign
50904.0,443.0,6,0.0007083415985107,2823.496465836419,152468.8091551666,2,108,54.0,54,54,0.0,9.107589721679688e-05,0,2,0,0,0,0,0.0,0,2,2,0,108,0,benign
49810.0,443.0,6,1e-06,1000000.0,54000000.0,1,54,54.0,54,54,0.0,0.0,0,1,0,0,0,0,0.0,0,1,1,0,54,0,benign
17500.0,17500.0,17,1e-06,1000000.0,176000000.0,1,176,176.0,176,176,0.0,0.0,0,0,0,0,0,0,,0,0,1,0,176,0,benign
55382.0,5355.0,17,0.4157955646514892,4.810056118988081,360.754208924106,2,150,75.0,75,75,0.0,0.4154632091522217,0,0,0,0,0,0,,0,0,2,0,150,0,benign
5353.0,5353.0,17,0.7854716777801514,7.638722273165605,1585.0348716818633,6,1245,207.5,93,365,127.62092304947492,0.1576063632965088,0,0,0,0,0,0,,0,0,6,0,1245,0,benign
5353.0,5353.0,17,15.0116708278656,1.1324522230026213,213.56716629096493,17,3206,188.58823529411765,83,310,113.66785980628462,0.9381718188524246,0,0,0,0,0,0,,0,0,17,0,3206,0,benign
5353.0,5353.0,17,0.7770707607269287,7.721304549391566,1772.0393940853644,6,1377,229.5,93,409,151.37205818776462,0.154523754119873,0,0,0,0,0,0,,0,0,6,0,1377,0,benign
5353.0,5353.0,17,3.5044679641723637,4.5656003032627686,342.42002274470764,16,1200,75.0,75,75,0.0,0.2332004388173421,0,0,0,0,0,0,,0,0,16,0,1200,0,benign
49670.0,1900.0,17,3.024822950363159,1.322391447578696,280.3469868866836,4,848,212.0,212,212,0.0,1.0095564524332683,0,0,0,0,0,0,,0,0,4,0,848,0,benign
5353.0,5353.0,17,10.021636962890623,4.290716193295147,339.0663633678351,43,3398,79.02325581395348,72,93,3.973054313227829,0.2383915015629359,0,0,0,0,0,0,,0,0,43,0,3398,0,benign
5353.0,5353.0,17,10.02405285835266,5.087762476980919,401.1351552929466,51,4021,78.84313725490196,72,93,4.129758099548242,0.2003707313537597,0,0,0,0,0,0,,0,0,51,0,4021,0,benign
5353.0,5353.0,17,10.005522727966309,0.1998896064080516,17.190506151092436,2,172,86.0,86,86,0.0,10.009291410446169,0,0,0,0,0,0,,0,0,2,0,172,0,benign
137.0,137.0,17,3.420964002609253,0.5846305305973846,53.78600881495938,2,184,92.0,92,92,0.0,3.422710657119751,0,0,0,0,0,0,,0,0,2,0,184,0,benign
50253.0,5355.0,17,0.4118998050689697,4.855549760857775,335.03293349918647,2,138,69.0,69,69,0.0,0.4147610664367676,0,0,0,0,0,0,,0,0,2,0,138,0,benign
54611.0,5355.0,17,0.4104940891265869,4.8721773418356,336.1802365866564,2,138,69.0,69,69,0.0,0.4147610664367676,0,0,0,0,0,0,,0,0,2,0,138,0,benign
5353.0,5353.0,17,1e-06,1000000.0,139000000.0,1,139,139.0,139,139,0.0,0.0,0,0,0,0,0,0,,0,0,1,0,139,0,benign
5353.0,5353.0,17,1e-06,1000000.0,139000000.0,1,139,139.0,139,139,0.0,0.0,0,0,0,0,0,0,,0,0,1,0,139,0,benign
5353.0,5353.0,17,1e-06,1000000.0,139000000.0,1,139,139.0,139,139,0.0,0.0,0,0,0,0,0,0,,0,0,1,0,139,0,benign
5353.0,5353.0,17,1e-06,1000000.0,139000000.0,1,139,139.0,139,139,0.0,0.0,0,0,0,0,0,0,,0,0,1,0,139,0,benign
5353.0,5353.0,17,9.617155075073242,0.7278659796329311,158.4668218515124,7,1524,217.7142857142857,84,417,153.8665160517543,1.6024588743845622,0,0,0,0,0,0,,0,0,7,0,1524,0,benign
61230.0,5355.0,17,0.4187042713165283,4.776641025684827,358.24807692636205,2,150,75.0,75,75,0.0,0.4187266826629638,0,0,0,0,0,0,,0,0,2,0,150,0,benign
5353.0,5353.0,17,0.7822456359863281,7.670224957451685,2266.551474926973,6,1773,295.5,93,541,223.07465118206505,0.1550997257232666,0,0,0,0,0,0,,0,0,6,0,1773,0,benign
5353.0,5353.0,17,0.779630184173584,7.695956521180695,2012.492630288752,6,1569,261.5,93,473,186.07928417747095,0.1557219982147216,0,0,0,0,0,0,,0,0,6,0,1569,0,benign
443.0,54490.0,6,0.0003845691680908,5200.6249225046495,405648.7439553627,2,156,78.0,66,90,16.97056274847714,2.384185791015625e-07,0,0,1,0,1,2,501.0,0,4,2,0,156,0,benign
54490.0,443.0,6,0.0133149623870849,150.20695829677513,9012.417497806508,2,120,60.0,54,66,8.48528137423857,0.0120806694030761,0,1,1,0,0,1,501.0,0,3,2,0,120,0,benign
54184.0,5355.0,17,0.4272329807281494,4.681286535022001,332.37134398656207,2,142,71.0,71,71,0.0,0.41756272315979,0,0,0,0,0,0,,0,0,2,0,142,0,benign
5353.0,5353.0,17,0.7823460102081299,7.66924087515165,1147.829717647697,6,898,149.66666666666666,82,253,76.65681096071415,0.1567348003387451,0,0,0,0,0,0,,0,0,6,0,898,0,benign
65513.0,5355.0,17,1e-06,1000000.0,69000000.0,1,69,69.0,69,69,0.0,0.0,0,0,0,0,0,0,,0,0,1,0,69,0,benign
60217.0,5355.0,17,1e-06,1000000.0,69000000.0,1,69,69.0,69,69,0.0,0.0,0,0,0,0,0,0,,0,0,1,0,69,0,benign
54524.0,53.0,17,1e-06,1000000.0,90000000.0,1,90,90.0,90,90,0.0,0.0,0,0,0,0,0,0,,0,0,1,0,90,0,benign
44335.0,53.0,17,1e-06,1000000.0,90000000.0,1,90,90.0,90,90,0.0,0.0,0,0,0,0,0,0,,0,0,1,0,90,0,benign
53.0,54524.0,17,1e-06,1000000.0,155000000.0,1,155,155.0,155,155,0.0,0.0,0,0,0,0,0,0,,0,0,1,0,155,0,benign
53.0,44335.0,17,1e-06,1000000.0,167000000.0,1,167,167.0,167,167,0.0,0.0,0,0,0,0,0,0,,0,0,1,0,167,0,benign
57621.0,57621.0,17,1e-06,1000000.0,86000000.0,1,86,86.0,86,86,0.0,0.0,0,0,0,0,0,0,,0,0,1,0,86,0,benign
63408.0,1900.0,17,3.046449661254883,1.3130038059950526,278.3568068709512,4,848,212.0,212,212,0.0,1.014906009038289,0,0,0,0,0,0,,0,0,4,0,848,0,benign
5353.0,5353.0,17,0.7945399284362793,7.551539935580707,1754.474445033251,6,1394,232.33333333333331,88,419,159.82573843616888,0.1582806587219238,0,0,0,0,0,0,,0,0,6,0,1394,0,benign
137.0,137.0,17,14.982925653457642,1.4683380608594967,135.0871015990737,22,2024,92.0,92,92,0.0,0.7130902040572393,0,0,0,0,0,0,,0,0,22,0,2024,0,benign
5353.0,5353.0,17,14.9825599193573,1.0011640254226628,81.09428605923569,15,1215,81.0,81,81,0.0,1.0697589090892248,0,0,0,0,0,0,,0,0,15,0,1215,0,benign
55995.0,5355.0,17,0.4148647785186767,4.820847908904762,361.5635931678572,2,150,75.0,75,75,0.0,0.4175183773040771,0,0,0,0,0,0,,0,0,2,0,150,0,benign
58796.0,1900.0,17,1e-06,1000000.0,167000000.0,1,167,167.0,167,167,0.0,0.0,0,0,0,0,0,0,,0,0,1,0,167,0,benign
5353.0,5353.0,17,0.7929966449737549,7.566236298765901,2319.0514255717485,6,1839,306.5,93,563,235.06063047647945,0.1561192512512207,0,0,0,0,0,0,,0,0,6,0,1839,0,benign
61578.0,5355.0,17,0.422248363494873,4.736548848754233,341.0315171103048,2,144,72.0,72,72,0.0,0.4160411357879638,0,0,0,0,0,0,,0,0,2,0,144,0,benign
5353.0,5353.0,17,15.072022914886476,1.5260061724881766,123.6064999715423,23,1863,81.0,81,81,0.0,0.6850982470945879,0,0,0,0,0,0,,0,0,23,0,1863,0,benign
61581.0,1900.0,17,3.059500217437744,1.307403077535945,234.02515087893417,4,716,179.0,179,179,0.0,1.0207154750823977,0,0,0,0,0,0,,0,0,4,0,716,0,benign
5353.0,5353.0,17,1e-06,1000000.0,87000000.0,1,87,87.0,87,87,0.0,0.0,0,0,0,0,0,0,,0,0,1,0,87,0,benign
63545.0,5355.0,17,0.4049746990203857,4.938580125716257,370.39350942871926,2,150,75.0,75,75,0.0,0.4135148525238037,0,0,0,0,0,0,,0,0,2,0,150,0,benign
33931.0,53.0,17,1e-06,1000000.0,87000000.0,1,87,87.0,87,87,0.0,0.0,0,0,0,0,0,0,,0,0,1,0,87,0,benign
45165.0,53.0,17,1e-06,1000000.0,87000000.0,1,87,87.0,87,87,0.0,0.0,0,0,0,0,0,0,,0,0,1,0,87,0,benign
53.0,33931.0,17,1e-06,1000000.0,143000000.0,1,143,143.0,143,143,0.0,0.0,0,0,0,0,0,0,,0,0,1,0,143,0,benign
53.0,45165.0,17,1e-06,1000000.0,155000000.0,1,155,155.0,155,155,0.0,0.0,0,0,0,0,0,0,,0,0,1,0,155,0,benign
54580.0,5355.0,17,0.422800064086914,4.730368251762763,340.586514126919,2,144,72.0,72,72,0.0,0.4094130992889404,0,0,0,0,0,0,,0,0,2,0,144,0,benign
50096.0,443.0,6,0.615065336227417,443.8552848295449,38482.09061036813,273,23669,86.6996336996337,66,583,38.68117084327344,0.0022652280681273,1,0,1,0,3,272,64240.0,0,277,273,0,23669,0,benign
443.0,50096.0,6,0.6265604496002197,1043.7939394631248,11288146.266673516,654,7072706,10814.535168195718,66,64686,10016.999566104469,0.0009441686078198,1,0,1,0,321,654,65160.0,0,977,654,0,7072706,0,benign
50096.0,443.0,6,0.0008895397186279,2248.3537925489145,121411.10479764138,2,108,54.0,54,54,0.0,6.651878356933594e-05,0,2,0,0,0,0,0.0,0,2,2,0,108,0,benign
49985.0,5355.0,17,0.4183924198150635,4.780201326027928,358.5150994520946,2,150,75.0,75,75,0.0,0.4146544933319092,0,0,0,0,0,0,,0,0,2,0,150,0,benign
63311.0,5355.0,17,0.4278335571289062,4.674715123847567,336.57948891702483,2,144,72.0,72,72,0.0,0.427971601486206,0,0,0,0,0,0,,0,0,2,0,144,0,benign
53799.0,1900.0,17,1e-06,1000000.0,167000000.0,1,167,167.0,167,167,0.0,0.0,0,0,0,0,0,0,,0,0,1,0,167,0,benign
57621.0,57621.0,17,1e-06,1000000.0,86000000.0,1,86,86.0,86,86,0.0,0.0,0,0,0,0,0,0,,0,0,1,0,86,0,benign
53138.0,5355.0,17,0.4285509586334228,4.666889572193853,350.0167179145389,2,150,75.0,75,75,0.0,0.416412353515625,0,0,0,0,0,0,,0,0,2,0,150,0,benign
51352.0,5355.0,17,0.4446194171905517,4.498229098129681,323.87249506533703,2,144,72.0,72,72,0.0,0.4397511482238769,0,0,0,0,0,0,,0,0,2,0,144,0,benign
137.0,137.0,17,2.2724297046661377,5.280691400644678,580.8760540709146,12,1320,110.0,110,110,0.0,0.2068834955042058,0,0,0,0,0,0,,0,0,12,0,1320,0,benign
5353.0,5353.0,17,1e-06,1000000.0,83000000.0,1,83,83.0,83,83,0.0,0.0,0,0,0,0,0,0,,0,0,1,0,83,0,benign
5353.0,5353.0,17,1e-06,1000000.0,132000000.0,1,132,132.0,132,132,0.0,0.0,0,0,0,0,0,0,,0,0,1,0,132,0,benign
5353.0,5353.0,17,1e-06,1000000.0,139000000.0,1,139,139.0,139,139,0.0,0.0,0,0,0,0,0,0,,0,0,1,0,139,0,benign
5353.0,5353.0,17,1e-06,1000000.0,132000000.0,1,132,132.0,132,132,0.0,0.0,0,0,0,0,0,0,,0,0,1,0,132,0,benign
5353.0,5353.0,17,1e-06,1000000.0,139000000.0,1,139,139.0,139,139,0.0,0.0,0,0,0,0,0,0,,0,0,1,0,139,0,benign
63750.0,5355.0,17,0.4021995067596435,4.972656520922116,372.9492390691586,2,150,75.0,75,75,0.0,0.4073436260223388,0,0,0,0,0,0,,0,0,2,0,150,0,benign
137.0,137.0,17,15.352282762527466,1.0421902884080216,95.881506533538,16,1472,92.0,92,92,0.0,1.0235381285349527,0,0,0,0,0,0,,0,0,16,0,1472,0,benign
58348.0,443.0,6,0.3430476188659668,64.13103834600784,7547.057194446104,22,2589,117.6818181818182,66,583,130.2965066825648,0.016346670332409,1,0,1,0,4,21,64240.0,0,27,22,0,2589,0,benign
443.0,58348.0,6,0.3451170921325683,63.74648054680883,117797.70091590755,22,40654,1847.909090909091,66,2866,1190.837516767922,0.0164222603752499,1,0,1,0,17,22,65535.0,0,41,22,0,40654,0,benign
57621.0,57621.0,17,3.052398681640625,0.982833604942962,84.52369002509474,3,258,86.0,86,86,0.0,1.527961492538452,0,0,0,0,0,0,,0,0,3,0,258,0,benign
443.0,52036.0,6,0.0002305507659912,8674.879007238884,676640.5625646329,2,156,78.0,66,90,16.97056274847714,2.384185791015625e-07,0,0,1,0,1,2,79.0,0,4,2,0,156,0,benign
49481.0,5355.0,17,0.412736177444458,4.845710430288463,363.4282822716347,2,150,75.0,75,75,0.0,0.4150850772857666,0,0,0,0,0,0,,0,0,2,0,150,0,benign
35352.0,53.0,17,1e-06,1000000.0,85000000.0,1,85,85.0,85,85,0.0,0.0,0,0,0,0,0,0,,0,0,1,0,85,0,benign
59895.0,53.0,17,1e-06,1000000.0,85000000.0,1,85,85.0,85,85,0.0,0.0,0,0,0,0,0,0,,0,0,1,0,85,0,benign
53.0,35352.0,17,1e-06,1000000.0,371000000.0,1,371,371.0,371,371,0.0,0.0,0,0,0,0,0,0,,0,0,1,0,371,0,benign
53.0,59895.0,17,1e-06,1000000.0,395000000.0,1,395,395.0,395,395,0.0,0.0,0,0,0,0,0,0,,0,0,1,0,395,0,benign
60855.0,5355.0,17,0.4098279476165771,4.880096664054596,366.0072498040947,2,150,75.0,75,75,0.0,0.4102208614349365,0,0,0,0,0,0,,0,0,2,0,150,0,benign
63898.0,1900.0,17,3.019871711730957,1.3245595779653978,280.8066305286644,4,848,212.0,212,212,0.0,1.0069016615549724,0,0,0,0,0,0,,0,0,4,0,848,0,benign
60219.0,1900.0,17,3.0007753372192383,0.999741621037196,211.9452236598856,3,636,212.0,212,212,0.0,1.5005042552947998,0,0,0,0,0,0,,0,0,3,0,636,0,benign
57621.0,57621.0,17,14.322420597076416,0.2094618000963035,18.0137148082821,3,258,86.0,86,86,0.0,7.161493182182312,0,0,0,0,0,0,,0,0,3,0,258,0,benign
5353.0,5353.0,17,15.004666805267334,1.0663349081755855,207.9353070942392,16,3120,195.0,83,310,114.17647159842814,1.0005210399627686,0,0,0,0,0,0,,0,0,16,0,3120,0,benign
48434.0,443.0,6,0.3138375282287597,114.70903496843496,10384.35402672582,36,3259,90.52777777777776,66,583,98.0126773465296,0.0091869967324393,1,0,1,0,3,35,64240.0,0,40,36,0,3259,0,benign
443.0,48434.0,6,0.3158822059631347,117.13227051579508,368327.1732424791,37,116348,3144.5405405405404,66,12486,2938.500341203869,0.0089405642615424,1,0,1,0,32,37,65535.0,0,71,37,0,116348,0,benign
49283.0,5355.0,17,0.4235398769378662,4.722105541654587,354.1579156240941,2,150,75.0,75,75,0.0,0.4241809844970703,0,0,0,0,0,0,,0,0,2,0,150,0,benign
59274.0,5355.0,17,0.3993337154388428,5.008342453133778,375.6256839850334,2,150,75.0,75,75,0.0,0.4039256572723388,0,0,0,0,0,0,,0,0,2,0,150,0,benign
57356.0,443.0,6,0.4851293563842773,35.04220013957283,6548.768814318993,17,3177,186.8823529411765,66,583,188.34306542614635,0.0291934311389923,1,0,0,0,6,16,64240.0,0,23,17,0,3177,0,benign
443.0,57356.0,6,0.3418056964874267,55.58713677172116,65996.5595419203,19,22558,1187.2631578947369,66,2866,1006.190828052085,0.0189587275187174,1,0,0,0,13,19,65535.0,0,33,19,0,22558,0,benign
34622.0,443.0,6,0.0476431846618652,41.978721913626586,2770.5956462993545,2,132,66.0,66,66,0.0,0.0453355312347412,0,0,1,0,0,2,501.0,0,3,2,0,132,0,benign
44698.0,443.0,6,0.1272914409637451,15.711975486000162,1036.9903820760103,2,132,66.0,66,66,0.0,0.1175518035888671,0,0,1,0,0,2,6022.0,0,3,2,0,132,0,benign
48426.0,443.0,6,0.0321230888366699,62.26051330770258,4109.193878308371,2,132,66.0,66,66,0.0,0.0316405296325683,0,0,1,0,0,2,501.0,0,3,2,0,132,0,benign
54490.0,443.0,6,1e-06,1000000.0,54000000.0,1,54,54.0,54,54,0.0,0.0,0,1,0,0,0,0,0.0,0,1,1,0,54,0,benign
443.0,48426.0,6,1e-06,1000000.0,66000000.0,1,66,66.0,66,66,0.0,0.0,0,0,1,0,0,1,1050.0,0,2,1,0,66,0,benign
443.0,34622.0,6,1e-06,1000000.0,66000000.0,1,66,66.0,66,66,0.0,0.0,0,0,1,0,0,1,80.0,0,2,1,0,66,0,benign
5353.0,5353.0,17,9.053075075149536,0.7732179333423208,154.4226672589378,7,1398,199.7142857142857,87,387,136.6854226386441,1.5088169574737549,0,0,0,0,0,0,,0,0,7,0,1398,0,benign
443.0,44698.0,6,1e-06,1000000.0,66000000.0,1,66,66.0,66,66,0.0,0.0,0,0,1,0,0,1,78.0,0,2,1,0,66,0,benign
64239.0,1900.0,17,3.0207905769348145,1.32415667293917,280.72121466310404,4,848,212.0,212,212,0.0,1.0067885716756184,0,0,0,0,0,0,,0,0,4,0,848,0,benign
59931.0,5355.0,17,0.4283502101898193,4.669076733063161,350.18075497973706,2,150,75.0,75,75,0.0,0.4217946529388428,0,0,0,0,0,0,,0,0,2,0,150,0,benign
50512.0,5355.0,17,0.4025428295135498,4.9684154166076855,372.6311562455764,2,150,75.0,75,75,0.0,0.412804365158081,0,0,0,0,0,0,,0,0,2,0,150,0,benign
48448.0,443.0,6,0.4898867607116699,20.41288069404604,3151.748779160709,10,1544,154.4,66,583,176.48682670386478,0.0541985299852159,1,0,1,0,3,9,64240.0,0,14,10,0,1544,0,benign
443.0,48448.0,6,0.489262580871582,16.351138044827874,9207.734611493695,8,4505,563.125,66,2826,941.5713974142224,0.0699315411703927,1,0,1,0,4,8,65535.0,0,14,8,0,4505,0,benign
5353.0,5353.0,17,0.7713174819946289,7.778897976594521,1699.689207885903,6,1311,218.5,93,387,139.48153999723405,0.1543293952941894,0,0,0,0,0,0,,0,0,6,0,1311,0,benign
5353.0,5353.0,17,1e-06,1000000.0,87000000.0,1,87,87.0,87,87,0.0,0.0,0,0,0,0,0,0,,0,0,1,0,87,0,benign
5353.0,5353.0,17,10.027166843414308,3.091601095713325,242.4413633444869,31,2431,78.41935483870968,70,82,4.217220202521934,0.3337817430496216,0,0,0,0,0,0,,0,0,31,0,2431,0,benign
5353.0,5353.0,17,10.025459051132202,3.6906040722216593,290.16127692142726,37,2909,78.62162162162163,70,82,4.225263642999434,0.2783287233776516,0,0,0,0,0,0,,0,0,37,0,2909,0,benign
5353.0,5353.0,17,10.014301061630247,0.1997143872239862,17.175437301262818,2,172,86.0,86,86,0.0,10.009627103805542,0,0,0,0,0,0,,0,0,2,0,172,0,benign
56767.0,5355.0,17,0.3976509571075439,5.029536492374401,377.21523692808006,2,150,75.0,75,75,0.0,0.4120185375213623,0,0,0,0,0,0,,0,0,2,0,150,0,benign
137.0,137.0,17,0.756227970123291,2.6447051405331274,243.31287292904773,2,184,92.0,92,92,0.0,0.7555379867553711,0,0,0,0,0,0,,0,0,2,0,184,0,benign
50981.0,5355.0,17,0.4171226024627685,4.794753360742458,359.6065020556844,2,150,75.0,75,75,0.0,0.4191136360168457,0,0,0,0,0,0,,0,0,2,0,150,0,benign
5353.0,5353.0,17,1e-06,1000000.0,81000000.0,1,81,81.0,81,81,0.0,0.0,0,0,0,0,0,0,,0,0,1,0,81,0,benign
50528.0,1900.0,17,1e-06,1000000.0,167000000.0,1,167,167.0,167,167,0.0,0.0,0,0,0,0,0,0,,0,0,1,0,167,0,benign
65414.0,1900.0,17,3.031491041183472,1.319482705262566,279.730333515664,4,848,212.0,212,212,0.0,1.011406421661377,0,0,0,0,0,0,,0,0,4,0,848,0,benign
49925.0,21027.0,17,1e-06,1000000.0,343000000.0,1,343,343.0,343,343,0.0,0.0,0,0,0,0,0,0,,0,0,1,0,343,0,benign
48464.0,443.0,6,0.2450356483459472,77.5397381085357,9100.7166306334,19,2230,117.36842105263158,66,583,143.58164944894432,0.013759692509969,1,0,1,0,3,18,64240.0,0,23,19,0,2230,0,benign
443.0,48464.0,6,0.2460672855377197,97.5342981800847,207138.46575995488,24,50970,2123.75,66,2826,1167.6722384820746,0.0106739894203517,1,0,1,0,20,24,65535.0,0,46,24,0,50970,0,benign
51998.0,3702.0,17,6.85607123374939,1.0209928924807714,712.6530389515784,7,4886,698.0,698,698,0.0,1.1429290771484375,0,0,0,0,0,0,,0,0,7,0,4886,0,benign
5353.0,5353.0,17,14.06963324546814,1.9901016260689568,161.19823171158552,28,2268,81.0,81,81,0.0,0.5209358709829824,0,0,0,0,0,0,,0,0,28,0,2268,0,benign
33703.0,53.0,17,1e-06,1000000.0,89000000.0,1,89,89.0,89,89,0.0,0.0,0,0,0,0,0,0,,0,0,1,0,89,0,benign
57666.0,53.0,17,1e-06,1000000.0,89000000.0,1,89,89.0,89,89,0.0,0.0,0,0,0,0,0,0,,0,0,1,0,89,0,benign
53.0,33703.0,17,1e-06,1000000.0,343000000.0,1,343,343.0,343,343,0.0,0.0,0,0,0,0,0,0,,0,0,1,0,343,0,benign
53.0,57666.0,17,1e-06,1000000.0,367000000.0,1,367,367.0,367,367,0.0,0.0,0,0,0,0,0,0,,0,0,1,0,367,0,benign
5353.0,5353.0,17,1e-06,1000000.0,87000000.0,1,87,87.0,87,87,0.0,0.0,0,0,0,0,0,0,,0,0,1,0,87,0,benign
57237.0,5355.0,17,0.4108641147613525,4.867789442165534,365.084208162415,2,150,75.0,75,75,0.0,0.4132332801818847,0,0,0,0,0,0,,0,0,2,0,150,0,benign
17500.0,17500.0,17,0.0020503997802734,1950.839069767442,343347.67627906974,4,704,176.0,176,176,0.0,0.0014134248097737,0,0,0,0,0,0,,0,0,4,0,704,0,benign
17500.0,17500.0,17,1e-06,1000000.0,176000000.0,1,176,176.0,176,176,0.0,0.0,0,0,0,0,0,0,,0,0,1,0,176,0,benign
62653.0,1900.0,17,1e-06,1000000.0,167000000.0,1,167,167.0,167,167,0.0,0.0,0,0,0,0,0,0,,0,0,1,0,167,0,benign
5353.0,5353.0,17,0.8013038635253906,7.487796169611106,1793.3271826218595,6,1437,239.5,93,429,162.20203451251774,0.1615355968475341,0,0,0,0,0,0,,0,0,6,0,1437,0,benign
54722.0,5355.0,17,0.4187729358673095,4.775857818647838,358.18933639858784,2,150,75.0,75,75,0.0,0.4197361469268799,0,0,0,0,0,0,,0,0,2,0,150,0,benign
60287.0,53.0,17,1e-06,1000000.0,86000000.0,1,86,86.0,86,86,0.0,0.0,0,0,0,0,0,0,,0,0,1,0,86,0,benign
43988.0,53.0,17,1e-06,1000000.0,86000000.0,1,86,86.0,86,86,0.0,0.0,0,0,0,0,0,0,,0,0,1,0,86,0,benign
53.0,43988.0,17,1e-06,1000000.0,147000000.0,1,147,147.0,147,147,0.0,0.0,0,0,0,0,0,0,,0,0,1,0,147,0,benign
53.0,60287.0,17,1e-06,1000000.0,135000000.0,1,135,135.0,135,135,0.0,0.0,0,0,0,0,0,0,,0,0,1,0,135,0,benign
57621.0,57621.0,17,3.0918240547180176,0.970301009018318,83.44588677557536,3,258,86.0,86,86,0.0,1.5447094440460205,0,0,0,0,0,0,,0,0,3,0,258,0,benign
137.0,137.0,17,1.525627374649048,3.9328082988680166,361.8183634958575,6,552,92.0,92,92,0.0,0.3055771827697754,0,0,0,0,0,0,,0,0,6,0,552,0,benign
58348.0,443.0,6,1e-06,1000000.0,66000000.0,1,66,66.0,66,66,0.0,0.0,0,0,0,0,0,1,713.0,0,1,1,0,66,0,benign
42748.0,443.0,6,0.2282905578613281,105.12918372462194,10692.51406132509,24,2441,101.70833333333331,66,583,116.59498056414616,0.0097670451454494,1,0,1,0,3,23,64240.0,0,28,24,0,2441,0,benign
443.0,42748.0,6,0.224959135055542,97.79553959686164,183175.4909167217,22,41207,1873.0454545454545,66,2826,1224.0315696704,0.0107023602440243,1,0,1,0,17,22,65535.0,0,41,22,0,41207,0,benign
5353.0,5353.0,17,0.7975091934204102,7.52342424325769,1884.6177729360516,6,1503,250.5,93,451,174.13299515025864,0.1586636066436767,0,0,0,0,0,0,,0,0,6,0,1503,0,benign
137.0,137.0,17,14.84475588798523,1.482004834973807,136.34444481759024,22,2024,92.0,92,92,0.0,0.7068785939897809,0,0,0,0,0,0,,0,0,22,0,2024,0,benign
52036.0,443.0,6,1e-06,1000000.0,66000000.0,1,66,66.0,66,66,0.0,0.0,0,0,0,0,0,1,6280.0,0,1,1,0,66,0,benign
17500.0,17500.0,17,1e-06,1000000.0,176000000.0,1,176,176.0,176,176,0.0,0.0,0,0,0,0,0,0,,0,0,1,0,176,0,benign
58471.0,1900.0,17,2.994758129119873,1.335667131547467,283.161431888063,4,848,212.0,212,212,0.0,1.0002899169921875,0,0,0,0,0,0,,0,0,4,0,848,0,benign
5353.0,5353.0,17,15.001888751983644,1.0665323723244102,207.97381260326,16,3120,195.0,83,310,114.17647159842814,1.0003033479054768,0,0,0,0,0,0,,0,0,16,0,3120,0,benign
56057.0,5355.0,17,0.4153447151184082,4.815277352041982,361.1458014031487,2,150,75.0,75,75,0.0,0.415917158126831,0,0,0,0,0,0,,0,0,2,0,150,0,benign
138.0,138.0,17,1e-06,1000000.0,240000000.0,1,240,240.0,240,240,0.0,0.0,0,0,0,0,0,0,,0,0,1,0,240,0,benign
56113.0,1900.0,17,1e-06,1000000.0,167000000.0,1,167,167.0,167,167,0.0,0.0,0,0,0,0,0,0,,0,0,1,0,167,0,benign
50372.0,53.0,17,1e-06,1000000.0,87000000.0,1,87,87.0,87,87,0.0,0.0,0,0,0,0,0,0,,0,0,1,0,87,0,benign
37723.0,53.0,17,1e-06,1000000.0,87000000.0,1,87,87.0,87,87,0.0,0.0,0,0,0,0,0,0,,0,0,1,0,87,0,benign
53.0,50372.0,17,1e-06,1000000.0,132000000.0,1,132,132.0,132,132,0.0,0.0,0,0,0,0,0,0,,0,0,1,0,132,0,benign
53.0,37723.0,17,1e-06,1000000.0,144000000.0,1,144,144.0,144,144,0.0,0.0,0,0,0,0,0,0,,0,0,1,0,144,0,benign
5353.0,5353.0,17,1e-06,1000000.0,92000000.0,1,92,92.0,92,92,0.0,0.0,0,0,0,0,0,0,,0,0,1,0,92,0,benign
5353.0,5353.0,17,1e-06,1000000.0,108000000.0,1,108,108.0,108,108,0.0,0.0,0,0,0,0,0,0,,0,0,1,0,108,0,benign
48434.0,443.0,6,1e-06,1000000.0,66000000.0,1,66,66.0,66,66,0.0,0.0,0,0,0,0,0,1,1359.0,0,1,1,0,66,0,benign
61458.0,5355.0,17,0.4218618869781494,4.74088810043082,341.343943231019,2,144,72.0,72,72,0.0,0.407578706741333,0,0,0,0,0,0,,0,0,2,0,144,0,benign
60234.0,1900.0,17,3.021670341491699,1.323771142428903,280.63948219492744,4,848,212.0,212,212,0.0,1.0094017187754314,0,0,0,0,0,0,,0,0,4,0,848,0,benign
52244.0,1900.0,17,2.9978275299072266,1.3342995753073852,282.87150996516567,4,848,212.0,212,212,0.0,1.0012952486673992,0,0,0,0,0,0,,0,0,4,0,848,0,benign
57918.0,1900.0,17,3.084937810897827,1.2966225723804323,232.09544045609735,4,716,179.0,179,179,0.0,1.0266969203948977,0,0,0,0,0,0,,0,0,4,0,716,0,benign
63312.0,5355.0,17,0.4158082008361816,4.809909944003128,346.31351596822526,2,144,72.0,72,72,0.0,0.4142286777496338,0,0,0,0,0,0,,0,0,2,0,144,0,benign
53396.0,5355.0,17,0.4186911582946777,4.776790625686885,358.2592969265163,2,150,75.0,75,75,0.0,0.412954568862915,0,0,0,0,0,0,,0,0,2,0,150,0,benign
5353.0,5353.0,17,2.174388647079468,3.219295690033176,547.7401666899304,7,1191,170.14285714285714,86,301,106.34445381468116,0.3619297742843628,0,0,0,0,0,0,,0,0,7,0,1191,0,benign
57079.0,3702.0,17,6.858501434326172,1.0206311199361482,712.4005217154315,7,4886,698.0,698,698,0.0,1.143305500348409,0,0,0,0,0,0,,0,0,7,0,4886,0,benign
50031.0,5355.0,17,0.4181771278381347,4.782662338180645,358.69967536354835,2,150,75.0,75,75,0.0,0.4170517921447754,0,0,0,0,0,0,,0,0,2,0,150,0,benign
61414.0,5355.0,17,0.4163599014282226,4.80353653927643,345.8546308279029,2,144,72.0,72,72,0.0,0.4143891334533691,0,0,0,0,0,0,,0,0,2,0,144,0,benign
5353.0,5353.0,17,0.7869739532470703,7.624140513474277,1717.9729957028703,6,1352,225.33333333333331,86,403,154.06968120518283,0.1581172466278076,0,0,0,0,0,0,,0,0,6,0,1352,0,benign
55514.0,1900.0,17,1e-06,1000000.0,167000000.0,1,167,167.0,167,167,0.0,0.0,0,0,0,0,0,0,,0,0,1,0,167,0,benign
57621.0,57621.0,17,1e-06,1000000.0,86000000.0,1,86,86.0,86,86,0.0,0.0,0,0,0,0,0,0,,0,0,1,0,86,0,benign
5353.0,5353.0,17,1e-06,1000000.0,87000000.0,1,87,87.0,87,87,0.0,0.0,0,0,0,0,0,0,,0,0,1,0,87,0,benign
56840.0,1900.0,17,2.9954135417938232,1.335374880359449,284.4348495165626,4,852,213.0,213,213,0.0,1.0014713605244954,0,0,0,0,0,0,,0,0,4,0,852,0,benign
57621.0,57621.0,17,1e-06,1000000.0,86000000.0,1,86,86.0,86,86,0.0,0.0,0,0,0,0,0,0,,0,0,1,0,86,0,benign
35661.0,53.0,17,1e-06,1000000.0,85000000.0,1,85,85.0,85,85,0.0,0.0,0,0,0,0,0,0,,0,0,1,0,85,0,benign
42831.0,53.0,17,1e-06,1000000.0,85000000.0,1,85,85.0,85,85,0.0,0.0,0,0,0,0,0,0,,0,0,1,0,85,0,benign
53.0,35661.0,17,1e-06,1000000.0,130000000.0,1,130,130.0,130,130,0.0,0.0,0,0,0,0,0,0,,0,0,1,0,130,0,benign
53.0,42831.0,17,1e-06,1000000.0,142000000.0,1,142,142.0,142,142,0.0,0.0,0,0,0,0,0,0,,0,0,1,0,142,0,benign
48460.0,443.0,6,0.300281286239624,53.28337373389304,7639.503709096914,16,2294,143.375,66,583,160.47507594639112,0.0196011543273925,1,0,0,0,4,15,64240.0,0,20,16,0,2294,0,benign
443.0,48460.0,6,0.2924275398254394,54.71440894230064,80902.09292230928,16,23658,1478.625,66,2826,1217.3197813228865,0.0188615957895914,1,0,0,0,11,16,65535.0,0,28,16,0,23658,0,benign
63561.0,5355.0,17,0.4183130264282226,4.7811085805217575,344.23981779756656,2,144,72.0,72,72,0.0,0.4204106330871582,0,0,0,0,0,0,,0,0,2,0,144,0,benign
48448.0,443.0,6,1e-06,1000000.0,66000000.0,1,66,66.0,66,66,0.0,0.0,0,0,0,0,0,1,501.0,0,1,1,0,66,0,benign
137.0,137.0,17,2.3166921138763428,5.179799218084842,569.7779139893327,12,1320,110.0,110,110,0.0,0.210667458447543,0,0,0,0,0,0,,0,0,12,0,1320,0,benign
57621.0,57621.0,17,1e-06,1000000.0,86000000.0,1,86,86.0,86,86,0.0,0.0,0,0,0,0,0,0,,0,0,1,0,86,0,benign
56860.0,3702.0,17,7.336715936660767,0.954105360004708,665.9655412832863,7,4886,698.0,698,698,0.0,1.2244981527328491,0,0,0,0,0,0,,0,0,7,0,4886,0,benign
53402.0,80.0,6,1.679579257965088,2.976936025072019,347.1107405233974,5,583,116.6,66,311,108.7281012434228,0.4192599058151245,1,0,1,0,1,4,64240.0,0,7,5,0,583,0,benign
80.0,53402.0,6,1.6797893047332764,2.381251022809159,697.7065496830835,4,1172,293.0,66,966,448.6825158171421,0.5594513416290283,1,0,1,0,1,4,65160.0,0,7,4,0,1172,0,benign
5353.0,5353.0,17,0.7799203395843506,7.69309337822582,1342.4447945004056,6,1047,174.5,93,299,92.33363417520184,0.1559636116027832,0,0,0,0,0,0,,0,0,6,0,1047,0,benign
54418.0,1900.0,17,1e-06,1000000.0,167000000.0,1,167,167.0,167,167,0.0,0.0,0,0,0,0,0,0,,0,0,1,0,167,0,benign
55054.0,5355.0,17,0.4202394485473633,4.759191472655354,356.9393604491516,2,150,75.0,75,75,0.0,0.4154818058013916,0,0,0,0,0,0,,0,0,2,0,150,0,benign
38142.0,443.0,6,0.7826399803161621,24.27680731608497,2729.224233008289,19,2136,112.42105263157896,66,583,131.13577179120446,0.0357056193881564,1,0,1,0,3,18,64240.0,0,23,19,0,2136,0,benign
443.0,38142.0,6,0.6634891033172607,25.62212388267529,56677.64521223555,17,37605,2212.058823529412,66,2962,1246.5251938182114,0.040077805519104,1,0,1,0,13,17,41352.0,0,32,17,0,37605,0,benign
48464.0,443.0,6,1e-06,1000000.0,66000000.0,1,66,66.0,66,66,0.0,0.0,0,0,0,0,0,1,501.0,0,1,1,0,66,0,benign
60972.0,3702.0,17,7.175518751144409,0.9755392247959194,680.9263789075517,7,4886,698.0,698,698,0.0,1.195135196050008,0,0,0,0,0,0,,0,0,7,0,4886,0,benign
5353.0,5353.0,17,15.094308376312256,2.053754251413652,166.35409436450584,31,2511,81.0,81,81,0.0,0.5031412521998088,0,0,0,0,0,0,,0,0,31,0,2511,0,benign
54860.0,1900.0,17,3.0231118202209477,1.3231399425072063,280.50566781152776,4,848,212.0,212,212,0.0,1.0063386758168538,0,0,0,0,0,0,,0,0,4,0,848,0,benign
58785.0,5355.0,17,0.4201977252960205,4.759664033381052,356.97480250357887,2,150,75.0,75,75,0.0,0.4190549850463867,0,0,0,0,0,0,,0,0,2,0,150,0,benign
137.0,137.0,17,13.422906398773192,1.7879883303211823,164.4949263895488,24,2208,92.0,92,92,0.0,0.5836205067841903,0,0,0,0,0,0,,0,0,24,0,2208,0,benign
5353.0,5353.0,17,12.91175651550293,1.2391807404971638,100.37363998027028,16,1296,81.0,81,81,0.0,0.8607935428619384,0,0,0,0,0,0,,0,0,16,0,1296,0,benign
51517.0,5355.0,17,0.4200775623321533,4.761025532752948,357.0769149564711,2,150,75.0,75,75,0.0,0.4149501323699951,0,0,0,0,0,0,,0,0,2,0,150,0,benign
57621.0,57621.0,17,1e-06,1000000.0,86000000.0,1,86,86.0,86,86,0.0,0.0,0,0,0,0,0,0,,0,0,1,0,86,0,benign
37112.0,443.0,6,0.6967947483062744,21.527142729564297,3929.421119569803,15,2738,182.53333333333333,66,913,250.01110451528425,0.0499748161860874,1,0,1,0,4,14,64240.0,0,20,15,0,2738,0,benign
63113.0,5355.0,17,0.4065392017364502,4.919574770298666,368.9681077724,2,150,75.0,75,75,0.0,0.4111042022705078,0,0,0,0,0,0,,0,0,2,0,150,0,benign
443.0,37112.0,6,0.696181058883667,33.03738259825787,33930.82833634989,23,23622,1027.0434782608695,66,2962,1169.6775965375662,0.0317619930614124,1,0,1,0,17,23,41352.0,0,42,23,0,23622,0,benign
5353.0,5353.0,17,10.018556594848633,3.992591110436737,313.6180317248057,40,3142,78.55,70,81,3.768628942011153,0.2566189704797206,0,0,0,0,0,0,,0,0,40,0,3142,0,benign
5353.0,5353.0,17,10.018532991409302,3.693155478125069,290.3618725909683,37,2909,78.62162162162163,70,81,3.882663399662025,0.2780458066198561,0,0,0,0,0,0,,0,0,37,0,2909,0,benign
5353.0,5353.0,17,1e-06,1000000.0,86000000.0,1,86,86.0,86,86,0.0,0.0,0,0,0,0,0,0,,0,0,1,0,86,0,benign
5353.0,5353.0,17,1e-06,1000000.0,128000000.0,1,128,128.0,128,128,0.0,0.0,0,0,0,0,0,0,,0,0,1,0,128,0,benign
58576.0,5355.0,17,0.4161489009857178,4.805972081778104,360.4479061333578,2,150,75.0,75,75,0.0,0.416989803314209,0,0,0,0,0,0,,0,0,2,0,150,0,benign
63647.0,5355.0,17,0.4251892566680908,4.703787710142522,352.7840782606892,2,150,75.0,75,75,0.0,0.430722713470459,0,0,0,0,0,0,,0,0,2,0,150,0,benign
54280.0,5355.0,17,0.4134881496429443,4.83689799024964,362.767349268723,2,150,75.0,75,75,0.0,0.4120891094207763,0,0,0,0,0,0,,0,0,2,0,150,0,benign
5353.0,5353.0,17,0.7685282230377197,7.807130330600126,1243.9360993422868,6,956,159.33333333333334,86,271,83.03172084611198,0.1545957088470459,0,0,0,0,0,0,,0,0,6,0,956,0,benign
61682.0,5355.0,17,0.4121053218841553,4.853128299474398,363.9846224605799,2,150,75.0,75,75,0.0,0.4174437522888183,0,0,0,0,0,0,,0,0,2,0,150,0,benign
42748.0,443.0,6,1e-06,1000000.0,66000000.0,1,66,66.0,66,66,0.0,0.0,0,0,0,0,0,1,501.0,0,1,1,0,66,0,benign
137.0,137.0,17,15.02962565422058,1.3307051326580217,122.42487220453796,20,1840,92.0,92,92,0.0,0.7908135213349995,0,0,0,0,0,0,,0,0,20,0,1840,0,benign
5353.0,5353.0,17,1e-06,1000000.0,87000000.0,1,87,87.0,87,87,0.0,0.0,0,0,0,0,0,0,,0,0,1,0,87,0,benign
54128.0,5355.0,17,0.427786111831665,4.675233591470602,350.6425193602952,2,150,75.0,75,75,0.0,0.4233016967773437,0,0,0,0,0,0,,0,0,2,0,150,0,benign
51834.0,3702.0,17,5.4919044971466064,1.2746033736815607,889.6731548297294,7,4886,698.0,698,698,0.0,0.915392557779948,0,0,0,0,0,0,,0,0,7,0,4886,0,benign
64290.0,5355.0,17,0.414252758026123,4.827970269962279,362.09777024717096,2,150,75.0,75,75,0.0,0.4137742519378662,0,0,0,0,0,0,,0,0,2,0,150,0,benign
5353.0,5353.0,17,15.00036597251892,1.06664064258915,207.99492530488425,16,3120,195.0,83,310,114.17647159842814,1.0000226497650146,0,0,0,0,0,0,,0,0,16,0,3120,0,benign
44438.0,443.0,6,0.7430758476257324,20.18636461934247,3688.7216947745137,15,2741,182.7333333333333,66,918,250.9543119108868,0.0532633917672293,1,0,1,0,4,14,64240.0,0,20,15,0,2741,0,benign
443.0,44438.0,6,0.7494721412658691,29.353993015459768,28768.247427560367,22,21561,980.0454545454544,66,2962,1220.671574615217,0.0354656378428141,1,0,1,0,17,22,41352.0,0,41,22,0,21561,0,benign
57621.0,57621.0,17,1e-06,1000000.0,86000000.0,1,86,86.0,86,86,0.0,0.0,0,0,0,0,0,0,,0,0,1,0,86,0,benign
5353.0,5353.0,17,14.60528564453125,3.697291604852628,340.4247010986531,54,4972,92.07407407407408,91,94,0.6097278035398286,0.2755899429321289,0,0,0,0,0,0,,0,0,54,0,4972,0,benign
63041.0,5355.0,17,0.4349815845489502,4.597895798448295,395.4190386665534,2,172,86.0,86,86,0.0,0.4226665496826172,0,0,0,0,0,0,,0,0,2,0,172,0,benign
54911.0,1900.0,17,3.0173816680908203,1.3256526485530449,281.0383614932455,4,848,212.0,212,212,0.0,1.0054042339324951,0,0,0,0,0,0,,0,0,4,0,848,0,benign
61751.0,5355.0,17,0.4141058921813965,4.829682546810787,415.3526990257277,2,172,86.0,86,86,0.0,0.412816047668457,0,0,0,0,0,0,,0,0,2,0,172,0,benign
57621.0,57621.0,17,1e-06,1000000.0,86000000.0,1,86,86.0,86,86,0.0,0.0,0,0,0,0,0,0,,0,0,1,0,86,0,benign
54653.0,5355.0,17,0.387399673461914,5.162626963846998,443.9859188908418,2,172,86.0,86,86,0.0,0.3987026214599609,0,0,0,0,0,0,,0,0,2,0,172,0,benign
58731.0,5355.0,17,0.4111237525939941,4.864715277044824,418.36551382585486,2,172,86.0,86,86,0.0,0.415668249130249,0,0,0,0,0,0,,0,0,2,0,172,0,benign
57113.0,5355.0,17,0.4077551364898681,4.904904490515708,367.8678367886781,2,150,75.0,75,75,0.0,0.4120051860809326,0,0,0,0,0,0,,0,0,2,0,150,0,benign
5353.0,5353.0,17,0.7332706451416016,8.182517655321307,1764.696307664295,6,1294,215.66666666666663,82,385,147.72226191968042,0.1504713058471679,0,0,0,0,0,0,,0,0,6,0,1294,0,benign
52682.0,5355.0,17,0.4165916442871094,4.800864413453351,412.8743395569881,2,172,86.0,86,86,0.0,0.4239058494567871,0,0,0,0,0,0,,0,0,2,0,172,0,benign
55087.0,5355.0,17,0.3980796337127685,5.024120378494634,432.0743525505385,2,172,86.0,86,86,0.0,0.4095501899719238,0,0,0,0,0,0,,0,0,2,0,172,0,benign
57016.0,5355.0,17,0.4222290515899658,4.736765488941854,407.3618320489995,2,172,86.0,86,86,0.0,0.4170761108398437,0,0,0,0,0,0,,0,0,2,0,172,0,benign
56077.0,5355.0,17,0.4107351303100586,4.869318089471008,418.7613556945067,2,172,86.0,86,86,0.0,0.4180765151977539,0,0,0,0,0,0,,0,0,2,0,172,0,benign
53002.0,5355.0,17,0.401773452758789,4.977929692136058,428.101953523701,2,172,86.0,86,86,0.0,0.4109830856323242,0,0,0,0,0,0,,0,0,2,0,172,0,benign
59362.0,5355.0,17,0.4155614376068115,4.812766101488763,413.8978847280336,2,172,86.0,86,86,0.0,0.411888837814331,0,0,0,0,0,0,,0,0,2,0,172,0,benign
56656.0,5355.0,17,0.4186184406280517,4.777620395793857,358.3215296845393,2,150,75.0,75,75,0.0,0.41607666015625,0,0,0,0,0,0,,0,0,2,0,150,0,benign
5353.0,5353.0,17,0.7626423835754395,7.867383362396733,1202.3984238863006,6,917,152.83333333333334,83,259,79.04534563569614,0.1528187274932861,0,0,0,0,0,0,,0,0,6,0,917,0,benign
51500.0,53.0,17,1e-06,1000000.0,86000000.0,1,86,86.0,86,86,0.0,0.0,0,0,0,0,0,0,,0,0,1,0,86,0,benign
53406.0,53.0,17,1e-06,1000000.0,86000000.0,1,86,86.0,86,86,0.0,0.0,0,0,0,0,0,0,,0,0,1,0,86,0,benign
53.0,51500.0,17,1e-06,1000000.0,279000000.0,1,279,279.0,279,279,0.0,0.0,0,0,0,0,0,0,,0,0,1,0,279,0,benign
53.0,53406.0,17,1e-06,1000000.0,315000000.0,1,315,315.0,315,315,0.0,0.0,0,0,0,0,0,0,,0,0,1,0,315,0,benign
53096.0,1900.0,17,1e-06,1000000.0,167000000.0,1,167,167.0,167,167,0.0,0.0,0,0,0,0,0,0,,0,0,1,0,167,0,benign
53065.0,5355.0,17,0.4160487651824951,4.8071287968436165,360.5346597632712,2,150,75.0,75,75,0.0,0.4126324653625488,0,0,0,0,0,0,,0,0,2,0,150,0,benign
40834.0,443.0,6,1.4368326663970947,130.1473751072967,10208.565230341326,187,14668,78.43850267379679,66,953,86.1210089757039,0.0076877737558016,1,0,0,0,5,186,64240.0,0,192,187,0,14668,0,benign
443.0,40834.0,6,1.3121576309204102,143.2754690213003,392205.9269959888,188,514636,2737.425531914894,66,2962,651.044738178062,0.0070182461152102,1,0,0,0,176,188,41352.0,0,365,188,0,514636,0,benign
58778.0,5355.0,17,0.4202713966369629,4.758829689586588,356.91222671899413,2,150,75.0,75,75,0.0,0.4132094383239746,0,0,0,0,0,0,,0,0,2,0,150,0,benign
443.0,48178.0,6,0.0002710819244384,7377.8434476693055,575471.7889182058,2,156,78.0,66,90,16.97056274847714,2.384185791015625e-07,0,0,1,0,1,2,80.0,0,4,2,0,156,0,benign
53402.0,80.0,6,1e-06,1000000.0,66000000.0,1,66,66.0,66,66,0.0,0.0,0,0,0,0,0,1,495.0,0,1,1,0,66,0,benign
48913.0,53.0,17,1e-06,1000000.0,87000000.0,1,87,87.0,87,87,0.0,0.0,0,0,0,0,0,0,,0,0,1,0,87,0,benign
34004.0,53.0,17,1e-06,1000000.0,87000000.0,1,87,87.0,87,87,0.0,0.0,0,0,0,0,0,0,,0,0,1,0,87,0,benign
53.0,48913.0,17,1e-06,1000000.0,278000000.0,1,278,278.0,278,278,0.0,0.0,0,0,0,0,0,0,,0,0,1,0,278,0,benign
53.0,34004.0,17,1e-06,1000000.0,314000000.0,1,314,314.0,314,314,0.0,0.0,0,0,0,0,0,0,,0,0,1,0,314,0,benign
58782.0,5355.0,17,0.4159903526306152,4.807803804469306,360.5852853351979,2,150,75.0,75,75,0.0,0.41448974609375,0,0,0,0,0,0,,0,0,2,0,150,0,benign
137.0,137.0,17,1.5124223232269287,1.9835729438316885,182.48871083251527,3,276,92.0,92,92,0.0,0.7565125226974487,0,0,0,0,0,0,,0,0,3,0,276,0,benign
5353.0,5353.0,17,0.0008177757263183,2445.658309037901,237228.8559766764,2,194,97.0,91,103,8.48528137423857,0.0009973049163818,0,0,0,0,0,0,,0,0,2,0,194,0,benign
5353.0,5353.0,17,1e-06,1000000.0,91000000.0,1,91,91.0,91,91,0.0,0.0,0,0,0,0,0,0,,0,0,1,0,91,0,benign
5353.0,5353.0,17,1e-06,1000000.0,132000000.0,1,132,132.0,132,132,0.0,0.0,0,0,0,0,0,0,,0,0,1,0,132,0,benign
5353.0,5353.0,17,1e-06,1000000.0,133000000.0,1,133,133.0,133,133,0.0,0.0,0,0,0,0,0,0,,0,0,1,0,133,0,benign
443.0,55008.0,6,0.00028657913208,6978.875207986689,544352.2662229617,2,156,78.0,66,90,16.97056274847714,2.384185791015625e-07,0,0,1,0,1,2,78.0,0,4,2,0,156,0,benign
48030.0,443.0,6,0.6033005714416504,24.8632285630957,3101.27337610347,15,1871,124.73333333333332,66,583,145.94150817887217,0.043157730783735,1,0,1,0,3,14,64240.0,0,19,15,0,1871,0,benign
443.0,48030.0,6,0.6050231456756592,23.13961060839335,43193.388859224535,14,26133,1866.642857142857,66,2962,1382.66535286814,0.0463338081653301,1,0,1,0,10,14,41352.0,0,26,14,0,26133,0,benign
5353.0,5353.0,17,1e-06,1000000.0,136000000.0,1,136,136.0,136,136,0.0,0.0,0,0,0,0,0,0,,0,0,1,0,136,0,benign
38142.0,443.0,6,1e-06,1000000.0,66000000.0,1,66,66.0,66,66,0.0,0.0,0,0,0,0,0,1,713.0,0,1,1,0,66,0,benign
49925.0,21027.0,17,1e-06,1000000.0,343000000.0,1,343,343.0,343,343,0.0,0.0,0,0,0,0,0,0,,0,0,1,0,343,0,benign
57621.0,57621.0,17,1e-06,1000000.0,86000000.0,1,86,86.0,86,86,0.0,0.0,0,0,0,0,0,0,,0,0,1,0,86,0,benign
5353.0,5353.0,17,14.071200847625732,1.4924099390950971,120.88520506670288,21,1701,81.0,81,81,0.0,0.7026076793670655,0,0,0,0,0,0,,0,0,21,0,1701,0,benign
17500.0,17500.0,17,0.0027844905853271,1436.5284699032452,252829.01070297117,4,704,176.0,176,176,0.0,0.0011333624521891,0,0,0,0,0,0,,0,0,4,0,704,0,benign
17500.0,17500.0,17,1e-06,1000000.0,176000000.0,1,176,176.0,176,176,0.0,0.0,0,0,0,0,0,0,,0,0,1,0,176,0,benign
35628.0,443.0,6,0.7349421977996826,20.40976833948026,2575.712764442409,15,1893,126.2,66,583,148.37125251014285,0.0525023426328386,1,0,1,0,3,14,64240.0,0,19,15,0,1893,0,benign
443.0,35628.0,6,0.7500095367431641,17.333112931404987,33928.90190503559,13,25447,1957.4615384615383,66,2962,1353.3101772681073,0.0612798929214477,1,0,1,0,9,13,41352.0,0,24,13,0,25447,0,benign
37112.0,443.0,6,1e-06,1000000.0,66000000.0,1,66,66.0,66,66,0.0,0.0,0,0,0,0,0,1,501.0,0,1,1,0,66,0,benign
5353.0,5353.0,17,0.7765774726867676,7.726209181991169,1595.4621960811764,6,1239,206.5,93,363,126.54445859064712,0.1545750617980957,0,0,0,0,0,0,,0,0,6,0,1239,0,benign
57621.0,57621.0,17,3.0608482360839844,0.9801204661614216,84.29036008988227,3,258,86.0,86,86,0.0,1.5299644470214844,0,0,0,0,0,0,,0,0,3,0,258,0,benign
65037.0,1900.0,17,3.038315773010254,1.3165188541403463,279.1019970777534,4,848,212.0,212,212,0.0,1.0129257837931316,0,0,0,0,0,0,,0,0,4,0,848,0,benign
53204.0,5355.0,17,0.4106130599975586,4.870765679035858,365.3074259276893,2,150,75.0,75,75,0.0,0.4193861484527588,0,0,0,0,0,0,,0,0,2,0,150,0,benign
5353.0,5353.0,17,4.55903697013855,1.535411984120688,288.4381084455292,7,1315,187.8571428571429,82,363,131.69336679249588,0.7601584990819296,0,0,0,0,0,0,,0,0,7,0,1315,0,benign
57676.0,5355.0,17,0.4204275608062744,4.7570620635918885,356.77965476939164,2,150,75.0,75,75,0.0,0.4163682460784912,0,0,0,0,0,0,,0,0,2,0,150,0,benign
62898.0,1900.0,17,1e-06,1000000.0,167000000.0,1,167,167.0,167,167,0.0,0.0,0,0,0,0,0,0,,0,0,1,0,167,0,benign
60120.0,443.0,6,0.6703276634216309,19.393500685385117,2607.679938311783,13,1748,134.46153846153845,66,583,156.53733068324595,0.0558911561965942,1,0,1,0,3,12,64240.0,0,17,13,0,1748,0,benign
17500.0,17500.0,17,1e-06,1000000.0,176000000.0,1,176,176.0,176,176,0.0,0.0,0,0,0,0,0,0,,0,0,1,0,176,0,benign
137.0,137.0,17,14.799280405044556,1.1487045001326752,105.68081401220611,17,1564,92.0,92,92,0.0,0.925038844347,0,0,0,0,0,0,,0,0,17,0,1564,0,benign
443.0,60120.0,6,0.6690120697021484,20.92637881142108,31184.788653048425,14,20863,1490.2142857142858,66,2962,1349.056033424365,0.0514305921701284,1,0,1,0,10,14,41352.0,0,26,14,0,20863,0,benign
5353.0,5353.0,17,14.981109619140623,1.1347624062692885,228.95500314727408,17,3430,201.76470588235293,83,310,114.01509188028832,0.9375793188810349,0,0,0,0,0,0,,0,0,17,0,3430,0,benign
5353.0,5353.0,17,0.7824220657348633,7.668495384731647,1928.626589260009,6,1509,251.5,93,453,175.21843510315915,0.1581523418426513,0,0,0,0,0,0,,0,0,6,0,1509,0,benign
57621.0,57621.0,17,1e-06,1000000.0,86000000.0,1,86,86.0,86,86,0.0,0.0,0,0,0,0,0,0,,0,0,1,0,86,0,benign
44438.0,443.0,6,1e-06,1000000.0,66000000.0,1,66,66.0,66,66,0.0,0.0,0,0,0,0,0,1,501.0,0,1,1,0,66,0,benign
5353.0,5353.0,17,15.364888429641724,2.668421589115049,378.8507822009439,41,5821,141.97560975609755,70,509,112.52032878659706,0.3841508626937866,0,0,0,0,0,0,,0,0,41,0,5821,0,benign
5353.0,5353.0,17,10.024086236953735,6.085342699379805,481.5401509820708,61,4827,79.1311475409836,70,93,4.333879746970627,0.1669398387273152,0,0,0,0,0,0,,0,0,61,0,4827,0,benign
5353.0,5353.0,17,10.01778769493103,5.989346333458416,471.86066863763216,60,4727,78.78333333333333,70,93,4.6398848125192,0.169679787199376,0,0,0,0,0,0,,0,0,60,0,4727,0,benign
5353.0,5353.0,17,9.996187925338743,0.2000762705681351,17.20655926885962,2,172,86.0,86,86,0.0,10.00337815284729,0,0,0,0,0,0,,0,0,2,0,172,0,benign
5353.0,5353.0,17,1e-06,1000000.0,139000000.0,1,139,139.0,139,139,0.0,0.0,0,0,0,0,0,0,,0,0,1,0,139,0,benign
5353.0,5353.0,17,1e-06,1000000.0,139000000.0,1,139,139.0,139,139,0.0,0.0,0,0,0,0,0,0,,0,0,1,0,139,0,benign
5353.0,5353.0,17,1e-06,1000000.0,139000000.0,1,139,139.0,139,139,0.0,0.0,0,0,0,0,0,0,,0,0,1,0,139,0,benign
5353.0,5353.0,17,1e-06,1000000.0,139000000.0,1,139,139.0,139,139,0.0,0.0,0,0,0,0,0,0,,0,0,1,0,139,0,benign
53538.0,5355.0,17,0.4162874221801758,4.804372876618809,360.3279657464107,2,150,75.0,75,75,0.0,0.4171936511993408,0,0,0,0,0,0,,0,0,2,0,150,0,benign
5353.0,5353.0,17,6.114041090011597,1.635579456006082,151.94533146296502,10,929,92.9,92,94,0.9944289260117531,0.6794340875413682,0,0,0,0,0,0,,0,0,10,0,929,0,benign
51273.0,1900.0,17,3.003380537033081,1.3318325635656676,283.6803360394872,4,852,213.0,213,213,0.0,1.0009481112162273,0,0,0,0,0,0,,0,0,4,0,852,0,benign
137.0,137.0,17,1.5193090438842771,1.9745818088005167,181.66152640964756,3,276,92.0,92,92,0.0,0.7599818706512451,0,0,0,0,0,0,,0,0,3,0,276,0,benign
5353.0,5353.0,17,1e-06,1000000.0,484000000.0,1,484,484.0,484,484,0.0,0.0,0,0,0,0,0,0,,0,0,1,0,484,0,benign
52039.0,1900.0,17,3.0396149158477783,1.3159561690347743,278.98270783537214,4,848,212.0,212,212,0.0,1.0067678292592366,0,0,0,0,0,0,,0,0,4,0,848,0,benign
63721.0,5355.0,17,1e-06,1000000.0,69000000.0,1,69,69.0,69,69,0.0,0.0,0,0,0,0,0,0,,0,0,1,0,69,0,benign
52277.0,5355.0,17,1e-06,1000000.0,69000000.0,1,69,69.0,69,69,0.0,0.0,0,0,0,0,0,0,,0,0,1,0,69,0,benign
137.0,137.0,17,12.055689334869385,0.9124322711422272,83.94376894508491,11,1012,92.0,92,92,0.0,1.2055255651474,0,0,0,0,0,0,,0,0,11,0,1012,0,benign
58725.0,5355.0,17,0.4147524833679199,4.822153164121826,361.6614873091369,2,150,75.0,75,75,0.0,0.4189679622650146,0,0,0,0,0,0,,0,0,2,0,150,0,benign
52473.0,5355.0,17,0.4066200256347656,4.918596905988198,339.38318651318565,2,138,69.0,69,69,0.0,0.4089570045471191,0,0,0,0,0,0,,0,0,2,0,138,0,benign
65466.0,5355.0,17,0.4071700572967529,4.911952546997737,338.92472574284386,2,138,69.0,69,69,0.0,0.4095866680145263,0,0,0,0,0,0,,0,0,2,0,138,0,benign
48178.0,443.0,6,0.0356674194335937,56.07358288770053,3700.8564705882354,2,132,66.0,66,66,0.0,0.0436458587646484,0,0,0,0,0,2,501.0,0,2,2,0,132,0,benign
5353.0,5353.0,17,0.7762730121612549,7.729239463439729,2028.9253591529289,6,1575,262.5,93,475,187.16596912900596,0.1568311691284179,0,0,0,0,0,0,,0,0,6,0,1575,0,benign
56018.0,443.0,6,0.734321117401123,20.4270306880011,2552.017033954271,15,1874,124.93333333333334,66,583,146.26222374638672,0.0524475744792393,1,0,1,0,3,14,64240.0,0,19,15,0,1874,0,benign
443.0,56018.0,6,0.7241053581237793,20.715217518713462,31494.035700950702,15,22805,1520.3333333333333,66,2962,1309.212176772552,0.0523722001484462,1,0,1,0,10,15,41352.0,0,27,15,0,22805,0,benign
55008.0,443.0,6,1e-06,1000000.0,66000000.0,1,66,66.0,66,66,0.0,0.0,0,0,0,0,0,1,6006.0,0,1,1,0,66,0,benign
48030.0,443.0,6,1e-06,1000000.0,66000000.0,1,66,66.0,66,66,0.0,0.0,0,0,0,0,0,1,569.0,0,1,1,0,66,0,benign
61348.0,5355.0,17,0.4088623523712158,4.8916218096406014,366.87163572304513,2,150,75.0,75,75,0.0,0.4138634204864502,0,0,0,0,0,0,,0,0,2,0,150,0,benign
58949.0,3702.0,17,6.710750818252564,1.0431023576319818,723.9130361965954,7,4858,694.0,694,694,0.0,1.117924412091573,0,0,0,0,0,0,,0,0,7,0,4858,0,benign
56390.0,5355.0,17,0.4183797836303711,4.780345700850005,344.1848904612004,2,144,72.0,72,72,0.0,0.4182412624359131,0,0,0,0,0,0,,0,0,2,0,144,0,benign
5353.0,5353.0,17,1e-06,1000000.0,300000000.0,1,300,300.0,300,300,0.0,0.0,0,0,0,0,0,0,,0,0,1,0,300,0,benign
42740.0,1900.0,17,3.005230665206909,1.3310126394988724,279.5126542947632,4,840,210.0,210,210,0.0,1.0008948644002278,0,0,0,0,0,0,,0,0,4,0,840,0,benign
38666.0,1900.0,17,3.0110023021698,1.3284612891585983,278.9768707233057,4,840,210.0,210,210,0.0,1.0008684794108074,0,0,0,0,0,0,,0,0,4,0,840,0,benign
56393.0,1900.0,17,3.0667877197265625,1.3042963405229246,233.46904495360351,4,716,179.0,179,179,0.0,1.022530237833659,0,0,0,0,0,0,,0,0,4,0,716,0,benign
55599.0,5355.0,17,0.4214928150177002,4.745039366604653,341.642834395535,2,144,72.0,72,72,0.0,0.4173834323883056,0,0,0,0,0,0,,0,0,2,0,144,0,benign
50210.0,1900.0,17,3.030729055404663,1.3198144495519477,279.8006633050129,4,848,212.0,212,212,0.0,1.0123337109883626,0,0,0,0,0,0,,0,0,4,0,848,0,benign
5353.0,5353.0,17,1e-06,1000000.0,87000000.0,1,87,87.0,87,87,0.0,0.0,0,0,0,0,0,0,,0,0,1,0,87,0,benign
137.0,137.0,17,13.420904636383057,1.788255013372036,164.51946123022728,24,2208,92.0,92,92,0.0,0.5836316191631815,0,0,0,0,0,0,,0,0,24,0,2208,0,benign
5353.0,5353.0,17,12.90776538848877,1.2395638995940308,100.4046758671165,16,1296,81.0,81,81,0.0,0.860875940322876,0,0,0,0,0,0,,0,0,16,0,1296,0,benign
56777.0,5355.0,17,0.4059157371520996,4.92713097065903,369.5348227994272,2,150,75.0,75,75,0.0,0.4107840061187744,0,0,0,0,0,0,,0,0,2,0,150,0,benign
52146.0,5355.0,17,0.4167003631591797,4.799611847796733,345.5720530413648,2,144,72.0,72,72,0.0,0.415410041809082,0,0,0,0,0,0,,0,0,2,0,144,0,benign
5353.0,5353.0,17,15.061546802520752,1.5270675915006713,123.69247491155436,23,1863,81.0,81,81,0.0,0.6846581805836071,0,0,0,0,0,0,,0,0,23,0,1863,0,benign
55487.0,5355.0,17,0.4217123985290527,4.742568648624201,355.69264864681503,2,150,75.0,75,75,0.0,0.4187233448028564,0,0,0,0,0,0,,0,0,2,0,150,0,benign
54578.0,443.0,6,0.6337618827819824,20.51243590563504,2775.4903660009254,13,1759,135.30769230769232,66,583,157.82975248422196,0.0531715353329976,1,0,1,0,3,12,64240.0,0,17,13,0,1759,0,benign
443.0,54578.0,6,0.6362271308898926,18.861188744364878,30864.76361442442,12,19637,1636.4166666666667,66,2962,1286.3951364062666,0.0579117211428555,1,0,1,0,8,12,41352.0,0,22,12,0,19637,0,benign
65440.0,5355.0,17,0.4094130992889404,4.885041547213696,351.7229913993861,2,144,72.0,72,72,0.0,0.4146711826324463,0,0,0,0,0,0,,0,0,2,0,144,0,benign
53179.0,1900.0,17,1e-06,1000000.0,179000000.0,1,179,179.0,179,179,0.0,0.0,0,0,0,0,0,0,,0,0,1,0,179,0,benign
50044.0,5355.0,17,1e-06,1000000.0,75000000.0,1,75,75.0,75,75,0.0,0.0,0,0,0,0,0,0,,0,0,1,0,75,0,benign
137.0,137.0,17,2.261988639831543,5.305066430790597,583.5573073869656,12,1320,110.0,110,110,0.0,0.2056111205707896,0,0,0,0,0,0,,0,0,12,0,1320,0,benign
5353.0,5353.0,17,1e-06,1000000.0,83000000.0,1,83,83.0,83,83,0.0,0.0,0,0,0,0,0,0,,0,0,1,0,83,0,benign
5353.0,5353.0,17,1e-06,1000000.0,132000000.0,1,132,132.0,132,132,0.0,0.0,0,0,0,0,0,0,,0,0,1,0,132,0,benign
5353.0,5353.0,17,4.09513521194458,0.4883843625398384,120.6309375473401,2,494,247.0,132,362,162.63455967290594,4.09458589553833,0,0,0,0,0,0,,0,0,2,0,494,0,benign
5353.0,5353.0,17,1e-06,1000000.0,139000000.0,1,139,139.0,139,139,0.0,0.0,0,0,0,0,0,0,,0,0,1,0,139,0,benign
5353.0,5353.0,17,4.868810653686523,4.929335253945004,2301.3833966855736,24,11205,466.875,84,1514,521.8609103799677,0.2109362353449282,0,0,0,0,0,0,,0,0,24,0,11205,0,benign
5353.0,5353.0,17,1e-06,1000000.0,139000000.0,1,139,139.0,139,139,0.0,0.0,0,0,0,0,0,0,,0,0,1,0,139,0,benign
35628.0,443.0,6,1e-06,1000000.0,66000000.0,1,66,66.0,66,66,0.0,0.0,0,0,0,0,0,1,501.0,0,1,1,0,66,0,benign
50603.0,5355.0,17,0.4143309593200683,4.827059033392219,362.0294275044165,2,150,75.0,75,75,0.0,0.4161672592163086,0,0,0,0,0,0,,0,0,2,0,150,0,benign
5353.0,5353.0,17,1e-06,1000000.0,87000000.0,1,87,87.0,87,87,0.0,0.0,0,0,0,0,0,0,,0,0,1,0,87,0,benign
61534.0,5355.0,17,0.419447660446167,4.768175361551898,357.6131521163923,2,150,75.0,75,75,0.0,0.4194765090942383,0,0,0,0,0,0,,0,0,2,0,150,0,benign
52493.0,1900.0,17,1e-06,1000000.0,167000000.0,1,167,167.0,167,167,0.0,0.0,0,0,0,0,0,0,,0,0,1,0,167,0,benign
5353.0,5353.0,17,0.7752528190612793,7.739410747664413,1598.1883193927015,6,1239,206.5,93,363,126.54445859064712,0.155202054977417,0,0,0,0,0,0,,0,0,6,0,1239,0,benign
55691.0,5355.0,17,0.4121246337890625,4.8529008848902215,310.5856566329742,2,128,64.0,64,64,0.0,0.4102663993835449,0,0,0,0,0,0,,0,0,2,0,128,0,benign
53428.0,5355.0,17,0.409419298171997,4.884967584404875,312.637925401912,2,128,64.0,64,64,0.0,0.4096372127532959,0,0,0,0,0,0,,0,0,2,0,128,0,benign
53429.0,1900.0,17,2.9997687339782715,1.3334361261560417,282.6884587450808,4,848,212.0,212,212,0.0,1.00049622853597,0,0,0,0,0,0,,0,0,4,0,848,0,benign
52874.0,1900.0,17,12.001907348632812,0.6665607196935505,118.4811679255286,8,1422,177.75,169,179,3.5355339059327378,1.7143418107713972,0,0,0,0,0,0,,0,0,8,0,1422,0,benign
53711.0,5355.0,17,0.4107060432434082,4.86966294482958,365.2247208622185,2,150,75.0,75,75,0.0,0.4100167751312256,0,0,0,0,0,0,,0,0,2,0,150,0,benign
55932.0,1900.0,17,1e-06,1000000.0,167000000.0,1,167,167.0,167,167,0.0,0.0,0,0,0,0,0,0,,0,0,1,0,167,0,benign
54666.0,1900.0,17,1e-06,1000000.0,167000000.0,1,167,167.0,167,167,0.0,0.0,0,0,0,0,0,0,,0,0,1,0,167,0,benign
49524.0,443.0,6,0.7720637321472168,16.837988185049426,2299.0330021894406,13,1775,136.53846153846155,66,583,159.79498082679535,0.0643931229909261,1,0,1,0,3,12,64240.0,0,17,13,0,1775,0,benign
60120.0,443.0,6,1e-06,1000000.0,66000000.0,1,66,66.0,66,66,0.0,0.0,0,0,0,0,0,1,501.0,0,1,1,0,66,0,benign
443.0,49524.0,6,0.7803378105163574,16.659451618008575,27071.60887926393,13,21125,1625.0,66,2962,1317.32272684664,0.0642537275950114,1,0,1,0,9,13,41352.0,0,24,13,0,21125,0,benign
56561.0,5355.0,17,0.4216189384460449,4.743619931712205,355.7714948784153,2,150,75.0,75,75,0.0,0.4071941375732422,0,0,0,0,0,0,,0,0,2,0,150,0,benign
,,17,0.4766011238098144,75.5348617565695,106799.99995197624,36,50901,1413.9166666666667,313,1514,336.64745230412353,0.0147617271968296,0,0,0,0,0,0,,0,0,36,0,50901,0,benign
64579.0,5355.0,17,0.4132711887359619,4.839437286003975,362.9577964502981,2,150,75.0,75,75,0.0,0.4185478687286377,0,0,0,0,0,0,,0,0,2,0,150,0,benign
137.0,137.0,17,14.807122468948364,1.1480961297949863,105.62484394113876,17,1564,92.0,92,92,0.0,0.9253374934196472,0,0,0,0,0,0,,0,0,17,0,1564,0,benign
53707.0,5355.0,17,0.4150869846343994,4.81826719226468,361.37003941985097,2,150,75.0,75,75,0.0,0.4154345989227295,0,0,0,0,0,0,,0,0,2,0,150,0,benign
5353.0,5353.0,17,12.950793266296388,1.0037995150329262,187.94215535308788,13,2434,187.23076923076923,70,509,168.24989046363638,1.0784297784169514,0,0,0,0,0,0,,0,0,13,0,2434,0,benign
57621.0,57621.0,17,1e-06,1000000.0,86000000.0,1,86,86.0,86,86,0.0,0.0,0,0,0,0,0,0,,0,0,1,0,86,0,benign
5353.0,5353.0,17,1e-06,1000000.0,87000000.0,1,87,87.0,87,87,0.0,0.0,0,0,0,0,0,0,,0,0,1,0,87,0,benign
5353.0,5353.0,17,1e-06,1000000.0,87000000.0,1,87,87.0,87,87,0.0,0.0,0,0,0,0,0,0,,0,0,1,0,87,0,benign
5353.0,5353.0,17,1.007634162902832,1.9848473519777472,168.7120249181085,2,170,85.0,85,85,0.0,1.0098247528076172,0,0,0,0,0,0,,0,0,2,0,170,0,benign
5353.0,5353.0,17,15.052403926849363,1.2622568522831894,238.50011051035,19,3590,188.94736842105263,83,310,113.16383093364658,0.8362022373411391,0,0,0,0,0,0,,0,0,19,0,3590,0,benign
60648.0,5355.0,17,0.413079023361206,4.841688604098284,363.1266453073713,2,150,75.0,75,75,0.0,0.412250280380249,0,0,0,0,0,0,,0,0,2,0,150,0,benign
64250.0,5355.0,17,0.4174380302429199,4.7911303118121245,359.33477338590933,2,150,75.0,75,75,0.0,0.4183433055877685,0,0,0,0,0,0,,0,0,2,0,150,0,benign
63246.0,1900.0,17,1e-06,1000000.0,167000000.0,1,167,167.0,167,167,0.0,0.0,0,0,0,0,0,0,,0,0,1,0,167,0,benign
57788.0,5355.0,17,0.4119043350219726,4.8554963615357725,364.1622271151829,2,150,75.0,75,75,0.0,0.408710241317749,0,0,0,0,0,0,,0,0,2,0,150,0,benign
51428.0,1900.0,17,1e-06,1000000.0,167000000.0,1,167,167.0,167,167,0.0,0.0,0,0,0,0,0,0,,0,0,1,0,167,0,benign
5353.0,5353.0,17,1.0041463375091553,1.9917415672312453,169.29803321465585,2,170,85.0,85,85,0.0,1.000817060470581,0,0,0,0,0,0,,0,0,2,0,170,0,benign
44330.0,443.0,6,0.7340929508209229,19.071154387661743,2476.525619769218,14,1818,129.85714285714286,66,583,151.9579178299334,0.0564687252044677,1,0,1,0,3,13,64240.0,0,18,14,0,1818,0,benign
443.0,44330.0,6,0.7290406227111816,20.57498516916311,31622.380539325757,15,23054,1536.9333333333334,66,2962,1322.068156156788,0.0521625620978219,1,0,1,0,10,15,41352.0,0,27,15,0,23054,0,benign
56018.0,443.0,6,1e-06,1000000.0,66000000.0,1,66,66.0,66,66,0.0,0.0,0,0,0,0,0,1,501.0,0,1,1,0,66,0,benign
49852.0,5355.0,17,0.4190113544464111,4.773140342801348,357.9855257101011,2,150,75.0,75,75,0.0,0.4146888256072998,0,0,0,0,0,0,,0,0,2,0,150,0,benign
52368.0,1900.0,17,3.026496648788452,1.321660145105812,280.1919507624322,4,848,212.0,212,212,0.0,1.0085970560709636,0,0,0,0,0,0,,0,0,4,0,848,0,benign
59210.0,5355.0,17,0.395188570022583,5.060875115608,379.5656336706,2,150,75.0,75,75,0.0,0.3995540142059326,0,0,0,0,0,0,,0,0,2,0,150,0,benign
5353.0,5353.0,17,10.039129495620728,3.9844092077354727,315.06715810168254,40,3163,79.075,70,82,3.9832180006906026,0.2568166928413586,0,0,0,0,0,0,,0,0,40,0,3163,0,benign
5353.0,5353.0,17,10.027247428894045,3.390761047944943,267.77039452153446,34,2685,78.97058823529412,70,82,3.950337876747185,0.3033192013249253,0,0,0,0,0,0,,0,0,34,0,2685,0,benign
5353.0,5353.0,17,10.010988712310793,0.1997804669922906,17.181120161336995,2,172,86.0,86,86,0.0,10.004147291183472,0,0,0,0,0,0,,0,0,2,0,172,0,benign
137.0,137.0,17,8.500794410705566,0.3529081936415164,32.46755381501951,3,276,92.0,92,92,0.0,4.2482991218566895,0,0,0,0,0,0,,0,0,3,0,276,0,benign
51347.0,5355.0,17,0.4048819541931152,4.939711388189128,316.1415288441042,2,128,64.0,64,64,0.0,0.4059867858886719,0,0,0,0,0,0,,0,0,2,0,128,0,benign
5353.0,5353.0,17,1e-06,1000000.0,87000000.0,1,87,87.0,87,87,0.0,0.0,0,0,0,0,0,0,,0,0,1,0,87,0,benign
49925.0,21027.0,17,1e-06,1000000.0,343000000.0,1,343,343.0,343,343,0.0,0.0,0,0,0,0,0,0,,0,0,1,0,343,0,benign
50036.0,1900.0,17,1e-06,1000000.0,167000000.0,1,167,167.0,167,167,0.0,0.0,0,0,0,0,0,0,,0,0,1,0,167,0,benign
55625.0,5355.0,17,0.415269136428833,4.8161537291196,361.21152968397,2,150,75.0,75,75,0.0,0.4146807193756103,0,0,0,0,0,0,,0,0,2,0,150,0,benign
5353.0,5353.0,17,14.054283142089844,2.0634279035656142,167.13766018881475,29,2349,81.0,81,81,0.0,0.5020075951303754,0,0,0,0,0,0,,0,0,29,0,2349,0,benign
44344.0,443.0,6,0.5759241580963135,24.30875628880763,3135.829561256184,14,1806,129.0,66,583,150.61821322086567,0.0444443042461688,1,0,1,0,3,13,64240.0,0,18,14,0,1806,0,benign
443.0,44344.0,6,0.5810930728912354,25.813420775035787,37696.198805143926,15,21905,1460.3333333333333,66,2962,1290.159163307639,0.0412417309624808,1,0,1,0,10,15,41352.0,0,27,15,0,21905,0,benign
54578.0,443.0,6,1e-06,1000000.0,66000000.0,1,66,66.0,66,66,0.0,0.0,0,0,0,0,0,1,501.0,0,1,1,0,66,0,benign
17500.0,17500.0,17,0.0050456523895263,792.7617067523508,139526.06038841375,4,704,176.0,176,176,0.0,0.0013932387034098,0,0,0,0,0,0,,0,0,4,0,704,0,benign
17500.0,17500.0,17,1e-06,1000000.0,176000000.0,1,176,176.0,176,176,0.0,0.0,0,0,0,0,0,0,,0,0,1,0,176,0,benign
57879.0,5355.0,17,0.4127562046051025,4.845475313722942,363.4106485292206,2,150,75.0,75,75,0.0,0.4132564067840576,0,0,0,0,0,0,,0,0,2,0,150,0,benign
5353.0,5353.0,17,0.8093752861022949,7.413124792695579,1669.188599155288,6,1351,225.16666666666663,91,401,148.7338786782173,0.1610072612762451,0,0,0,0,0,0,,0,0,6,0,1351,0,benign
54159.0,1900.0,17,3.0308916568756104,1.3197436440612969,279.78565254099493,4,848,212.0,212,212,0.0,1.0102369785308838,0,0,0,0,0,0,,0,0,4,0,848,0,benign
57621.0,57621.0,17,1e-06,1000000.0,86000000.0,1,86,86.0,86,86,0.0,0.0,0,0,0,0,0,0,,0,0,1,0,86,0,benign
57524.0,5355.0,17,0.4094038009643554,4.885152495626509,366.3864371719882,2,150,75.0,75,75,0.0,0.4126865863800049,0,0,0,0,0,0,,0,0,2,0,150,0,benign
65002.0,5355.0,17,1e-06,1000000.0,64000000.0,1,64,64.0,64,64,0.0,0.0,0,0,0,0,0,0,,0,0,1,0,64,0,benign
443.0,48460.0,6,0.0002374649047851,8422.29718875502,656939.1807228916,2,156,78.0,66,90,16.97056274847714,0.0,0,0,1,0,1,2,269.0,0,4,2,0,156,0,benign
5353.0,5353.0,17,1e-06,1000000.0,87000000.0,1,87,87.0,87,87,0.0,0.0,0,0,0,0,0,0,,0,0,1,0,87,0,benign
17500.0,17500.0,17,1e-06,1000000.0,176000000.0,1,176,176.0,176,176,0.0,0.0,0,0,0,0,0,0,,0,0,1,0,176,0,benign
57621.0,57621.0,17,1e-06,1000000.0,86000000.0,1,86,86.0,86,86,0.0,0.0,0,0,0,0,0,0,,0,0,1,0,86,0,benign
36840.0,443.0,6,0.605480432510376,21.470553467930976,2873.7510026307614,13,1740,133.84615384615384,66,583,155.62821410541542,0.0506327152252197,1,0,1,0,3,12,64240.0,0,17,13,0,1740,0,benign
443.0,36840.0,6,0.6109428405761719,18.004957697230807,32007.90434266804,11,19555,1777.7272727272727,66,2962,1374.2905144771312,0.0611402988433837,1,0,1,0,7,11,41352.0,0,20,11,0,19555,0,benign
49524.0,443.0,6,1e-06,1000000.0,66000000.0,1,66,66.0,66,66,0.0,0.0,0,0,0,0,0,1,501.0,0,1,1,0,66,0,benign
5353.0,5353.0,17,1e-06,1000000.0,87000000.0,1,87,87.0,87,87,0.0,0.0,0,0,0,0,0,0,,0,0,1,0,87,0,benign
60219.0,1900.0,17,1e-06,1000000.0,167000000.0,1,167,167.0,167,167,0.0,0.0,0,0,0,0,0,0,,0,0,1,0,167,0,benign
5353.0,5353.0,17,12.80047869682312,0.1562441567514478,13.98385202925458,2,179,89.5,87,92,3.5355339059327378,12.81893754005432,0,0,0,0,0,0,,0,0,2,0,179,0,benign
5353.0,5353.0,17,1e-06,1000000.0,108000000.0,1,108,108.0,108,108,0.0,0.0,0,0,0,0,0,0,,0,0,1,0,108,0,benign
64951.0,1900.0,17,1e-06,1000000.0,167000000.0,1,167,167.0,167,167,0.0,0.0,0,0,0,0,0,0,,0,0,1,0,167,0,benign
137.0,137.0,17,14.060738563537598,1.3512803693876314,124.3177939836621,19,1748,92.0,92,92,0.0,0.7810792260699801,0,0,0,0,0,0,,0,0,19,0,1748,0,benign
51345.0,1900.0,17,3.026609182357788,1.3216110039301214,280.1815328331857,4,848,212.0,212,212,0.0,1.0110902786254885,0,0,0,0,0,0,,0,0,4,0,848,0,benign
138.0,138.0,17,1e-06,1000000.0,258000000.0,1,258,258.0,258,258,0.0,0.0,0,0,0,0,0,0,,0,0,1,0,258,0,benign
53197.0,1900.0,17,3.012522459030152,1.327790930822722,286.80284105770795,4,864,216.0,216,216,0.0,1.003904898961385,0,0,0,0,0,0,,0,0,4,0,864,0,benign
58621.0,5355.0,17,0.4176788330078125,4.788368099952508,359.1276074964381,2,150,75.0,75,75,0.0,0.415987491607666,0,0,0,0,0,0,,0,0,2,0,150,0,benign
49153.0,5355.0,17,1e-06,1000000.0,72000000.0,1,72,72.0,72,72,0.0,0.0,0,0,0,0,0,0,,0,0,1,0,72,0,benign
5353.0,5353.0,17,14.988575458526611,1.53450206549922,315.90727304951326,23,4735,205.8695652173913,83,385,117.71780754600697,0.6824457537044178,0,0,0,0,0,0,,0,0,23,0,4735,0,benign
137.0,137.0,17,1.5230729579925537,1.9697020974977264,181.21259296979085,3,276,92.0,92,92,0.0,0.7607282400131226,0,0,0,0,0,0,,0,0,3,0,276,0,benign
53808.0,1900.0,17,3.0640227794647217,1.3054733231124318,233.6797248371253,4,716,179.0,179,179,0.0,1.0213534037272136,0,0,0,0,0,0,,0,0,4,0,716,0,benign
65049.0,5355.0,17,0.4015500545501709,4.980699111697204,358.6103360421987,2,144,72.0,72,72,0.0,0.4064764976501465,0,0,0,0,0,0,,0,0,2,0,144,0,benign
57621.0,57621.0,17,1e-06,1000000.0,86000000.0,1,86,86.0,86,86,0.0,0.0,0,0,0,0,0,0,,0,0,1,0,86,0,benign
36842.0,443.0,6,0.4654247760772705,27.93147393133562,3760.0061061413335,13,1750,134.6153846153846,66,583,156.76869291067996,0.038762350877126,1,0,1,0,3,12,64240.0,0,17,13,0,1750,0,benign
443.0,36842.0,6,0.4662034511566162,23.5948489285307,42076.05059836893,11,19616,1783.2727272727273,66,2962,1376.668594172838,0.0465077400207519,1,0,1,0,7,11,41352.0,0,20,11,0,19616,0,benign
61290.0,5355.0,17,0.4333341121673584,4.615376320125884,332.3070950490637,2,144,72.0,72,72,0.0,0.4290995597839355,0,0,0,0,0,0,,0,0,2,0,144,0,benign
57628.0,1900.0,17,2.998728513717652,1.333898677957022,282.7865197268886,4,848,212.0,212,212,0.0,1.000532865524292,0,0,0,0,0,0,,0,0,4,0,848,0,benign
50625.0,1900.0,17,3.013957023620605,1.3271589371220964,281.35769466988444,4,848,212.0,212,212,0.0,1.0048453013102214,0,0,0,0,0,0,,0,0,4,0,848,0,benign
56603.0,3702.0,17,7.038538455963135,0.9945246507916022,694.1782062525384,7,4886,698.0,698,698,0.0,1.1734062433242798,0,0,0,0,0,0,,0,0,7,0,4886,0,benign
51399.0,5355.0,17,0.4111959934234619,4.86386062118154,350.1979647250709,2,144,72.0,72,72,0.0,0.4114048480987549,0,0,0,0,0,0,,0,0,2,0,144,0,benign
60295.0,5355.0,17,0.3925173282623291,5.095316451006082,382.1487338254561,2,150,75.0,75,75,0.0,0.403940200805664,0,0,0,0,0,0,,0,0,2,0,150,0,benign
137.0,137.0,17,2.2875330448150635,5.245825859083992,577.0408444992391,12,1320,110.0,110,110,0.0,0.2083906043659557,0,0,0,0,0,0,,0,0,12,0,1320,0,benign
44330.0,443.0,6,1e-06,1000000.0,66000000.0,1,66,66.0,66,66,0.0,0.0,0,0,0,0,0,1,501.0,0,1,1,0,66,0,benign
53866.0,5355.0,17,0.4297950267791748,4.653380973222809,321.0832871523739,2,138,69.0,69,69,0.0,0.4252011775970459,0,0,0,0,0,0,,0,0,2,0,138,0,benign
63664.0,1900.0,17,3.026336669921875,1.3217300109915595,280.20676233021067,4,848,212.0,212,212,0.0,1.0108946959177654,0,0,0,0,0,0,,0,0,4,0,848,0,benign
5353.0,5353.0,17,0.7878842353820801,7.615331961922469,1674.1038096292891,6,1319,219.83333333333331,89,391,145.01367751583527,0.1572924137115478,0,0,0,0,0,0,,0,0,6,0,1319,0,benign
5353.0,5353.0,17,1e-06,1000000.0,87000000.0,1,87,87.0,87,87,0.0,0.0,0,0,0,0,0,0,,0,0,1,0,87,0,benign
44404.0,443.0,6,0.7367291450500488,20.360264149697773,2569.465335691859,15,1893,126.2,66,583,148.37125251014285,0.0528426851545061,1,0,1,0,3,14,64240.0,0,19,15,0,1893,0,benign
443.0,44404.0,6,0.7388894557952881,20.300736304126936,29077.42129961115,15,21485,1432.3333333333333,66,2962,1300.0614637484682,0.0526234592710222,1,0,1,0,10,15,41352.0,0,27,15,0,21485,0,benign
57458.0,1900.0,17,1e-06,1000000.0,167000000.0,1,167,167.0,167,167,0.0,0.0,0,0,0,0,0,0,,0,0,1,0,167,0,benign
56601.0,1900.0,17,6.013803482055664,0.4988523500895189,89.29457066602389,3,537,179.0,179,179,0.0,3.0090222358703613,0,0,0,0,0,0,,0,0,3,0,537,0,benign
61325.0,5355.0,17,0.4162065982818603,4.805305846318118,360.39793847385886,2,150,75.0,75,75,0.0,0.417522668838501,0,0,0,0,0,0,,0,0,2,0,150,0,benign
5353.0,5353.0,17,15.004988431930542,0.5331560258304524,128.62389123159664,8,1930,241.25,93,509,155.39511851130607,2.1442356450217117,0,0,0,0,0,0,,0,0,8,0,1930,0,benign
138.0,138.0,17,1e-06,1000000.0,243000000.0,1,243,243.0,243,243,0.0,0.0,0,0,0,0,0,0,,0,0,1,0,243,0,benign
137.0,137.0,17,14.390913248062134,1.667719038139002,153.43015150878816,24,2208,92.0,92,92,0.0,0.6257033762724503,0,0,0,0,0,0,,0,0,24,0,2208,0,benign
5353.0,5353.0,17,13.88063669204712,1.152684877140194,93.3674750483557,16,1296,81.0,81,81,0.0,0.9254107634226482,0,0,0,0,0,0,,0,0,16,0,1296,0,benign
60852.0,5355.0,17,0.4124503135681152,4.849068928322453,363.6801696241839,2,150,75.0,75,75,0.0,0.4161977767944336,0,0,0,0,0,0,,0,0,2,0,150,0,benign
138.0,138.0,17,1e-06,1000000.0,243000000.0,1,243,243.0,243,243,0.0,0.0,0,0,0,0,0,0,,0,0,1,0,243,0,benign
138.0,138.0,17,1e-06,1000000.0,243000000.0,1,243,243.0,243,243,0.0,0.0,0,0,0,0,0,0,,0,0,1,0,243,0,benign
44344.0,443.0,6,1e-06,1000000.0,66000000.0,1,66,66.0,66,66,0.0,0.0,0,0,0,0,0,1,501.0,0,1,1,0,66,0,benign
5353.0,5353.0,17,15.061776399612429,1.5270443133515008,123.69058938147155,23,1863,81.0,81,81,0.0,0.6848472248424183,0,0,0,0,0,0,,0,0,23,0,1863,0,benign
60321.0,5355.0,17,0.4137113094329834,4.834288921763155,362.5716691322366,2,150,75.0,75,75,0.0,0.41408371925354,0,0,0,0,0,0,,0,0,2,0,150,0,benign
138.0,138.0,17,6.61125922203064,0.6050284621529944,134.7700899445795,4,891,222.75,216,243,13.5,2.2030059496561685,0,0,0,0,0,0,,0,0,4,0,891,0,benign
137.0,137.0,17,11.37814450263977,1.0546535067484824,97.02812262086036,12,1104,92.0,92,92,0.0,1.0347668040882458,0,0,0,0,0,0,,0,0,12,0,1104,0,benign
138.0,138.0,17,1e-06,1000000.0,243000000.0,1,243,243.0,243,243,0.0,0.0,0,0,0,0,0,0,,0,0,1,0,243,0,benign
5353.0,5353.0,17,10.014021158218384,4.59355929782996,358.19776524600144,46,3587,77.97826086956522,70,88,4.5679517920922965,0.222447035047743,0,0,0,0,0,0,,0,0,46,0,3587,0,benign
5353.0,5353.0,17,9.991254329681396,0.2001750665137734,17.215055720184512,2,172,86.0,86,86,0.0,10.00281548500061,0,0,0,0,0,0,,0,0,2,0,172,0,benign
5353.0,5353.0,17,10.020570755004885,4.1913780189639045,326.22892247602385,42,3269,77.83333333333333,70,88,4.818241085133821,0.2441684036720089,0,0,0,0,0,0,,0,0,42,0,3269,0,benign
5353.0,5353.0,17,1e-06,1000000.0,128000000.0,1,128,128.0,128,128,0.0,0.0,0,0,0,0,0,0,,0,0,1,0,128,0,benign
55001.0,5355.0,17,0.4047060012817383,4.941859012878065,370.63942596585485,2,150,75.0,75,75,0.0,0.4053089618682861,0,0,0,0,0,0,,0,0,2,0,150,0,benign
138.0,138.0,17,1e-06,1000000.0,243000000.0,1,243,243.0,243,243,0.0,0.0,0,0,0,0,0,0,,0,0,1,0,243,0,benign
57621.0,57621.0,17,1e-06,1000000.0,86000000.0,1,86,86.0,86,86,0.0,0.0,0,0,0,0,0,0,,0,0,1,0,86,0,benign
57621.0,57621.0,17,1e-06,1000000.0,86000000.0,1,86,86.0,86,86,0.0,0.0,0,0,0,0,0,0,,0,0,1,0,86,0,benign
64689.0,3702.0,17,6.8970465660095215,1.0149271768727588,708.4191694571857,7,4886,698.0,698,698,0.0,1.1487109263737996,0,0,0,0,0,0,,0,0,7,0,4886,0,benign
5353.0,5353.0,17,0.7830924987792969,8.938918468650595,2144.0634441234783,7,1679,239.8571428571429,88,397,143.64705423528946,0.130514899889628,0,0,0,0,0,0,,0,0,7,0,1679,0,benign
39798.0,443.0,6,0.6576564311981201,30.41101561732461,3264.622526519797,20,2147,107.35,66,583,123.2969351221932,0.0346424328653435,1,0,1,0,3,19,64240.0,0,24,20,0,2147,0,benign
443.0,39798.0,6,0.6543700695037842,29.035557837185163,63780.42325751368,19,41736,2196.6315789473683,66,2962,1287.650367078058,0.0364934073554144,1,0,1,0,15,19,41352.0,0,36,19,0,41736,0,benign
49650.0,5355.0,17,0.4133419990539551,4.838608233805277,362.8956175353958,2,150,75.0,75,75,0.0,0.4157416820526123,0,0,0,0,0,0,,0,0,2,0,150,0,benign
57621.0,57621.0,17,1e-06,1000000.0,86000000.0,1,86,86.0,86,86,0.0,0.0,0,0,0,0,0,0,,0,0,1,0,86,0,benign
53557.0,5355.0,17,0.4108955860137939,4.867416609174427,365.056245688082,2,150,75.0,75,75,0.0,0.4131395816802978,0,0,0,0,0,0,,0,0,2,0,150,0,benign
48460.0,443.0,6,0.00054931640625,3640.8888888888887,262144.0,2,144,72.0,66,78,8.48528137423857,0.00016450881958,0,0,0,0,0,2,501.0,0,2,2,0,144,0,benign
443.0,48460.0,6,1e-06,1000000.0,66000000.0,1,66,66.0,66,66,0.0,0.0,0,0,1,0,0,1,269.0,0,2,1,0,66,0,benign
36840.0,443.0,6,1e-06,1000000.0,66000000.0,1,66,66.0,66,66,0.0,0.0,0,0,0,0,0,1,501.0,0,1,1,0,66,0,benign
65376.0,3702.0,17,6.637885808944702,1.054552639421326,736.0777423160856,7,4886,698.0,698,698,0.0,1.106842041015625,0,0,0,0,0,0,,0,0,7,0,4886,0,benign
57621.0,57621.0,17,1e-06,1000000.0,86000000.0,1,86,86.0,86,86,0.0,0.0,0,0,0,0,0,0,,0,0,1,0,86,0,benign
57621.0,57621.0,17,1e-06,1000000.0,86000000.0,1,86,86.0,86,86,0.0,0.0,0,0,0,0,0,0,,0,0,1,0,86,0,benign
57621.0,57621.0,17,1e-06,1000000.0,86000000.0,1,86,86.0,86,86,0.0,0.0,0,0,0,0,0,0,,0,0,1,0,86,0,benign
51359.0,5355.0,17,0.4169726371765136,4.796477806176418,359.7358354632314,2,150,75.0,75,75,0.0,0.4168257713317871,0,0,0,0,0,0,,0,0,2,0,150,0,benign
53890.0,5355.0,17,0.4165437221527099,4.801416738833423,360.1062554125067,2,150,75.0,75,75,0.0,0.41461181640625,0,0,0,0,0,0,,0,0,2,0,150,0,benign
57621.0,57621.0,17,1e-06,1000000.0,86000000.0,1,86,86.0,86,86,0.0,0.0,0,0,0,0,0,0,,0,0,1,0,86,0,benign
137.0,137.0,17,14.837048768997192,1.145780422015085,105.41179882538782,17,1564,92.0,92,92,0.0,0.9273377060890198,0,0,0,0,0,0,,0,0,17,0,1564,0,benign
42818.0,443.0,6,0.6872763633728027,24.73531887023242,4171.538776526843,17,2867,168.64705882352942,66,913,236.89289277447483,0.042974516749382,1,0,1,0,4,16,64240.0,0,22,17,0,2867,0,benign
443.0,42818.0,6,0.6904659271240234,24.62105562661083,35812.04955760035,17,24727,1454.529411764706,66,2962,1255.888884299038,0.0429225713014602,1,0,1,0,12,17,41352.0,0,31,17,0,24727,0,benign
138.0,138.0,17,1e-06,1000000.0,243000000.0,1,243,243.0,243,243,0.0,0.0,0,0,0,0,0,0,,0,0,1,0,243,0,benign
138.0,138.0,17,1e-06,1000000.0,243000000.0,1,243,243.0,243,243,0.0,0.0,0,0,0,0,0,0,,0,0,1,0,243,0,benign
138.0,138.0,17,1e-06,1000000.0,243000000.0,1,243,243.0,243,243,0.0,0.0,0,0,0,0,0,0,,0,0,1,0,243,0,benign
36842.0,443.0,6,1e-06,1000000.0,66000000.0,1,66,66.0,66,66,0.0,0.0,0,0,0,0,0,1,501.0,0,1,1,0,66,0,benign
54964.0,5355.0,17,0.412834882736206,4.844551862343385,363.3413896757539,2,150,75.0,75,75,0.0,0.4141714572906494,0,0,0,0,0,0,,0,0,2,0,150,0,benign
5353.0,5353.0,17,1e-06,1000000.0,87000000.0,1,87,87.0,87,87,0.0,0.0,0,0,0,0,0,0,,0,0,1,0,87,0,benign
50655.0,5355.0,17,0.4087693691253662,4.892734512567198,366.95508844253993,2,150,75.0,75,75,0.0,0.4117987155914306,0,0,0,0,0,0,,0,0,2,0,150,0,benign
5353.0,5353.0,17,1e-06,1000000.0,87000000.0,1,87,87.0,87,87,0.0,0.0,0,0,0,0,0,0,,0,0,1,0,87,0,benign
60642.0,1900.0,17,1e-06,1000000.0,167000000.0,1,167,167.0,167,167,0.0,0.0,0,0,0,0,0,0,,0,0,1,0,167,0,benign
65407.0,5355.0,17,0.4119083881378174,4.855448584190606,364.1586438142954,2,150,75.0,75,75,0.0,0.4145166873931885,0,0,0,0,0,0,,0,0,2,0,150,0,benign
5353.0,5353.0,17,1e-06,1000000.0,132000000.0,1,132,132.0,132,132,0.0,0.0,0,0,0,0,0,0,,0,0,1,0,132,0,benign
5353.0,5353.0,17,11.835628032684326,0.2534719739176864,23.741874890289964,3,281,93.66666666666669,87,103,8.32666399786453,5.924105763435364,0,0,0,0,0,0,,0,0,3,0,281,0,benign
5353.0,5353.0,17,1e-06,1000000.0,91000000.0,1,91,91.0,91,91,0.0,0.0,0,0,0,0,0,0,,0,0,1,0,91,0,benign
5353.0,5353.0,17,1e-06,1000000.0,136000000.0,1,136,136.0,136,136,0.0,0.0,0,0,0,0,0,0,,0,0,1,0,136,0,benign
5353.0,5353.0,17,1e-06,1000000.0,133000000.0,1,133,133.0,133,133,0.0,0.0,0,0,0,0,0,0,,0,0,1,0,133,0,benign
56359.0,1900.0,17,1e-06,1000000.0,167000000.0,1,167,167.0,167,167,0.0,0.0,0,0,0,0,0,0,,0,0,1,0,167,0,benign
5353.0,5353.0,17,15.04866099357605,1.2625708033499254,238.55943073822277,19,3590,188.94736842105263,83,310,113.16383093364658,0.8360189066992866,0,0,0,0,0,0,,0,0,19,0,3590,0,benign
41025.0,53.0,17,1e-06,1000000.0,87000000.0,1,87,87.0,87,87,0.0,0.0,0,0,0,0,0,0,,0,0,1,0,87,0,benign
35311.0,53.0,17,1e-06,1000000.0,87000000.0,1,87,87.0,87,87,0.0,0.0,0,0,0,0,0,0,,0,0,1,0,87,0,benign
53.0,41025.0,17,1e-06,1000000.0,278000000.0,1,278,278.0,278,278,0.0,0.0,0,0,0,0,0,0,,0,0,1,0,278,0,benign
53.0,35311.0,17,1e-06,1000000.0,314000000.0,1,314,314.0,314,314,0.0,0.0,0,0,0,0,0,0,,0,0,1,0,314,0,benign
57986.0,5355.0,17,0.4237062931060791,4.720250873166238,354.01881548746786,2,150,75.0,75,75,0.0,0.4195880889892578,0,0,0,0,0,0,,0,0,2,0,150,0,benign
5353.0,5353.0,17,2.2333829402923584,19.70105493607837,1812.4970541192104,44,4048,92.0,92,92,0.0,0.0518437762593114,0,0,0,0,0,0,,0,0,44,0,4048,0,benign
57470.0,5355.0,17,0.431464672088623,4.635373715114268,398.6421394998271,2,172,86.0,86,86,0.0,0.4204974174499511,0,0,0,0,0,0,,0,0,2,0,172,0,benign
55597.0,5355.0,17,0.4157140254974365,4.810999575024762,360.82496812685713,2,150,75.0,75,75,0.0,0.4130291938781738,0,0,0,0,0,0,,0,0,2,0,150,0,benign
56617.0,5355.0,17,0.4212713241577148,4.7475341550929855,408.2879373379968,2,172,86.0,86,86,0.0,0.421550989151001,0,0,0,0,0,0,,0,0,2,0,172,0,benign
49680.0,1900.0,17,1e-06,1000000.0,167000000.0,1,167,167.0,167,167,0.0,0.0,0,0,0,0,0,0,,0,0,1,0,167,0,benign
57002.0,5355.0,17,0.4205620288848877,4.755541067991712,408.9765318472872,2,172,86.0,86,86,0.0,0.418123722076416,0,0,0,0,0,0,,0,0,2,0,172,0,benign
63909.0,5355.0,17,0.3993623256683349,5.007983656577995,430.6865944657075,2,172,86.0,86,86,0.0,0.398566722869873,0,0,0,0,0,0,,0,0,2,0,172,0,benign
65117.0,5355.0,17,0.4243242740631103,4.713376354477748,405.3503664850864,2,172,86.0,86,86,0.0,0.4266514778137207,0,0,0,0,0,0,,0,0,2,0,172,0,benign
60243.0,5355.0,17,0.410123348236084,4.876581664033225,419.3860231068573,2,172,86.0,86,86,0.0,0.4109489917755127,0,0,0,0,0,0,,0,0,2,0,172,0,benign
49925.0,21027.0,17,1e-06,1000000.0,343000000.0,1,343,343.0,343,343,0.0,0.0,0,0,0,0,0,0,,0,0,1,0,343,0,benign
49724.0,443.0,6,0.6851933002471924,17.513306092851234,2415.3767986390662,12,1655,137.91666666666666,66,583,159.04628161943836,0.0622357455166903,1,0,1,0,3,11,64240.0,0,16,12,0,1655,0,benign
443.0,49724.0,6,0.6865646839141846,17.478324011055467,32905.85800481376,12,22592,1882.6666666666667,66,2962,1377.1652923393915,0.0622124671936035,1,0,1,0,8,12,41352.0,0,22,12,0,22592,0,benign
5353.0,5353.0,17,0.7997090816497803,7.502728351692776,1804.4061685821127,6,1443,240.5,93,431,163.28594550664795,0.1605604648590088,0,0,0,0,0,0,,0,0,6,0,1443,0,benign
44404.0,443.0,6,1e-06,1000000.0,66000000.0,1,66,66.0,66,66,0.0,0.0,0,0,0,0,0,1,501.0,0,1,1,0,66,0,benign
58886.0,5355.0,17,0.3975172042846679,5.031228783164239,432.6856753521245,2,172,86.0,86,86,0.0,0.4039525985717773,0,0,0,0,0,0,,0,0,2,0,172,0,benign
56647.0,5355.0,17,0.4223432540893554,4.735484657644984,407.2516805574686,2,172,86.0,86,86,0.0,0.4196326732635498,0,0,0,0,0,0,,0,0,2,0,172,0,benign
57442.0,5355.0,17,0.4132256507873535,4.839970597636502,416.2374713967392,2,172,86.0,86,86,0.0,0.4160892963409424,0,0,0,0,0,0,,0,0,2,0,172,0,benign
55564.0,3702.0,17,6.838744640350342,1.023579672605146,714.458611478392,7,4886,698.0,698,698,0.0,1.1399632692337036,0,0,0,0,0,0,,0,0,7,0,4886,0,benign
55502.0,5355.0,17,0.4099364280700683,4.878805256258295,419.5772520382134,2,172,86.0,86,86,0.0,0.4081861972808838,0,0,0,0,0,0,,0,0,2,0,172,0,benign
61751.0,5355.0,17,0.4042351245880127,4.947615579023111,425.4949397959876,2,172,86.0,86,86,0.0,0.4068696498870849,0,0,0,0,0,0,,0,0,2,0,172,0,benign
5353.0,5353.0,17,1e-06,1000000.0,87000000.0,1,87,87.0,87,87,0.0,0.0,0,0,0,0,0,0,,0,0,1,0,87,0,benign
137.0,137.0,17,1.504643440246582,1.993827853001744,183.4321624761604,3,276,92.0,92,92,0.0,0.753942608833313,0,0,0,0,0,0,,0,0,3,0,276,0,benign
5353.0,5353.0,17,14.0660080909729,1.5640542688240648,127.11495602988307,22,1788,81.27272727272727,81,87,1.2792042981336629,0.6695437317802793,0,0,0,0,0,0,,0,0,22,0,1788,0,benign
17500.0,17500.0,17,0.0052769184112548,758.0181629241404,133411.1966746487,4,704,176.0,176,176,0.0,0.0019957224527994,0,0,0,0,0,0,,0,0,4,0,704,0,benign
17500.0,17500.0,17,1e-06,1000000.0,176000000.0,1,176,176.0,176,176,0.0,0.0,0,0,0,0,0,0,,0,0,1,0,176,0,benign
37010.0,443.0,6,0.725010871887207,17.930765598260525,2388.929693552864,13,1732,133.23076923076923,66,583,154.74557282097703,0.0597526828447977,1,0,1,0,3,12,64240.0,0,17,13,0,1732,0,benign
5353.0,5353.0,17,0.0114142894744873,262.82844908616187,29699.614746736293,3,339,113.0,81,139,29.46183972531247,0.0078072547912597,0,0,0,0,0,0,,0,0,3,0,339,0,benign
56586.0,5355.0,17,1e-06,1000000.0,75000000.0,1,75,75.0,75,75,0.0,0.0,0,0,0,0,0,0,,0,0,1,0,75,0,benign
138.0,138.0,17,1e-06,1000000.0,243000000.0,1,243,243.0,243,243,0.0,0.0,0,0,0,0,0,0,,0,0,1,0,243,0,benign
49167.0,1900.0,17,1e-06,1000000.0,167000000.0,1,167,167.0,167,167,0.0,0.0,0,0,0,0,0,0,,0,0,1,0,167,0,benign
443.0,37010.0,6,0.7171642780303955,18.126948592173218,30517.41514525408,13,21886,1683.5384615384614,66,2962,1292.943516128,0.0595985054969787,1,0,1,0,8,13,41352.0,0,23,13,0,21886,0,benign
54415.0,5355.0,17,0.4154229164123535,4.814370900075184,361.07781750563873,2,150,75.0,75,75,0.0,0.4142050743103027,0,0,0,0,0,0,,0,0,2,0,150,0,benign
5353.0,5353.0,17,0.7805452346801758,7.686934380501942,1374.680098379764,6,1073,178.83333333333334,93,312,97.6348639916432,0.1558250904083252,0,0,0,0,0,0,,0,0,6,0,1073,0,benign
62272.0,1900.0,17,3.0204498767852783,1.324306034919962,280.75287940303195,4,848,212.0,212,212,0.0,1.0056453545888264,0,0,0,0,0,0,,0,0,4,0,848,0,benign
39798.0,443.0,6,1e-06,1000000.0,66000000.0,1,66,66.0,66,66,0.0,0.0,0,0,0,0,0,1,795.0,0,1,1,0,66,0,benign
51176.0,1900.0,17,1e-06,1000000.0,167000000.0,1,167,167.0,167,167,0.0,0.0,0,0,0,0,0,0,,0,0,1,0,167,0,benign
5353.0,5353.0,17,1e-06,1000000.0,87000000.0,1,87,87.0,87,87,0.0,0.0,0,0,0,0,0,0,,0,0,1,0,87,0,benign
17500.0,17500.0,17,1e-06,1000000.0,176000000.0,1,176,176.0,176,176,0.0,0.0,0,0,0,0,0,0,,0,0,1,0,176,0,benign
55455.0,5355.0,17,0.4137489795684814,4.833848779726044,362.5386584794533,2,150,75.0,75,75,0.0,0.4161760807037353,0,0,0,0,0,0,,0,0,2,0,150,0,benign
5353.0,5353.0,17,0.8234953880310059,7.286015304039676,546.4511478029757,6,450,75.0,75,75,0.0,0.1644124984741211,0,0,0,0,0,0,,0,0,6,0,450,0,benign
37012.0,443.0,6,0.4600684642791748,28.25666397362861,3851.600658559223,13,1772,136.30769230769232,66,583,159.4189368798369,0.0383394161860148,1,0,1,0,3,12,64240.0,0,17,13,0,1772,0,benign
63349.0,1900.0,17,3.0199246406555176,1.3245363629775024,280.8017089512305,4,848,212.0,212,212,0.0,1.0048916339874268,0,0,0,0,0,0,,0,0,4,0,848,0,benign
137.0,137.0,17,2.2443478107452397,1.7822549521287403,163.96745559584411,4,368,92.0,92,92,0.0,0.7504378159840902,0,0,0,0,0,0,,0,0,4,0,368,0,benign
58347.0,5355.0,17,0.4024639129638672,4.969389641101954,342.88788523603483,2,138,69.0,69,69,0.0,0.4087841510772705,0,0,0,0,0,0,,0,0,2,0,138,0,benign
55531.0,5355.0,17,0.4026563167572021,4.9670150864812594,342.7240409672069,2,138,69.0,69,69,0.0,0.4087843894958496,0,0,0,0,0,0,,0,0,2,0,138,0,benign
5353.0,5353.0,17,10.018561601638794,4.591477482403813,362.5270916541445,46,3632,78.95652173913044,72,89,3.577438697287522,0.2223829693264431,0,0,0,0,0,0,,0,0,46,0,3632,0,benign
5353.0,5353.0,17,9.99878978729248,0.2000242071837345,17.20208181780117,2,172,86.0,86,86,0.0,10.003516435623167,0,0,0,0,0,0,,0,0,2,0,172,0,benign
5353.0,5353.0,17,10.01123332977295,4.494950673676945,354.60166425673674,45,3550,78.88888888888889,72,81,3.379229486020729,0.2274450009519403,0,0,0,0,0,0,,0,0,45,0,3550,0,benign
5353.0,5353.0,17,1e-06,1000000.0,139000000.0,1,139,139.0,139,139,0.0,0.0,0,0,0,0,0,0,,0,0,1,0,139,0,benign
5353.0,5353.0,17,1e-06,1000000.0,139000000.0,1,139,139.0,139,139,0.0,0.0,0,0,0,0,0,0,,0,0,1,0,139,0,benign
5353.0,5353.0,17,1e-06,1000000.0,139000000.0,1,139,139.0,139,139,0.0,0.0,0,0,0,0,0,0,,0,0,1,0,139,0,benign
443.0,37012.0,6,0.4592444896697998,26.12987258405232,41720.696559203534,12,19160,1596.6666666666667,66,2962,1422.5560435250686,0.0419453057375821,1,0,1,0,8,12,41352.0,0,22,12,0,19160,0,benign
5353.0,5353.0,17,0.7714178562164307,7.777885813310273,1785.0247941547077,6,1377,229.5,93,409,151.37205818776462,0.1528282165527343,0,0,0,0,0,0,,0,0,6,0,1377,0,benign
138.0,138.0,17,1e-06,1000000.0,243000000.0,1,243,243.0,243,243,0.0,0.0,0,0,0,0,0,0,,0,0,1,0,243,0,benign
42818.0,443.0,6,1e-06,1000000.0,66000000.0,1,66,66.0,66,66,0.0,0.0,0,0,0,0,0,1,501.0,0,1,1,0,66,0,benign
137.0,137.0,17,15.376293659210203,1.1055980314096834,101.71501888969088,17,1564,92.0,92,92,0.0,0.9608557820320128,0,0,0,0,0,0,,0,0,17,0,1564,0,benign
5353.0,5353.0,17,8.960411071777344,0.7812141590298172,170.08148262306304,7,1524,217.7142857142857,84,417,153.8665160517543,1.4934810797373457,0,0,0,0,0,0,,0,0,7,0,1524,0,benign
5353.0,5353.0,17,0.7843914031982422,7.649242426084567,2260.3511369079897,6,1773,295.5,93,541,223.07465118206505,0.1562081813812255,0,0,0,0,0,0,,0,0,6,0,1773,0,benign
56354.0,5355.0,17,0.4214251041412353,4.7458017577655385,355.93513183241544,2,150,75.0,75,75,0.0,0.4167854785919189,0,0,0,0,0,0,,0,0,2,0,150,0,benign
57475.0,5355.0,17,0.4087648391723633,4.892788734103089,337.60242265311314,2,138,69.0,69,69,0.0,0.4097893238067627,0,0,0,0,0,0,,0,0,2,0,138,0,benign
51611.0,5355.0,17,0.4081013202667236,4.900743763075444,338.1513196522056,2,138,69.0,69,69,0.0,0.4095439910888672,0,0,0,0,0,0,,0,0,2,0,138,0,benign
5353.0,5353.0,17,0.7658541202545166,7.834390181260653,2048.6930323996608,6,1569,261.5,93,473,186.07928417747095,0.1523653030395508,0,0,0,0,0,0,,0,0,6,0,1569,0,benign
57621.0,57621.0,17,1e-06,1000000.0,86000000.0,1,86,86.0,86,86,0.0,0.0,0,0,0,0,0,0,,0,0,1,0,86,0,benign
63024.0,1900.0,17,3.0298445224761963,1.3201997562340018,279.8823483216084,4,848,212.0,212,212,0.0,1.010108153025309,0,0,0,0,0,0,,0,0,4,0,848,0,benign
5353.0,5353.0,17,0.7834415435791016,7.658516514951954,1146.2246384044756,6,898,149.66666666666666,82,253,76.65681096071415,0.1560437679290771,0,0,0,0,0,0,,0,0,6,0,898,0,benign
57522.0,5355.0,17,0.4186861515045166,4.776847748159697,358.2635811119773,2,150,75.0,75,75,0.0,0.4178588390350342,0,0,0,0,0,0,,0,0,2,0,150,0,benign
46246.0,443.0,6,1.247856855392456,7.212365714150333,1143.5606526769473,9,1427,158.55555555555554,66,583,176.29457671119036,0.1563672721385955,1,0,1,0,3,8,64240.0,0,13,9,0,1427,0,benign
443.0,46246.0,6,1.248293399810791,5.607656021461796,4701.619027137041,7,5869,838.4285714285714,66,2962,1313.174506954154,0.2083608309427897,1,0,1,0,3,7,41352.0,0,12,7,0,5869,0,benign
5353.0,5353.0,17,15.000153064727783,1.1333217685608004,228.66433330373795,17,3430,201.76470588235293,83,310,114.01509188028832,0.9372861832380296,0,0,0,0,0,0,,0,0,17,0,3430,0,benign
58796.0,1900.0,17,1e-06,1000000.0,167000000.0,1,167,167.0,167,167,0.0,0.0,0,0,0,0,0,0,,0,0,1,0,167,0,benign
49724.0,443.0,6,1e-06,1000000.0,66000000.0,1,66,66.0,66,66,0.0,0.0,0,0,0,0,0,1,501.0,0,1,1,0,66,0,benign
5353.0,5353.0,17,1e-06,1000000.0,87000000.0,1,87,87.0,87,87,0.0,0.0,0,0,0,0,0,0,,0,0,1,0,87,0,benign
5353.0,5353.0,17,4.689970254898071,2.132209685030792,470.5786774862958,10,2207,220.7,92,563,207.28190680541533,0.5210259490542941,0,0,0,0,0,0,,0,0,10,0,2207,0,benign
52096.0,5355.0,17,0.4189205169677734,4.774175336353496,358.06315022651216,2,150,75.0,75,75,0.0,0.4206569194793701,0,0,0,0,0,0,,0,0,2,0,150,0,benign
137.0,137.0,17,15.147181272506714,1.254358791789628,115.40100884464576,19,1748,92.0,92,92,0.0,0.8414316574732462,0,0,0,0,0,0,,0,0,19,0,1748,0,benign
5353.0,5353.0,17,15.147622108459473,0.8582205119006704,69.5158614639543,13,1053,81.0,81,81,0.0,1.2621475060780842,0,0,0,0,0,0,,0,0,13,0,1053,0,benign
63127.0,5355.0,17,0.4108302593231201,4.868190583856165,365.1142937892124,2,150,75.0,75,75,0.0,0.414729356765747,0,0,0,0,0,0,,0,0,2,0,150,0,benign
56851.0,5355.0,17,0.4080178737640381,4.901746047421014,352.925715414313,2,144,72.0,72,72,0.0,0.407724380493164,0,0,0,0,0,0,,0,0,2,0,144,0,benign
56854.0,1900.0,17,3.062309741973877,1.306203596969167,233.8104438574809,4,716,179.0,179,179,0.0,1.0207421779632568,0,0,0,0,0,0,,0,0,4,0,716,0,benign
53799.0,1900.0,17,1e-06,1000000.0,167000000.0,1,167,167.0,167,167,0.0,0.0,0,0,0,0,0,0,,0,0,1,0,167,0,benign
55656.0,5355.0,17,0.4110777378082275,4.865259818406957,350.29870692530096,2,144,72.0,72,72,0.0,0.4157090187072754,0,0,0,0,0,0,,0,0,2,0,144,0,benign
55994.0,443.0,6,0.6933822631835938,20.190882783358823,2634.9102032283267,14,1827,130.5,66,583,152.99912015835503,0.0529942512512207,1,0,1,0,3,13,64240.0,0,18,14,0,1827,0,benign
443.0,55994.0,6,0.6921670436859131,18.7815934297777,36267.25691290074,13,25103,1931.0,66,2962,1361.61436048048,0.0574148495992024,1,0,1,0,9,13,41352.0,0,24,13,0,25103,0,benign
5353.0,5353.0,17,1e-06,1000000.0,83000000.0,1,83,83.0,83,83,0.0,0.0,0,0,0,0,0,0,,0,0,1,0,83,0,benign
5353.0,5353.0,17,1e-06,1000000.0,139000000.0,1,139,139.0,139,139,0.0,0.0,0,0,0,0,0,0,,0,0,1,0,139,0,benign
5353.0,5353.0,17,1e-06,1000000.0,132000000.0,1,132,132.0,132,132,0.0,0.0,0,0,0,0,0,0,,0,0,1,0,132,0,benign
5353.0,5353.0,17,1e-06,1000000.0,139000000.0,1,139,139.0,139,139,0.0,0.0,0,0,0,0,0,0,,0,0,1,0,139,0,benign
58955.0,5355.0,17,0.4182074069976806,4.782316062639923,325.1974922595148,2,136,68.0,68,68,0.0,0.4186141490936279,0,0,0,0,0,0,,0,0,2,0,136,0,benign
5353.0,5353.0,17,1e-06,1000000.0,132000000.0,1,132,132.0,132,132,0.0,0.0,0,0,0,0,0,0,,0,0,1,0,132,0,benign
57117.0,5355.0,17,0.4171502590179443,4.794435474422101,345.1993541583912,2,144,72.0,72,72,0.0,0.4168872833251953,0,0,0,0,0,0,,0,0,2,0,144,0,benign
5353.0,5353.0,17,15.074208736419678,1.525784895390987,123.58857652666994,23,1863,81.0,81,81,0.0,0.6858085502277721,0,0,0,0,0,0,,0,0,23,0,1863,0,benign
55222.0,5355.0,17,0.4160516262054443,4.807095740114736,360.5321805086052,2,150,75.0,75,75,0.0,0.4186322689056396,0,0,0,0,0,0,,0,0,2,0,150,0,benign
50040.0,5355.0,17,0.4027929306030273,4.965330441638511,372.3997831228883,2,150,75.0,75,75,0.0,0.4111523628234863,0,0,0,0,0,0,,0,0,2,0,150,0,benign
37010.0,443.0,6,1e-06,1000000.0,66000000.0,1,66,66.0,66,66,0.0,0.0,0,0,0,0,0,1,501.0,0,1,1,0,66,0,benign
46052.0,53.0,17,1e-06,1000000.0,100000000.0,1,100,100.0,100,100,0.0,0.0,0,0,0,0,0,0,,0,0,1,0,100,0,benign
53.0,46052.0,17,1e-06,1000000.0,436000000.0,1,436,436.0,436,436,0.0,0.0,0,0,0,0,0,0,,0,0,1,0,436,0,benign
57324.0,1900.0,17,15.017881393432615,0.3995237305991659,71.5147477772507,6,1074,179.0,179,179,0.0,3.0032228946685797,0,0,0,0,0,0,,0,0,6,0,1074,0,benign
59178.0,5355.0,17,0.4057188034057617,4.929522573790568,354.9256253129209,2,144,72.0,72,72,0.0,0.4054052829742431,0,0,0,0,0,0,,0,0,2,0,144,0,benign
137.0,137.0,17,2.2969298362731934,5.2243650678813065,574.6801574669437,12,1320,110.0,110,110,0.0,0.2088428410616788,0,0,0,0,0,0,,0,0,12,0,1320,0,benign
64139.0,5355.0,17,0.3930494785308838,5.088417894549758,381.63134209123183,2,150,75.0,75,75,0.0,0.4037091732025146,0,0,0,0,0,0,,0,0,2,0,150,0,benign
56888.0,5355.0,17,0.4017229080200195,4.978556014785026,373.3917011088769,2,150,75.0,75,75,0.0,0.4065272808074951,0,0,0,0,0,0,,0,0,2,0,150,0,benign
63014.0,1900.0,17,3.015433549880981,1.3265090852882098,281.2199260811005,4,848,212.0,212,212,0.0,1.004914363225301,0,0,0,0,0,0,,0,0,4,0,848,0,benign
56010.0,443.0,6,0.684887170791626,20.44132318001828,2651.531635350942,14,1816,129.71428571428572,66,583,151.7307476427233,0.0529044224665715,1,0,1,0,3,13,64240.0,0,18,14,0,1816,0,benign
443.0,56010.0,6,0.6785268783569336,20.632933560275877,35358.95299843848,14,23992,1713.7142857142858,66,2962,1334.510710022529,0.0527265622065617,1,0,1,0,9,14,41352.0,0,25,14,0,23992,0,benign
37012.0,443.0,6,1e-06,1000000.0,66000000.0,1,66,66.0,66,66,0.0,0.0,0,0,0,0,0,1,501.0,0,1,1,0,66,0,benign
53936.0,5355.0,17,0.4132966995239258,4.839138571161563,362.9353928371172,2,150,75.0,75,75,0.0,0.4146673679351806,0,0,0,0,0,0,,0,0,2,0,150,0,benign
5353.0,5353.0,17,11.525278091430664,1.041189627252665,128.76045057024623,12,1484,123.66666666666669,70,486,131.5911943263774,1.047748934138905,0,0,0,0,0,0,,0,0,12,0,1484,0,benign
56359.0,5355.0,17,0.4208283424377441,4.752531610429431,356.43987078220727,2,150,75.0,75,75,0.0,0.4177155494689941,0,0,0,0,0,0,,0,0,2,0,150,0,benign
57621.0,57621.0,17,4.063736438751221,0.7382368530085811,63.48836935873798,3,258,86.0,86,86,0.0,2.0323548316955566,0,0,0,0,0,0,,0,0,3,0,258,0,benign
137.0,137.0,17,14.839202165603638,1.3477813548735642,123.99588464836792,20,1840,92.0,92,92,0.0,0.7807299714339407,0,0,0,0,0,0,,0,0,20,0,1840,0,benign
60252.0,1900.0,17,3.039978504180908,1.315798777688318,278.9493408699234,4,848,212.0,212,212,0.0,1.0126125812530518,0,0,0,0,0,0,,0,0,4,0,848,0,benign
53032.0,5355.0,17,0.4251940250396728,4.703734959148096,352.7801219361072,2,150,75.0,75,75,0.0,0.4173896312713623,0,0,0,0,0,0,,0,0,2,0,150,0,benign
5353.0,5353.0,17,8.247010469436646,0.8487924231382928,169.5159725067619,7,1398,199.7142857142857,87,387,136.6854226386441,1.374489466349284,0,0,0,0,0,0,,0,0,7,0,1398,0,benign
57172.0,5355.0,17,0.421297550201416,4.747238618035709,356.0428963526782,2,150,75.0,75,75,0.0,0.4208705425262451,0,0,0,0,0,0,,0,0,2,0,150,0,benign
42531.0,53.0,17,1e-06,1000000.0,86000000.0,1,86,86.0,86,86,0.0,0.0,0,0,0,0,0,0,,0,0,1,0,86,0,benign
40518.0,53.0,17,1e-06,1000000.0,86000000.0,1,86,86.0,86,86,0.0,0.0,0,0,0,0,0,0,,0,0,1,0,86,0,benign
53.0,42531.0,17,1e-06,1000000.0,279000000.0,1,279,279.0,279,279,0.0,0.0,0,0,0,0,0,0,,0,0,1,0,279,0,benign
53.0,40518.0,17,1e-06,1000000.0,315000000.0,1,315,315.0,315,315,0.0,0.0,0,0,0,0,0,0,,0,0,1,0,315,0,benign
35540.0,443.0,6,0.6448953151702881,18.607671226191705,2577.162464827551,12,1662,138.5,66,583,159.80186595793043,0.0588668909939852,1,0,1,0,3,11,64240.0,0,16,12,0,1662,0,benign
443.0,35540.0,6,0.6459870338439941,20.1242429320021,36906.31351860477,13,23841,1833.923076923077,66,2962,1325.2814456772608,0.0538599491119384,1,0,1,0,9,13,41352.0,0,24,13,0,23841,0,benign
137.0,137.0,17,9.498150825500488,0.4211346054077033,38.74438369750871,4,368,92.0,92,92,0.0,3.165798346201578,0,0,0,0,0,0,,0,0,4,0,368,0,benign
51012.0,5355.0,17,0.4081542491912842,4.900108240849618,313.60692741437555,2,128,64.0,64,64,0.0,0.4126901626586914,0,0,0,0,0,0,,0,0,2,0,128,0,benign
62510.0,5355.0,17,0.4058287143707275,4.928187506645933,315.4040004253397,2,128,64.0,64,64,0.0,0.4115278720855713,0,0,0,0,0,0,,0,0,2,0,128,0,benign
5353.0,5353.0,17,1e-06,1000000.0,87000000.0,1,87,87.0,87,87,0.0,0.0,0,0,0,0,0,0,,0,0,1,0,87,0,benign
58016.0,443.0,6,0.7954807281494141,18.856522187401843,3995.0685007708703,15,3178,211.86666666666667,66,859,293.68906460177686,0.057077407836914,1,0,0,0,4,14,64240.0,0,19,15,0,3178,0,benign
443.0,58016.0,6,0.6748545169830322,25.190614528297555,37525.12484203572,17,25324,1489.6470588235295,66,2962,1230.1054802930755,0.0421668291091918,1,0,0,0,13,17,41352.0,0,31,17,0,25324,0,benign
5353.0,5353.0,17,0.7753880023956299,7.7380614369354035,1690.7664239703856,6,1311,218.5,93,387,139.48153999723405,0.1544088840484619,0,0,0,0,0,0,,0,0,6,0,1311,0,benign
64491.0,5355.0,17,0.4222066402435303,4.737016923387071,355.27626925403035,2,150,75.0,75,75,0.0,0.4154920578002929,0,0,0,0,0,0,,0,0,2,0,150,0,benign
5353.0,5353.0,17,10.037813901901243,3.387191706508936,266.39266538837927,34,2674,78.6470588235294,70,93,4.829720820974661,0.3033842317985766,0,0,0,0,0,0,,0,0,34,0,2674,0,benign
5353.0,5353.0,17,10.037652254104614,3.686120923831556,290.5061787538599,37,2916,78.8108108108108,70,93,4.841015950752015,0.2781266702546013,0,0,0,0,0,0,,0,0,37,0,2916,0,benign
5353.0,5353.0,17,10.009835720062256,0.1998034788914159,17.18309918466177,2,172,86.0,86,86,0.0,10.00785994529724,0,0,0,0,0,0,,0,0,2,0,172,0,benign
5353.0,5353.0,17,1e-06,1000000.0,132000000.0,1,132,132.0,132,132,0.0,0.0,0,0,0,0,0,0,,0,0,1,0,132,0,benign
46246.0,443.0,6,1e-06,1000000.0,66000000.0,1,66,66.0,66,66,0.0,0.0,0,0,0,0,0,1,501.0,0,1,1,0,66,0,benign
50528.0,1900.0,17,1e-06,1000000.0,167000000.0,1,167,167.0,167,167,0.0,0.0,0,0,0,0,0,0,,0,0,1,0,167,0,benign
56924.0,1900.0,17,3.0116384029388428,1.3281806992820535,281.5743082477954,4,848,212.0,212,212,0.0,1.0103956858317058,0,0,0,0,0,0,,0,0,4,0,848,0,benign
49925.0,21027.0,17,1e-06,1000000.0,343000000.0,1,343,343.0,343,343,0.0,0.0,0,0,0,0,0,0,,0,0,1,0,343,0,benign
59595.0,5355.0,17,0.4115045070648193,4.86021408189574,364.5160561421805,2,150,75.0,75,75,0.0,0.4145891666412353,0,0,0,0,0,0,,0,0,2,0,150,0,benign
57621.0,57621.0,17,1e-06,1000000.0,86000000.0,1,86,86.0,86,86,0.0,0.0,0,0,0,0,0,0,,0,0,1,0,86,0,benign
35554.0,443.0,6,0.6579115390777588,21.2794565354862,2793.688650873117,14,1838,131.28571428571428,66,583,154.3130826356841,0.0506190520066481,1,0,1,0,3,13,64240.0,0,18,14,0,1838,0,benign
5353.0,5353.0,17,1e-06,1000000.0,87000000.0,1,87,87.0,87,87,0.0,0.0,0,0,0,0,0,0,,0,0,1,0,87,0,benign
443.0,35554.0,6,0.6549484729766846,19.848889701072384,37326.60050170128,13,24447,1880.5384615384612,66,2962,1343.254171492041,0.0547611514727274,1,0,1,0,9,13,41352.0,0,24,13,0,24447,0,benign
55285.0,5355.0,17,0.4121229648590088,4.8529205371610855,363.9690402870814,2,150,75.0,75,75,0.0,0.4155857563018799,0,0,0,0,0,0,,0,0,2,0,150,0,benign
57621.0,57621.0,17,1e-06,1000000.0,86000000.0,1,86,86.0,86,86,0.0,0.0,0,0,0,0,0,0,,0,0,1,0,86,0,benign
137.0,137.0,17,14.848354578018188,0.6734752963674646,61.95972726580675,10,920,92.0,92,92,0.0,1.6496804820166693,0,0,0,0,0,0,,0,0,10,0,920,0,benign
5353.0,5353.0,17,14.842991590499878,0.3368593163658601,27.285604625634672,5,405,81.0,81,81,0.0,3.710721671581268,0,0,0,0,0,0,,0,0,5,0,405,0,benign
53086.0,5355.0,17,0.4271268844604492,4.682449344125035,351.1837008093776,2,150,75.0,75,75,0.0,0.4193189144134521,0,0,0,0,0,0,,0,0,2,0,150,0,benign
17500.0,17500.0,17,0.0020182132720947,1981.9510927347903,348823.3923213231,4,704,176.0,176,176,0.0,0.001686414082845,0,0,0,0,0,0,,0,0,4,0,704,0,benign
17500.0,17500.0,17,1e-06,1000000.0,176000000.0,1,176,176.0,176,176,0.0,0.0,0,0,0,0,0,0,,0,0,1,0,176,0,benign
62653.0,1900.0,17,1e-06,1000000.0,167000000.0,1,167,167.0,167,167,0.0,0.0,0,0,0,0,0,0,,0,0,1,0,167,0,benign
55994.0,443.0,6,1e-06,1000000.0,66000000.0,1,66,66.0,66,66,0.0,0.0,0,0,0,0,0,1,501.0,0,1,1,0,66,0,benign
65190.0,5355.0,17,0.4152588844299316,4.816272631338411,361.2204473503808,2,150,75.0,75,75,0.0,0.4142255783081054,0,0,0,0,0,0,,0,0,2,0,150,0,benign
57621.0,57621.0,17,1e-06,1000000.0,86000000.0,1,86,86.0,86,86,0.0,0.0,0,0,0,0,0,0,,0,0,1,0,86,0,benign
5353.0,5353.0,17,14.066921949386597,2.061573960838289,166.98749082790147,29,2349,81.0,81,81,0.0,0.5021434511457171,0,0,0,0,0,0,,0,0,29,0,2349,0,benign
5353.0,5353.0,17,0.790839672088623,7.58687280337604,1817.0560364085616,6,1437,239.5,93,429,162.20203451251774,0.1588582515716552,0,0,0,0,0,0,,0,0,6,0,1437,0,benign
137.0,137.0,17,1.5191528797149658,1.974784789640712,181.68020064694548,3,276,92.0,92,92,0.0,0.7589137554168701,0,0,0,0,0,0,,0,0,3,0,276,0,benign
137.0,137.0,17,1.5198423862457275,1.9738888894989413,181.5977778339026,3,276,92.0,92,92,0.0,0.7576301097869873,0,0,0,0,0,0,,0,0,3,0,276,0,benign
56255.0,5355.0,17,0.4181866645812988,4.782553269608586,358.691495220644,2,150,75.0,75,75,0.0,0.4192321300506592,0,0,0,0,0,0,,0,0,2,0,150,0,benign
137.0,137.0,17,1.4922113418579102,2.01043908181584,184.96039552705733,3,276,92.0,92,92,0.0,0.7463940382003784,0,0,0,0,0,0,,0,0,3,0,276,0,benign
62825.0,5355.0,17,1e-06,1000000.0,64000000.0,1,64,64.0,64,64,0.0,0.0,0,0,0,0,0,0,,0,0,1,0,64,0,benign
63048.0,5355.0,17,1e-06,1000000.0,64000000.0,1,64,64.0,64,64,0.0,0.0,0,0,0,0,0,0,,0,0,1,0,64,0,benign
137.0,137.0,17,1.507997989654541,1.989392572524088,183.02411667221608,3,276,92.0,92,92,0.0,0.7540309429168701,0,0,0,0,0,0,,0,0,3,0,276,0,benign
137.0,137.0,17,1.5104377269744873,1.9861792025078784,182.72848663072483,3,276,92.0,92,92,0.0,0.7595751285552979,0,0,0,0,0,0,,0,0,3,0,276,0,benign
5353.0,5353.0,17,0.7636942863464355,7.856546928882237,1968.0650056850004,6,1503,250.5,93,451,174.13299515025864,0.1564680576324462,0,0,0,0,0,0,,0,0,6,0,1503,0,benign
5353.0,5353.0,17,15.008376121520996,1.3992186649618557,265.38514012109863,21,3983,189.66666666666663,83,310,113.22028675698245,0.7503548979759216,0,0,0,0,0,0,,0,0,21,0,3983,0,benign
58350.0,3702.0,17,5.747987747192383,1.2178174881147172,850.0366067040726,7,4886,698.0,698,698,0.0,0.9578043619791666,0,0,0,0,0,0,,0,0,7,0,4886,0,benign
137.0,137.0,17,1.5139293670654297,1.9815983924105651,182.307052101772,3,276,92.0,92,92,0.0,0.7579753398895264,0,0,0,0,0,0,,0,0,3,0,276,0,benign
137.0,137.0,17,1.5276849269866943,1.9637557110139168,180.6655254132804,3,276,92.0,92,92,0.0,0.7597543001174927,0,0,0,0,0,0,,0,0,3,0,276,0,benign
17500.0,17500.0,17,1e-06,1000000.0,176000000.0,1,176,176.0,176,176,0.0,0.0,0,0,0,0,0,0,,0,0,1,0,176,0,benign
62533.0,1900.0,17,2.999897718429565,1.3333787933589896,282.6763041921058,4,848,212.0,212,212,0.0,1.0006414254506428,0,0,0,0,0,0,,0,0,4,0,848,0,benign
57621.0,57621.0,17,1e-06,1000000.0,86000000.0,1,86,86.0,86,86,0.0,0.0,0,0,0,0,0,0,,0,0,1,0,86,0,benign
137.0,137.0,17,1.515791654586792,1.9791638190657583,182.08307135404976,3,276,92.0,92,92,0.0,0.7573525905609131,0,0,0,0,0,0,,0,0,3,0,276,0,benign
56010.0,443.0,6,1e-06,1000000.0,66000000.0,1,66,66.0,66,66,0.0,0.0,0,0,0,0,0,1,524.0,0,1,1,0,66,0,benign
57621.0,57621.0,17,1e-06,1000000.0,86000000.0,1,86,86.0,86,86,0.0,0.0,0,0,0,0,0,0,,0,0,1,0,86,0,benign
56113.0,1900.0,17,1e-06,1000000.0,167000000.0,1,167,167.0,167,167,0.0,0.0,0,0,0,0,0,0,,0,0,1,0,167,0,benign
5353.0,5353.0,17,1e-06,1000000.0,92000000.0,1,92,92.0,92,92,0.0,0.0,0,0,0,0,0,0,,0,0,1,0,92,0,benign
5353.0,5353.0,17,1e-06,1000000.0,108000000.0,1,108,108.0,108,108,0.0,0.0,0,0,0,0,0,0,,0,0,1,0,108,0,benign
51140.0,5355.0,17,0.398681640625,5.016533986527863,376.2400489895897,2,150,75.0,75,75,0.0,0.4064474105834961,0,0,0,0,0,0,,0,0,2,0,150,0,benign
40138.0,443.0,6,2.3576951026916504,4.241430534670727,680.3254577611846,10,1604,160.4,66,583,182.44037077601243,0.2625940640767415,1,0,1,0,3,9,64240.0,0,14,10,0,1604,0,benign
443.0,40138.0,6,2.3609023094177246,3.3885349546602206,2446.0986703953467,8,5775,721.875,66,2962,1206.3216151946024,0.3374406950814383,1,0,1,0,4,8,41352.0,0,14,8,0,5775,0,benign
58982.0,1900.0,17,3.031848430633545,1.3193271667489483,279.69735935077705,4,848,212.0,212,212,0.0,1.0109295050303142,0,0,0,0,0,0,,0,0,4,0,848,0,benign
137.0,137.0,17,1.5214500427246094,1.971803158668034,181.40589059745912,3,276,92.0,92,92,0.0,0.7622090578079224,0,0,0,0,0,0,,0,0,3,0,276,0,benign
53155.0,1900.0,17,3.00935959815979,1.3291864496506107,281.7875273259295,4,848,212.0,212,212,0.0,1.0036283334096272,0,0,0,0,0,0,,0,0,4,0,848,0,benign
5353.0,5353.0,17,2.9190776348114014,2.398017756198616,408.005592518936,7,1191,170.14285714285714,86,301,106.34445381468116,0.4866244792938232,0,0,0,0,0,0,,0,0,7,0,1191,0,benign
137.0,137.0,17,1.5264835357666016,1.965301249379933,180.80771494295385,3,276,92.0,92,92,0.0,0.7603737115859985,0,0,0,0,0,0,,0,0,3,0,276,0,benign
50584.0,5355.0,17,0.4091298580169678,4.8884234694918165,342.1896428644272,2,140,70.0,70,70,0.0,0.4174704551696777,0,0,0,0,0,0,,0,0,2,0,140,0,benign
55514.0,1900.0,17,1e-06,1000000.0,167000000.0,1,167,167.0,167,167,0.0,0.0,0,0,0,0,0,0,,0,0,1,0,167,0,benign
137.0,137.0,17,1.5017845630645752,1.9976234100303527,183.7813537227925,3,276,92.0,92,92,0.0,0.7512880563735962,0,0,0,0,0,0,,0,0,3,0,276,0,benign
5353.0,5353.0,17,0.8190548419952393,7.325516793703144,1650.6831175144416,6,1352,225.33333333333331,86,403,154.06968120518283,0.1641506671905517,0,0,0,0,0,0,,0,0,6,0,1352,0,benign
5353.0,5353.0,17,1e-06,1000000.0,87000000.0,1,87,87.0,87,87,0.0,0.0,0,0,0,0,0,0,,0,0,1,0,87,0,benign
137.0,137.0,17,2.273578643798828,3.5186818902525987,387.0550079277858,8,880,110.0,110,110,0.0,0.3243757656642368,0,0,0,0,0,0,,0,0,8,0,880,0,benign
54596.0,1900.0,17,3.001027584075928,1.332876785679954,283.90275534983016,4,852,213.0,213,213,0.0,1.0010190804799397,0,0,0,0,0,0,,0,0,4,0,852,0,benign
42954.0,80.0,6,0.1112151145935058,53.94950157566403,5637.722914656891,6,627,104.5,66,289,90.4427996028429,0.0222378253936767,1,0,1,0,1,5,64240.0,0,8,6,0,627,0,benign
80.0,42954.0,6,0.1117897033691406,44.726838423477226,27006.065040095546,5,3019,603.8,66,1968,833.4213820151244,0.0278193354606628,1,0,1,0,2,5,65160.0,0,9,5,0,3019,0,benign
137.0,137.0,17,14.828413248062134,1.3487619791425574,124.08610208111529,20,1840,92.0,92,92,0.0,0.7802739770788896,0,0,0,0,0,0,,0,0,20,0,1840,0,benign
42714.0,443.0,6,0.2385191917419433,100.6208340080486,10527.454758092084,24,2511,104.625,66,583,121.8751365662557,0.0104400178660517,1,0,1,0,3,23,64240.0,0,28,24,0,2511,0,benign
42956.0,80.0,6,0.2890365123748779,20.75862302205629,2435.6784345879387,6,704,117.33333333333331,66,366,121.86331140530636,0.0576314449310302,1,0,1,0,1,5,64240.0,0,8,6,0,704,0,benign
80.0,42956.0,6,0.2891976833343506,17.28921180263862,4426.038221475486,5,1280,256.0,66,748,296.7692706464064,0.0720718502998352,1,0,1,0,2,5,65160.0,0,9,5,0,1280,0,benign
443.0,42714.0,6,0.2395894527435302,104.34516091474768,217814.2626998809,25,52186,2087.44,66,2866,1050.2746101218795,0.0100004772345225,1,0,1,0,21,25,65535.0,0,48,25,0,52186,0,benign
5353.0,5353.0,17,1.0885863304138184,3.674490381005821,334.37862467152974,4,364,91.0,91,91,0.0,0.3628368377685547,0,0,0,0,0,0,,0,0,4,0,364,0,benign
35540.0,443.0,6,1e-06,1000000.0,66000000.0,1,66,66.0,66,66,0.0,0.0,0,0,0,0,0,1,524.0,0,1,1,0,66,0,benign
54418.0,1900.0,17,1e-06,1000000.0,167000000.0,1,167,167.0,167,167,0.0,0.0,0,0,0,0,0,0,,0,0,1,0,167,0,benign
57621.0,57621.0,17,3.0618491172790527,0.9798000767150749,84.26280659749644,3,258,86.0,86,86,0.0,1.5318737030029297,0,0,0,0,0,0,,0,0,3,0,258,0,benign
53462.0,5355.0,17,0.409877061843872,4.879511898037925,365.9633923528443,2,150,75.0,75,75,0.0,0.409404993057251,0,0,0,0,0,0,,0,0,2,0,150,0,benign
51264.0,5355.0,17,0.4096112251281738,4.882678689711613,366.2009017283709,2,150,75.0,75,75,0.0,0.4111306667327881,0,0,0,0,0,0,,0,0,2,0,150,0,benign
64327.0,1900.0,17,3.03743314743042,1.3169014117673286,279.18309929467364,4,848,212.0,212,212,0.0,1.0112812519073486,0,0,0,0,0,0,,0,0,4,0,848,0,benign
137.0,137.0,17,1.5143404006958008,1.9810605321112589,182.2575689542358,3,276,92.0,92,92,0.0,0.7546378374099731,0,0,0,0,0,0,,0,0,3,0,276,0,benign
443.0,54018.0,6,0.506751537322998,165.7617072929752,470698.12804132735,84,238527,2839.6071428571427,66,5666,1012.1613759834456,0.0060949986239513,1,0,1,0,78,84,65535.0,0,164,84,0,238527,0,benign
65216.0,5355.0,17,0.4263603687286377,4.690867507136726,351.81506303525447,2,150,75.0,75,75,0.0,0.4136335849761963,0,0,0,0,0,0,,0,0,2,0,150,0,benign
35554.0,443.0,6,1e-06,1000000.0,66000000.0,1,66,66.0,66,66,0.0,0.0,0,0,0,0,0,1,524.0,0,1,1,0,66,0,benign
60901.0,5355.0,17,0.4140114784240722,4.830783937713433,362.30879532850753,2,150,75.0,75,75,0.0,0.4147093296051025,0,0,0,0,0,0,,0,0,2,0,150,0,benign
137.0,137.0,17,11.907638549804688,1.3436753167371238,123.6181291398154,16,1472,92.0,92,92,0.0,0.793822447458903,0,0,0,0,0,0,,0,0,16,0,1472,0,benign
5353.0,5353.0,17,10.02608346939087,3.9895937553400582,313.08336995031107,40,3139,78.475,70,81,4.03184439565433,0.2567863097557655,0,0,0,0,0,0,,0,0,40,0,3139,0,benign
5353.0,5353.0,17,10.018263339996338,3.99270798166248,313.42757656050475,40,3140,78.5,70,81,3.8430756913220914,0.2567614041841947,0,0,0,0,0,0,,0,0,40,0,3140,0,benign
5353.0,5353.0,17,10.000762939453123,0.1999847423750019,17.198687844250163,2,172,86.0,86,86,0.0,10.005443334579468,0,0,0,0,0,0,,0,0,2,0,172,0,benign
5353.0,5353.0,17,1e-06,1000000.0,128000000.0,1,128,128.0,128,128,0.0,0.0,0,0,0,0,0,0,,0,0,1,0,128,0,benign
5353.0,5353.0,17,10.540200471878052,0.9487485581209444,76.8486332077965,10,810,81.0,81,81,0.0,1.170630613962809,0,0,0,0,0,0,,0,0,10,0,810,0,benign
65526.0,5355.0,17,0.417891263961792,4.7859339796652485,358.94504847489367,2,150,75.0,75,75,0.0,0.4159977436065674,0,0,0,0,0,0,,0,0,2,0,150,0,benign
5353.0,5353.0,17,15.053146839141846,1.5279197264052724,123.76149783882708,23,1863,81.0,81,81,0.0,0.6842426061630249,0,0,0,0,0,0,,0,0,23,0,1863,0,benign
57572.0,5355.0,17,0.4317765235900879,4.63202580670811,347.40193550310823,2,150,75.0,75,75,0.0,0.4215662479400635,0,0,0,0,0,0,,0,0,2,0,150,0,benign
5353.0,5353.0,17,0.7625222206115723,7.868623153286954,1253.733955757055,6,956,159.33333333333334,86,271,83.03172084611198,0.1523742198944092,0,0,0,0,0,0,,0,0,6,0,956,0,benign
54028.0,443.0,6,0.4187242984771728,281.8083412621273,20732.01873302142,118,8681,73.5677966101695,66,583,54.68940721721387,0.0035850757207625,1,0,1,0,3,117,64240.0,0,122,118,0,8681,0,benign
443.0,54028.0,6,0.4163143634796142,285.84168704961604,971849.7258137764,119,404595,3399.9579831932774,66,7066,1382.6126238795712,0.003540958388377,1,0,1,0,110,119,65535.0,0,231,119,0,404595,0,benign
5353.0,5353.0,17,1e-06,1000000.0,87000000.0,1,87,87.0,87,87,0.0,0.0,0,0,0,0,0,0,,0,0,1,0,87,0,benign
63763.0,5355.0,17,0.4158985614776611,4.808864913824484,360.6648685368364,2,150,75.0,75,75,0.0,0.4184012413024902,0,0,0,0,0,0,,0,0,2,0,150,0,benign
57621.0,57621.0,17,1e-06,1000000.0,86000000.0,1,86,86.0,86,86,0.0,0.0,0,0,0,0,0,0,,0,0,1,0,86,0,benign
54972.0,53.0,17,1e-06,1000000.0,82000000.0,1,82,82.0,82,82,0.0,0.0,0,0,0,0,0,0,,0,0,1,0,82,0,benign
49711.0,53.0,17,1e-06,1000000.0,82000000.0,1,82,82.0,82,82,0.0,0.0,0,0,0,0,0,0,,0,0,1,0,82,0,benign
53.0,54972.0,17,1e-06,1000000.0,130000000.0,1,130,130.0,130,130,0.0,0.0,0,0,0,0,0,0,,0,0,1,0,130,0,benign
53.0,49711.0,17,1e-06,1000000.0,166000000.0,1,166,166.0,166,166,0.0,0.0,0,0,0,0,0,0,,0,0,1,0,166,0,benign
5353.0,5353.0,17,15.056106328964232,1.4612011578104644,284.7349710697028,22,4287,194.8636363636364,83,310,112.87299877656238,0.717289095833188,0,0,0,0,0,0,,0,0,22,0,4287,0,benign
47320.0,443.0,6,2.118062734603882,85.45544805775097,7625.836447672893,181,16152,89.23756906077348,66,1011,137.8529164752214,0.0117344511879815,1,0,0,0,6,180,64240.0,0,187,181,0,16152,0,benign
443.0,47320.0,6,1.9477577209472656,94.9810122739638,265014.9936250595,185,516185,2790.189189189189,66,4410,650.0773130374336,0.0106056915677112,1,0,0,0,177,185,41352.0,0,363,185,0,516185,0,benign
48460.0,443.0,6,1e-06,1000000.0,66000000.0,1,66,66.0,66,66,0.0,0.0,0,1,0,0,0,1,501.0,0,2,1,0,66,0,benign
40834.0,443.0,6,0.1224157810211181,16.33776285473338,1078.2923484124033,2,132,66.0,66,66,0.0,0.1169860363006591,0,0,1,0,0,2,6292.0,0,3,2,0,132,0,benign
58016.0,443.0,6,0.1219050884246826,16.406206056244095,1082.8095997121104,2,132,66.0,66,66,0.0,0.1163663864135742,0,0,1,0,0,2,533.0,0,3,2,0,132,0,benign
443.0,40834.0,6,1e-06,1000000.0,66000000.0,1,66,66.0,66,66,0.0,0.0,0,0,1,0,0,1,79.0,0,2,1,0,66,0,benign
443.0,58016.0,6,1e-06,1000000.0,66000000.0,1,66,66.0,66,66,0.0,0.0,0,0,1,0,0,1,78.0,0,2,1,0,66,0,benign
56061.0,5355.0,17,0.4252972602844238,4.702593190142985,352.69448926072386,2,150,75.0,75,75,0.0,0.4209561347961426,0,0,0,0,0,0,,0,0,2,0,150,0,benign
59224.0,1900.0,17,3.019089937210083,1.324902564411966,280.87934365533675,4,848,212.0,212,212,0.0,1.005998690923055,0,0,0,0,0,0,,0,0,4,0,848,0,benign
54119.0,5355.0,17,0.4147500991821289,4.822180884209365,361.6635663157023,2,150,75.0,75,75,0.0,0.415062665939331,0,0,0,0,0,0,,0,0,2,0,150,0,benign
50189.0,5355.0,17,0.4195489883422851,4.767023769744664,343.22571142161576,2,144,72.0,72,72,0.0,0.4189903736114502,0,0,0,0,0,0,,0,0,2,0,144,0,benign
56879.0,5355.0,17,0.4213552474975586,4.746588566009465,355.9941424507099,2,150,75.0,75,75,0.0,0.4219377040863037,0,0,0,0,0,0,,0,0,2,0,150,0,benign
40138.0,443.0,6,1e-06,1000000.0,66000000.0,1,66,66.0,66,66,0.0,0.0,0,0,0,0,0,1,501.0,0,1,1,0,66,0,benign
5353.0,5353.0,17,0.7601151466369629,7.893540901725576,1702.3736544721492,6,1294,215.66666666666663,82,385,147.72226191968042,0.150751256942749,0,0,0,0,0,0,,0,0,6,0,1294,0,benign
49359.0,5355.0,17,0.4198822975158691,4.763239631278839,342.95325345207635,2,144,72.0,72,72,0.0,0.4167520999908447,0,0,0,0,0,0,,0,0,2,0,144,0,benign
50192.0,1900.0,17,3.0568435192108154,1.308539339636423,234.2285417949197,4,716,179.0,179,179,0.0,1.0193833510080974,0,0,0,0,0,0,,0,0,4,0,716,0,benign
57405.0,5355.0,17,0.425574779510498,4.699526607992202,352.4644955994151,2,150,75.0,75,75,0.0,0.4262387752532959,0,0,0,0,0,0,,0,0,2,0,150,0,benign
53096.0,1900.0,17,1e-06,1000000.0,167000000.0,1,167,167.0,167,167,0.0,0.0,0,0,0,0,0,0,,0,0,1,0,167,0,benign
40612.0,443.0,6,0.4703071117401123,240.2685334310718,17726.714718715448,113,8337,73.77876106194691,66,583,55.25844061467545,0.0042035962854112,1,0,1,0,3,112,64240.0,0,117,113,0,8337,0,benign
443.0,40612.0,6,0.4690697193145752,253.69363039227497,809557.6933742194,119,379739,3191.084033613445,66,7066,1325.3596926541888,0.0039845119088383,1,0,1,0,107,119,65535.0,0,228,119,0,379739,0,benign
5353.0,5353.0,17,0.7789392471313477,7.702783011764533,1177.242003631346,6,917,152.83333333333334,83,259,79.04534563569614,0.1551551342010498,0,0,0,0,0,0,,0,0,6,0,917,0,benign
51473.0,5355.0,17,0.4336194992065429,4.612338706307472,332.0883868541379,2,144,72.0,72,72,0.0,0.4327442646026611,0,0,0,0,0,0,,0,0,2,0,144,0,benign
52247.0,5355.0,17,0.4193062782287597,4.769783100907604,357.73373256807025,2,150,75.0,75,75,0.0,0.4149889945983886,0,0,0,0,0,0,,0,0,2,0,150,0,benign
45938.0,53.0,17,1e-06,1000000.0,85000000.0,1,85,85.0,85,85,0.0,0.0,0,0,0,0,0,0,,0,0,1,0,85,0,benign
53.0,45938.0,17,1e-06,1000000.0,101000000.0,1,101,101.0,101,101,0.0,0.0,0,0,0,0,0,0,,0,0,1,0,101,0,benign
50594.0,53.0,17,1e-06,1000000.0,85000000.0,1,85,85.0,85,85,0.0,0.0,0,0,0,0,0,0,,0,0,1,0,85,0,benign
53.0,50594.0,17,1e-06,1000000.0,113000000.0,1,113,113.0,113,113,0.0,0.0,0,0,0,0,0,0,,0,0,1,0,113,0,benign
64349.0,5355.0,17,0.4068591594696045,4.915705972079548,353.93082998972744,2,144,72.0,72,72,0.0,0.4066879749298095,0,0,0,0,0,0,,0,0,2,0,144,0,benign
42954.0,80.0,6,1e-06,1000000.0,66000000.0,1,66,66.0,66,66,0.0,0.0,0,0,0,0,0,1,482.0,0,1,1,0,66,0,benign
137.0,137.0,17,2.263376474380493,5.301813523216243,583.1994875537866,12,1320,110.0,110,110,0.0,0.2054007920351895,0,0,0,0,0,0,,0,0,12,0,1320,0,benign
137.0,137.0,17,15.329408645629885,1.1089795042319763,102.02611438934184,17,1564,92.0,92,92,0.0,0.9580428302288057,0,0,0,0,0,0,,0,0,17,0,1564,0,benign
42956.0,80.0,6,1e-06,1000000.0,66000000.0,1,66,66.0,66,66,0.0,0.0,0,0,0,0,0,1,495.0,0,1,1,0,66,0,benign
42714.0,443.0,6,1e-06,1000000.0,66000000.0,1,66,66.0,66,66,0.0,0.0,0,0,0,0,0,1,911.0,0,1,1,0,66,0,benign
56280.0,5355.0,17,0.426532506942749,4.688974386349522,351.6730789762142,2,150,75.0,75,75,0.0,0.4215483665466308,0,0,0,0,0,0,,0,0,2,0,150,0,benign
54324.0,5355.0,17,0.4213418960571289,4.746738975439613,356.005423157971,2,150,75.0,75,75,0.0,0.4151501655578613,0,0,0,0,0,0,,0,0,2,0,150,0,benign
5353.0,5353.0,17,0.0009732246398925,2055.0240078392944,199337.3287604116,2,194,97.0,91,103,8.48528137423857,0.0003135204315185,0,0,0,0,0,0,,0,0,2,0,194,0,benign
5353.0,5353.0,17,1e-06,1000000.0,91000000.0,1,91,91.0,91,91,0.0,0.0,0,0,0,0,0,0,,0,0,1,0,91,0,benign
5353.0,5353.0,17,1e-06,1000000.0,136000000.0,1,136,136.0,136,136,0.0,0.0,0,0,0,0,0,0,,0,0,1,0,136,0,benign
5353.0,5353.0,17,1e-06,1000000.0,133000000.0,1,133,133.0,133,133,0.0,0.0,0,0,0,0,0,0,,0,0,1,0,133,0,benign
5353.0,5353.0,17,1.013751983642578,1.972869135913964,167.69387655268693,2,170,85.0,85,85,0.0,1.0136888027191162,0,0,0,0,0,0,,0,0,2,0,170,0,benign
57621.0,57621.0,17,1e-06,1000000.0,86000000.0,1,86,86.0,86,86,0.0,0.0,0,0,0,0,0,0,,0,0,1,0,86,0,benign
49925.0,21027.0,17,1e-06,1000000.0,343000000.0,1,343,343.0,343,343,0.0,0.0,0,0,0,0,0,0,,0,0,1,0,343,0,benign
49547.0,3702.0,17,13.90553331375122,0.9348796415556578,652.5459898058492,13,9074,698.0,698,698,0.0,1.158274531364441,0,0,0,0,0,0,,0,0,13,0,9074,0,benign
41053.0,53.0,17,1e-06,1000000.0,89000000.0,1,89,89.0,89,89,0.0,0.0,0,0,0,0,0,0,,0,0,1,0,89,0,benign
37389.0,53.0,17,1e-06,1000000.0,89000000.0,1,89,89.0,89,89,0.0,0.0,0,0,0,0,0,0,,0,0,1,0,89,0,benign
57621.0,57621.0,17,1e-06,1000000.0,86000000.0,1,86,86.0,86,86,0.0,0.0,0,0,0,0,0,0,,0,0,1,0,86,0,benign
53.0,41053.0,17,1e-06,1000000.0,105000000.0,1,105,105.0,105,105,0.0,0.0,0,0,0,0,0,0,,0,0,1,0,105,0,benign
53.0,37389.0,17,1e-06,1000000.0,117000000.0,1,117,117.0,117,117,0.0,0.0,0,0,0,0,0,0,,0,0,1,0,117,0,benign
54018.0,443.0,6,0.5393974781036377,150.16755414721644,12782.781306729104,81,6895,85.12345679012346,66,701,96.36108949104526,0.0067172527313232,1,0,0,0,4,80,64240.0,0,85,81,0,6895,0,benign
54572.0,3544.0,17,1e-06,1000000.0,82000000.0,1,82,82.0,82,82,0.0,0.0,0,0,0,0,0,0,,0,0,1,0,82,0,benign
63705.0,5355.0,17,0.4100451469421386,4.877511695760221,365.8133771820166,2,150,75.0,75,75,0.0,0.4102320671081543,0,0,0,0,0,0,,0,0,2,0,150,0,benign
40616.0,443.0,6,0.4562451839447021,256.44106308896545,18996.36490420567,117,8667,74.07692307692308,66,583,57.364556197117984,0.0039332755680741,1,0,1,0,3,116,64240.0,0,121,117,0,8667,0,benign
443.0,40616.0,6,0.4589824676513672,252.73296514696287,880201.3769006686,116,403997,3482.7327586206898,66,7066,1454.4710519651114,0.0039794984071151,1,0,1,0,111,116,65535.0,0,229,116,0,403997,0,benign
138.0,138.0,17,1e-06,1000000.0,243000000.0,1,243,243.0,243,243,0.0,0.0,0,0,0,0,0,0,,0,0,1,0,243,0,benign
17500.0,17500.0,17,0.0012986660003662,3080.083715806866,542094.7339820084,4,704,176.0,176,176,0.0,0.0011617342631022,0,0,0,0,0,0,,0,0,4,0,704,0,benign
17500.0,17500.0,17,1e-06,1000000.0,176000000.0,1,176,176.0,176,176,0.0,0.0,0,0,0,0,0,0,,0,0,1,0,176,0,benign
64851.0,5355.0,17,0.4091601371765136,4.888061710511135,366.6046282883351,2,150,75.0,75,75,0.0,0.4098184108734131,0,0,0,0,0,0,,0,0,2,0,150,0,benign
53099.0,5355.0,17,0.4144380092620849,4.825812197006349,361.9359147754762,2,150,75.0,75,75,0.0,0.4161038398742676,0,0,0,0,0,0,,0,0,2,0,150,0,benign
49157.0,1900.0,17,3.0067780017852783,1.3303276788725322,282.02946792097686,4,848,212.0,212,212,0.0,1.002320369084676,0,0,0,0,0,0,,0,0,4,0,848,0,benign
5353.0,5353.0,17,0.7796025276184082,7.696229536773409,1589.2713993437087,6,1239,206.5,93,363,126.54445859064712,0.155995512008667,0,0,0,0,0,0,,0,0,6,0,1239,0,benign
5353.0,5353.0,17,14.050798892974854,1.4945769390023524,121.06073205919056,21,1701,81.0,81,81,0.0,0.7025290131568909,0,0,0,0,0,0,,0,0,21,0,1701,0,benign
46136.0,443.0,6,0.2737452983856201,153.42729262453068,13315.297181343198,42,3645,86.78571428571429,66,583,89.3651145211586,0.0067097675509569,1,0,1,0,3,41,64240.0,0,46,42,0,3645,0,benign
443.0,46136.0,6,0.2743866443634033,156.7131669245895,368866.3500179431,43,101212,2353.767441860465,66,2866,953.6457073280436,0.0065615347453526,1,0,1,0,39,43,65535.0,0,84,43,0,101212,0,benign
137.0,137.0,17,15.08548903465271,0.8617552914683669,79.28148681508976,13,1196,92.0,92,92,0.0,1.2566199501355488,0,0,0,0,0,0,,0,0,13,0,1196,0,benign
5353.0,5353.0,17,15.085617065429688,0.596594753861575,48.324175062787575,9,729,81.0,81,81,0.0,1.8848305642604828,0,0,0,0,0,0,,0,0,9,0,729,0,benign
54282.0,5355.0,17,0.4112749099731445,4.8629273303606,364.719549777045,2,150,75.0,75,75,0.0,0.4119801521301269,0,0,0,0,0,0,,0,0,2,0,150,0,benign
5353.0,5353.0,17,5.351558446884155,1.3080301877438374,245.72281384044945,7,1315,187.8571428571429,82,363,131.69336679249588,0.8910184303919474,0,0,0,0,0,0,,0,0,7,0,1315,0,benign
54028.0,443.0,6,1e-06,1000000.0,66000000.0,1,66,66.0,66,66,0.0,0.0,0,0,0,0,0,1,4292.0,0,1,1,0,66,0,benign
5353.0,5353.0,17,15.003889560699465,1.1330395315977972,228.6073878459085,17,3430,201.76470588235293,83,310,114.01509188028832,0.937432587146759,0,0,0,0,0,0,,0,0,17,0,3430,0,benign
62898.0,1900.0,17,1e-06,1000000.0,167000000.0,1,167,167.0,167,167,0.0,0.0,0,0,0,0,0,0,,0,0,1,0,167,0,benign
56869.0,5355.0,17,0.3951573371887207,5.061275122027742,379.5956341520807,2,150,75.0,75,75,0.0,0.4069254398345947,0,0,0,0,0,0,,0,0,2,0,150,0,benign
17500.0,17500.0,17,1e-06,1000000.0,176000000.0,1,176,176.0,176,176,0.0,0.0,0,0,0,0,0,0,,0,0,1,0,176,0,benign
137.0,137.0,17,1.5096349716186523,1.98723536245544,182.8256533459005,3,276,92.0,92,92,0.0,0.7543721199035645,0,0,0,0,0,0,,0,0,3,0,276,0,benign
5353.0,5353.0,17,12.95149540901184,0.3860558060747893,29.8807193901887,5,387,77.4,75,87,5.366563145999495,3.2392518520355225,0,0,0,0,0,0,,0,0,5,0,387,0,benign
137.0,137.0,17,3.751766204833984,1.3327056450259938,122.60891934239145,5,460,92.0,92,92,0.0,0.937484860420227,0,0,0,0,0,0,,0,0,5,0,460,0,benign
62479.0,5355.0,17,1e-06,1000000.0,69000000.0,1,69,69.0,69,69,0.0,0.0,0,0,0,0,0,0,,0,0,1,0,69,0,benign
64717.0,5355.0,17,1e-06,1000000.0,69000000.0,1,69,69.0,69,69,0.0,0.0,0,0,0,0,0,0,,0,0,1,0,69,0,benign
49444.0,5355.0,17,0.4121062755584717,4.853117068624281,363.983780146821,2,150,75.0,75,75,0.0,0.4145162105560303,0,0,0,0,0,0,,0,0,2,0,150,0,benign
5353.0,5353.0,17,10.030964851379396,5.183947982117522,407.3386818256191,52,4086,78.57692307692308,70,81,3.759151728709153,0.1963828217749502,0,0,0,0,0,0,,0,0,52,0,4086,0,benign
5353.0,5353.0,17,10.013584613800049,5.39267426028246,424.4234371518602,54,4250,78.70370370370371,70,81,3.532221651785816,0.1887506179089816,0,0,0,0,0,0,,0,0,54,0,4250,0,benign
5353.0,5353.0,17,9.997718334197998,0.2000456437304139,17.203925360815596,2,172,86.0,86,86,0.0,9.996877670288086,0,0,0,0,0,0,,0,0,2,0,172,0,benign
5353.0,5353.0,17,1e-06,1000000.0,139000000.0,1,139,139.0,139,139,0.0,0.0,0,0,0,0,0,0,,0,0,1,0,139,0,benign
5353.0,5353.0,17,1e-06,1000000.0,139000000.0,1,139,139.0,139,139,0.0,0.0,0,0,0,0,0,0,,0,0,1,0,139,0,benign
5353.0,5353.0,17,1e-06,1000000.0,139000000.0,1,139,139.0,139,139,0.0,0.0,0,0,0,0,0,0,,0,0,1,0,139,0,benign
5353.0,5353.0,17,1e-06,1000000.0,139000000.0,1,139,139.0,139,139,0.0,0.0,0,0,0,0,0,0,,0,0,1,0,139,0,benign
5353.0,5353.0,17,0.8067333698272705,7.437401531170898,1870.5064850894807,6,1509,251.5,93,453,175.21843510315915,0.1597234725952148,0,0,0,0,0,0,,0,0,6,0,1509,0,benign
52191.0,1900.0,17,3.017756462097168,1.3254880074783202,282.3289455928822,4,852,213.0,213,213,0.0,1.000794251759847,0,0,0,0,0,0,,0,0,4,0,852,0,benign
58733.0,5355.0,17,0.4103093147277832,4.874371427143656,365.5778570357742,2,150,75.0,75,75,0.0,0.4143807888031006,0,0,0,0,0,0,,0,0,2,0,150,0,benign
62056.0,1900.0,17,3.033583641052246,1.318572511359053,279.5373724081192,4,848,212.0,212,212,0.0,1.0133329232533772,0,0,0,0,0,0,,0,0,4,0,848,0,benign
5353.0,5353.0,17,2.039128065109253,9.31770805625296,857.2291411752725,19,1748,92.0,92,92,0.0,0.1133452786339653,0,0,0,0,0,0,,0,0,19,0,1748,0,benign
57295.0,5355.0,17,0.4173934459686279,4.791642080911648,412.0812189584017,2,172,86.0,86,86,0.0,0.4204587936401367,0,0,0,0,0,0,,0,0,2,0,172,0,benign
50157.0,5355.0,17,0.4084615707397461,4.896421458640262,421.0922454430625,2,172,86.0,86,86,0.0,0.4089465141296386,0,0,0,0,0,0,,0,0,2,0,172,0,benign
57075.0,3702.0,17,6.8642942905426025,1.0197697976971016,711.799318792577,7,4886,698.0,698,698,0.0,1.143060843149821,0,0,0,0,0,0,,0,0,7,0,4886,0,benign
53607.0,5355.0,17,0.4222843647003174,4.736145041551184,326.79400786703167,2,138,69.0,69,69,0.0,0.4152936935424804,0,0,0,0,0,0,,0,0,2,0,138,0,benign
65235.0,5355.0,17,0.4217813014984131,4.741793893884897,327.1837786780579,2,138,69.0,69,69,0.0,0.4152939319610595,0,0,0,0,0,0,,0,0,2,0,138,0,benign
58731.0,5355.0,17,0.4106595516204834,4.870214249511301,418.8384254579719,2,172,86.0,86,86,0.0,0.4142696857452392,0,0,0,0,0,0,,0,0,2,0,172,0,benign
34192.0,443.0,6,0.1425297260284423,77.17688307213125,11709.837986126096,11,1669,151.72727272727272,66,583,175.2587178482662,0.0142720460891723,1,0,1,0,3,10,64240.0,0,15,11,0,1669,0,benign
443.0,34192.0,6,0.1434059143066406,69.73213098183173,67305.45282366397,10,9652,965.2,66,2866,1190.4030876602728,0.0158716307746039,1,0,1,0,6,10,65535.0,0,18,10,0,9652,0,benign
40612.0,443.0,6,1e-06,1000000.0,66000000.0,1,66,66.0,66,66,0.0,0.0,0,0,0,0,0,1,3451.0,0,1,1,0,66,0,benign
61250.0,5355.0,17,0.4101941585540771,4.875739837568491,419.3136260308903,2,172,86.0,86,86,0.0,0.4121880531311035,0,0,0,0,0,0,,0,0,2,0,172,0,benign
49322.0,5355.0,17,0.4105114936828613,4.8719707749403245,418.9894866448679,2,172,86.0,86,86,0.0,0.4118978977203369,0,0,0,0,0,0,,0,0,2,0,172,0,benign
58659.0,5355.0,17,0.4038598537445068,4.952212955698381,371.41597167737854,2,150,75.0,75,75,0.0,0.4108572006225586,0,0,0,0,0,0,,0,0,2,0,150,0,benign
5353.0,5353.0,17,0.8080918788909912,7.424898277946163,1949.035797960868,6,1575,262.5,93,475,187.16596912900596,0.1602932453155517,0,0,0,0,0,0,,0,0,6,0,1575,0,benign
137.0,137.0,17,14.7633855342865,1.1514973960762038,105.93776043901076,17,1564,92.0,92,92,0.0,0.9232224225997924,0,0,0,0,0,0,,0,0,17,0,1564,0,benign
5353.0,5353.0,17,6.290940999984741,1.4306285816417337,111.11215317417464,9,699,77.66666666666667,70,139,23.0,0.7862516045570374,0,0,0,0,0,0,,0,0,9,0,699,0,benign
52354.0,5355.0,17,0.4191577434539795,4.771473344425011,305.3742940432007,2,128,64.0,64,64,0.0,0.4196887016296386,0,0,0,0,0,0,,0,0,2,0,128,0,benign
137.0,137.0,17,6.80624532699585,0.8815433049705084,81.10198405728677,6,552,92.0,92,92,0.0,1.361746311187744,0,0,0,0,0,0,,0,0,6,0,552,0,benign
59761.0,5355.0,17,0.4178721904754638,4.78615243030257,306.3137555393645,2,128,64.0,64,64,0.0,0.419417142868042,0,0,0,0,0,0,,0,0,2,0,128,0,benign
51842.0,1900.0,17,3.010309219360352,1.3287671493262556,279.0411013585137,4,840,210.0,210,210,0.0,1.0007057189941406,0,0,0,0,0,0,,0,0,4,0,840,0,benign
61157.0,5355.0,17,0.4208145141601562,4.752687782149138,356.45158366118534,2,150,75.0,75,75,0.0,0.4225857257843017,0,0,0,0,0,0,,0,0,2,0,150,0,benign
33427.0,1900.0,17,3.0058236122131348,1.330750075868514,279.45751593238793,4,840,210.0,210,210,0.0,1.0008974075317385,0,0,0,0,0,0,,0,0,4,0,840,0,benign
51687.0,1900.0,17,3.020706415176392,1.3241935660822648,280.7290360094401,4,848,212.0,212,212,0.0,1.008891264597575,0,0,0,0,0,0,,0,0,4,0,848,0,benign
5353.0,5353.0,17,12.483427047729492,0.160212415417108,17.54325948817333,2,219,109.5,87,132,31.81980515339464,12.481516361236572,0,0,0,0,0,0,,0,0,2,0,219,0,benign
49547.0,3702.0,17,1e-06,1000000.0,698000000.0,1,698,698.0,698,698,0.0,0.0,0,0,0,0,0,0,,0,0,1,0,698,0,benign
36034.0,443.0,6,0.2704880237579345,151.57787553910987,13250.12453493097,41,3584,87.41463414634147,66,583,90.757913046124,0.0067795574665069,1,0,1,0,3,40,64240.0,0,45,41,0,3584,0,benign
443.0,36034.0,6,0.2714407444000244,158.41394811616988,369601.8452268545,43,100325,2333.139534883721,66,2866,939.281198865726,0.0064504600706554,1,0,1,0,37,43,65535.0,0,82,43,0,100325,0,benign
57159.0,5355.0,17,0.4149281978607178,4.820111070569746,361.508330292731,2,150,75.0,75,75,0.0,0.413628339767456,0,0,0,0,0,0,,0,0,2,0,150,0,benign
40616.0,443.0,6,1e-06,1000000.0,66000000.0,1,66,66.0,66,66,0.0,0.0,0,0,0,0,0,1,4887.0,0,1,1,0,66,0,benign
57621.0,57621.0,17,1e-06,1000000.0,86000000.0,1,86,86.0,86,86,0.0,0.0,0,0,0,0,0,0,,0,0,1,0,86,0,benign
58350.0,3702.0,17,6.773277044296265,1.0334731554934191,721.3642625344065,7,4886,698.0,698,698,0.0,1.1283433039983113,0,0,0,0,0,0,,0,0,7,0,4886,0,benign
52744.0,5355.0,17,0.4179952144622803,4.784743774095239,358.85578305714296,2,150,75.0,75,75,0.0,0.4123516082763672,0,0,0,0,0,0,,0,0,2,0,150,0,benign
57621.0,57621.0,17,1e-06,1000000.0,86000000.0,1,86,86.0,86,86,0.0,0.0,0,0,0,0,0,0,,0,0,1,0,86,0,benign
5353.0,5353.0,17,1e-06,1000000.0,83000000.0,1,83,83.0,83,83,0.0,0.0,0,0,0,0,0,0,,0,0,1,0,83,0,benign
5353.0,5353.0,17,1e-06,1000000.0,132000000.0,1,132,132.0,132,132,0.0,0.0,0,0,0,0,0,0,,0,0,1,0,132,0,benign
5353.0,5353.0,17,5.562094211578369,4.314921518236826,2014.5289838268184,24,11205,466.875,84,1514,521.8609103799677,0.2416888319927713,0,0,0,0,0,0,,0,0,24,0,11205,0,benign
5353.0,5353.0,17,4.778824329376221,0.4185129777015803,103.37270549229036,2,494,247.0,132,362,162.63455967290594,4.772524118423462,0,0,0,0,0,0,,0,0,2,0,494,0,benign
5353.0,5353.0,17,1e-06,1000000.0,139000000.0,1,139,139.0,139,139,0.0,0.0,0,0,0,0,0,0,,0,0,1,0,139,0,benign
53254.0,5355.0,17,0.4191246032714844,4.7718506248236565,357.88879686177427,2,150,75.0,75,75,0.0,0.421030044555664,0,0,0,0,0,0,,0,0,2,0,150,0,benign
5353.0,5353.0,17,10.572612762451172,0.2837519984326443,25.253927860505343,3,267,89.0,87,90,1.7320508075688772,5.287004828453064,0,0,0,0,0,0,,0,0,3,0,267,0,benign
36040.0,443.0,6,0.2489223480224609,172.74463438742748,14948.436850130644,43,3721,86.53488372093024,66,583,89.02978336254333,0.0058767284665788,1,0,1,0,3,42,64240.0,0,47,43,0,3721,0,benign
443.0,36040.0,6,0.2520186901092529,170.6222660762145,407477.71506740974,43,102692,2388.186046511628,66,2866,936.184257805358,0.0059104646955217,1,0,1,0,39,43,65535.0,0,84,43,0,102692,0,benign
5353.0,5353.0,17,1e-06,1000000.0,87000000.0,1,87,87.0,87,87,0.0,0.0,0,0,0,0,0,0,,0,0,1,0,87,0,benign
137.0,137.0,17,1.516183614730835,1.97865217039203,182.03599967606675,3,276,92.0,92,92,0.0,0.7601754665374756,0,0,0,0,0,0,,0,0,3,0,276,0,benign
52950.0,5355.0,17,0.4132959842681885,4.839146945841595,309.70540453386207,2,128,64.0,64,64,0.0,0.4158153533935547,0,0,0,0,0,0,,0,0,2,0,128,0,benign
52575.0,5355.0,17,0.4122838973999023,4.851026228802875,310.465678643384,2,128,64.0,64,64,0.0,0.414637804031372,0,0,0,0,0,0,,0,0,2,0,128,0,benign
52493.0,1900.0,17,1e-06,1000000.0,167000000.0,1,167,167.0,167,167,0.0,0.0,0,0,0,0,0,0,,0,0,1,0,167,0,benign
5353.0,5353.0,17,15.010878086090088,1.5322221570311116,124.10999471952005,23,1863,81.0,81,81,0.0,0.6827380657196045,0,0,0,0,0,0,,0,0,23,0,1863,0,benign
36425.0,53.0,17,1e-06,1000000.0,90000000.0,1,90,90.0,90,90,0.0,0.0,0,0,0,0,0,0,,0,0,1,0,90,0,benign
36934.0,53.0,17,1e-06,1000000.0,90000000.0,1,90,90.0,90,90,0.0,0.0,0,0,0,0,0,0,,0,0,1,0,90,0,benign
53.0,36425.0,17,1e-06,1000000.0,106000000.0,1,106,106.0,106,106,0.0,0.0,0,0,0,0,0,0,,0,0,1,0,106,0,benign
53.0,36934.0,17,1e-06,1000000.0,118000000.0,1,118,118.0,118,118,0.0,0.0,0,0,0,0,0,0,,0,0,1,0,118,0,benign
58082.0,3702.0,17,6.856965780258179,1.0208596957204643,712.560067612884,7,4886,698.0,698,698,0.0,1.1428046623865764,0,0,0,0,0,0,,0,0,7,0,4886,0,benign
65236.0,1900.0,17,3.023867607116699,0.6614046181429974,140.21777904631546,2,424,212.0,212,212,0.0,3.0026822090148926,0,0,0,0,0,0,,0,0,2,0,424,0,benign
59225.0,5355.0,17,0.4073729515075683,4.909506123562165,368.2129592671624,2,150,75.0,75,75,0.0,0.4134318828582763,0,0,0,0,0,0,,0,0,2,0,150,0,benign
46136.0,443.0,6,1e-06,1000000.0,66000000.0,1,66,66.0,66,66,0.0,0.0,0,0,0,0,0,1,1617.0,0,1,1,0,66,0,benign
5353.0,5353.0,17,0.7915534973144531,7.580030939609929,1565.2763890294505,6,1239,206.5,93,363,126.54445859064712,0.1584992408752441,0,0,0,0,0,0,,0,0,6,0,1239,0,benign
57055.0,5355.0,17,0.4238171577453613,4.719016121573927,353.9262091180445,2,150,75.0,75,75,0.0,0.4106242656707763,0,0,0,0,0,0,,0,0,2,0,150,0,benign
55932.0,1900.0,17,1e-06,1000000.0,167000000.0,1,167,167.0,167,167,0.0,0.0,0,0,0,0,0,0,,0,0,1,0,167,0,benign
137.0,137.0,17,7.914443016052246,1.3898640722650426,127.86749464838392,11,1012,92.0,92,92,0.0,0.7928078889846801,0,0,0,0,0,0,,0,0,11,0,1012,0,benign
5353.0,5353.0,17,0.0004963874816894,4029.1104707012487,346503.5004803074,2,172,86.0,81,91,7.071067811865476,2.384185791015625e-07,0,0,0,0,0,0,,0,0,2,0,172,0,benign
58806.0,5355.0,17,1e-06,1000000.0,75000000.0,1,75,75.0,75,75,0.0,0.0,0,0,0,0,0,0,,0,0,1,0,75,0,benign
5353.0,5353.0,17,7.170344114303589,0.97624324417516,79.07570277818796,7,567,81.0,81,81,0.0,1.1950275500615437,0,0,0,0,0,0,,0,0,7,0,567,0,benign
5353.0,5353.0,17,15.01176905632019,1.199059213638896,233.4168602550384,18,3504,194.66666666666663,83,310,113.58386380840837,0.8818414632011863,0,0,0,0,0,0,,0,0,18,0,3504,0,benign
,,17,0.4772109985351562,75.43832835057314,106663.5097603479,36,50901,1413.9166666666667,313,1514,336.64745230412353,0.0145092555454799,0,0,0,0,0,0,,0,0,36,0,50901,0,benign
61123.0,5355.0,17,0.4106447696685791,4.870389562283111,365.27921717123337,2,150,75.0,75,75,0.0,0.4121196269989013,0,0,0,0,0,0,,0,0,2,0,150,0,benign
52686.0,5355.0,17,0.4158120155334472,4.809865817451644,360.73993630887327,2,150,75.0,75,75,0.0,0.4167406558990478,0,0,0,0,0,0,,0,0,2,0,150,0,benign
5353.0,5353.0,17,1e-06,1000000.0,87000000.0,1,87,87.0,87,87,0.0,0.0,0,0,0,0,0,0,,0,0,1,0,87,0,benign
5353.0,5353.0,17,2.2075304985046387,1.3589846219711,116.41968261552422,3,257,85.66666666666667,85,87,1.1547005383792517,1.103441596031189,0,0,0,0,0,0,,0,0,3,0,257,0,benign
63246.0,1900.0,17,1e-06,1000000.0,167000000.0,1,167,167.0,167,167,0.0,0.0,0,0,0,0,0,0,,0,0,1,0,167,0,benign
50664.0,53.0,17,1e-06,1000000.0,90000000.0,1,90,90.0,90,90,0.0,0.0,0,0,0,0,0,0,,0,0,1,0,90,0,benign
54413.0,53.0,17,1e-06,1000000.0,90000000.0,1,90,90.0,90,90,0.0,0.0,0,0,0,0,0,0,,0,0,1,0,90,0,benign
53.0,50664.0,17,1e-06,1000000.0,127000000.0,1,127,127.0,127,127,0.0,0.0,0,0,0,0,0,0,,0,0,1,0,127,0,benign
53.0,54413.0,17,1e-06,1000000.0,139000000.0,1,139,139.0,139,139,0.0,0.0,0,0,0,0,0,0,,0,0,1,0,139,0,benign
59996.0,5355.0,17,0.4237420558929443,4.719852495607108,353.9889371705331,2,150,75.0,75,75,0.0,0.4160146713256836,0,0,0,0,0,0,,0,0,2,0,150,0,benign
34192.0,443.0,6,1e-06,1000000.0,66000000.0,1,66,66.0,66,66,0.0,0.0,0,0,0,0,0,1,501.0,0,1,1,0,66,0,benign
51428.0,1900.0,17,1e-06,1000000.0,167000000.0,1,167,167.0,167,167,0.0,0.0,0,0,0,0,0,0,,0,0,1,0,167,0,benign
61285.0,5355.0,17,0.413006067276001,4.842543871549115,309.92280777914334,2,128,64.0,64,64,0.0,0.4142837524414062,0,0,0,0,0,0,,0,0,2,0,128,0,benign
1900.0,1900.0,17,6.381338596343994,2.193897062290489,1127.663090017311,14,7196,514.0,487,537,23.06178990985205,0.4908669911898099,0,0,0,0,0,0,,0,0,14,0,7196,0,benign
52718.0,443.0,6,0.4249989986419678,258.82413923677825,19190.63345104694,110,8156,74.14545454545454,66,583,56.757626713583306,0.0039020022121044,1,0,1,0,3,109,64240.0,0,114,110,0,8156,0,benign
52922.0,5355.0,17,0.4147100448608398,4.822646629336216,308.6493842775178,2,128,64.0,64,64,0.0,0.4141151905059814,0,0,0,0,0,0,,0,0,2,0,128,0,benign
443.0,52718.0,6,0.4341588020324707,260.2734286878485,795086.9552431254,113,345194,3054.814159292036,66,5666,1112.0871910565331,0.0038104355335235,1,0,1,0,105,113,65535.0,0,220,113,0,345194,0,benign
51303.0,1900.0,17,3.0141711235046387,1.3270646675657611,281.3377095239413,4,848,212.0,212,212,0.0,1.004961013793945,0,0,0,0,0,0,,0,0,4,0,848,0,benign
49755.0,5355.0,17,0.4099090099334717,4.879131591483194,365.9348693612395,2,150,75.0,75,75,0.0,0.4119818210601806,0,0,0,0,0,0,,0,0,2,0,150,0,benign
5353.0,5353.0,17,10.021022081375122,3.293077266173593,259.1552018258431,33,2597,78.6969696969697,70,82,4.065747536468913,0.3127469941973686,0,0,0,0,0,0,,0,0,33,0,2597,0,benign
5353.0,5353.0,17,10.01290202140808,0.199742292067165,17.177837117776193,2,172,86.0,86,86,0.0,10.005045413970947,0,0,0,0,0,0,,0,0,2,0,172,0,benign
5353.0,5353.0,17,10.018198013305664,3.493642265157344,275.29901049439866,35,2758,78.8,70,82,4.19243015305387,0.2944228158277623,0,0,0,0,0,0,,0,0,35,0,2758,0,benign
61202.0,5355.0,17,0.4150741100311279,4.818416643355599,308.37866517475834,2,128,64.0,64,64,0.0,0.4142522811889648,0,0,0,0,0,0,,0,0,2,0,128,0,benign
5353.0,5353.0,17,0.5019338130950928,5.9768836482662735,1711.3810179535762,3,859,286.3333333333333,139,422,141.86025988039543,0.2492648363113403,0,0,0,0,0,0,,0,0,3,0,859,0,benign
137.0,137.0,17,2.273205041885376,5.278890279975496,580.6779307973045,12,1320,110.0,110,110,0.0,0.206595247442072,0,0,0,0,0,0,,0,0,12,0,1320,0,benign
51745.0,5355.0,17,0.4094939231872558,4.884077361718084,351.653570043702,2,144,72.0,72,72,0.0,0.411745548248291,0,0,0,0,0,0,,0,0,2,0,144,0,benign
51748.0,1900.0,17,3.0537824630737305,1.3098509957300204,234.46332823567369,4,716,179.0,179,179,0.0,1.018426736195882,0,0,0,0,0,0,,0,0,4,0,716,0,benign
65313.0,5355.0,17,0.4219217300415039,4.740215678873099,355.51617591548245,2,150,75.0,75,75,0.0,0.417560338973999,0,0,0,0,0,0,,0,0,2,0,150,0,benign
137.0,137.0,17,14.808083772659302,1.148021598269704,105.61798704081276,17,1564,92.0,92,92,0.0,0.9255048781633376,0,0,0,0,0,0,,0,0,17,0,1564,0,benign
59374.0,5355.0,17,0.4157016277313232,4.811143056896189,346.4023000965256,2,144,72.0,72,72,0.0,0.4148898124694824,0,0,0,0,0,0,,0,0,2,0,144,0,benign
49925.0,21027.0,17,1e-06,1000000.0,343000000.0,1,343,343.0,343,343,0.0,0.0,0,0,0,0,0,0,,0,0,1,0,343,0,benign
50036.0,1900.0,17,1e-06,1000000.0,167000000.0,1,167,167.0,167,167,0.0,0.0,0,0,0,0,0,0,,0,0,1,0,167,0,benign
60812.0,5355.0,17,0.4052529335021972,4.935189445060874,355.3336400443829,2,144,72.0,72,72,0.0,0.4099793434143066,0,0,0,0,0,0,,0,0,2,0,144,0,benign
36034.0,443.0,6,1e-06,1000000.0,66000000.0,1,66,66.0,66,66,0.0,0.0,0,0,0,0,0,1,1573.0,0,1,1,0,66,0,benign
61288.0,1900.0,17,0.0332164764404296,60.211082400229685,10777.783749641114,2,358,179.0,179,179,0.0,0.0331532955169677,0,0,0,0,0,0,,0,0,2,0,358,0,benign
59022.0,443.0,6,0.1765716075897216,56.63424678805555,10658.565245512054,10,1882,188.2,66,583,187.01800269849247,0.0195798608991834,1,0,1,0,4,9,64240.0,0,15,10,0,1882,0,benign
443.0,59022.0,6,0.180586576461792,60.91261164324332,45590.32105989293,11,8233,748.4545454545455,66,2866,925.0814411322242,0.0179334878921508,1,0,1,0,6,11,65535.0,0,19,11,0,8233,0,benign
52824.0,5355.0,17,0.4337701797485351,4.610736499128267,345.80523743462,2,150,75.0,75,75,0.0,0.4195473194122314,0,0,0,0,0,0,,0,0,2,0,150,0,benign
63309.0,5355.0,17,0.4237854480743408,4.719369221118603,339.7945839205394,2,144,72.0,72,72,0.0,0.420954942703247,0,0,0,0,0,0,,0,0,2,0,144,0,benign
137.0,137.0,17,2.265687227249145,5.296406253995457,582.6046879395002,12,1320,110.0,110,110,0.0,0.2063950191844593,0,0,0,0,0,0,,0,0,12,0,1320,0,benign
17500.0,17500.0,17,0.0034201145172119,1169.5514813523876,205841.06071802025,4,704,176.0,176,176,0.0,0.0019474029541015,0,0,0,0,0,0,,0,0,4,0,704,0,benign
17500.0,17500.0,17,1e-06,1000000.0,176000000.0,1,176,176.0,176,176,0.0,0.0,0,0,0,0,0,0,,0,0,1,0,176,0,benign
57621.0,57621.0,17,1e-06,1000000.0,86000000.0,1,86,86.0,86,86,0.0,0.0,0,0,0,0,0,0,,0,0,1,0,86,0,benign
36040.0,443.0,6,1e-06,1000000.0,66000000.0,1,66,66.0,66,66,0.0,0.0,0,0,0,0,0,1,1620.0,0,1,1,0,66,0,benign
60501.0,5355.0,17,0.4112429618835449,4.863305114912475,364.7478836184357,2,150,75.0,75,75,0.0,0.4180147647857666,0,0,0,0,0,0,,0,0,2,0,150,0,benign
51372.0,1900.0,17,3.027911901473999,1.32104239824573,280.0609884280948,4,848,212.0,212,212,0.0,1.0093305905659993,0,0,0,0,0,0,,0,0,4,0,848,0,benign
5353.0,5353.0,17,0.7645726203918457,7.847521399504187,1767.0002351216926,6,1351,225.16666666666663,91,401,148.7338786782173,0.1534642219543457,0,0,0,0,0,0,,0,0,6,0,1351,0,benign
5353.0,5353.0,17,14.072789192199709,2.060714447145572,166.91787021879134,29,2349,81.0,81,81,0.0,0.5025791696139744,0,0,0,0,0,0,,0,0,29,0,2349,0,benign
37120.0,443.0,6,0.5931203365325928,15.17398653469613,2510.451772240282,9,1489,165.44444444444446,66,583,183.3201510412256,0.0749473571777343,1,0,1,0,3,8,64240.0,0,13,9,0,1489,0,benign
443.0,37120.0,6,0.6103155612945557,11.469476519904104,9477.064598732191,7,5784,826.2857142857143,66,2866,1077.3426744055198,0.1002734104792277,1,0,1,0,3,7,65535.0,0,12,7,0,5784,0,benign
5353.0,5353.0,17,1e-06,1000000.0,87000000.0,1,87,87.0,87,87,0.0,0.0,0,0,0,0,0,0,,0,0,1,0,87,0,benign
80.0,48736.0,6,0.0823671817779541,48.56303097492423,6543.86842387104,4,539,134.75,66,333,132.22045983886156,0.0235602060953776,1,0,1,0,1,4,65160.0,0,7,4,0,539,0,benign
48736.0,80.0,6,0.0890359878540039,56.157067726352544,4784.582170285237,5,426,85.2,66,154,38.61605883567094,0.0195143222808837,1,0,1,0,1,4,64240.0,0,7,5,0,426,0,benign
5353.0,5353.0,17,1.0086164474487305,3.965828645882087,277.6080052117461,4,280,70.0,70,70,0.0,0.3363063335418701,0,0,0,0,0,0,,0,0,4,0,280,0,benign
137.0,137.0,17,1.5147042274475098,1.980584688177324,182.21379131231376,3,276,92.0,92,92,0.0,0.7586178779602051,0,0,0,0,0,0,,0,0,3,0,276,0,benign
49816.0,5355.0,17,0.4232633113861084,4.72519102459028,302.4122255737779,2,128,64.0,64,64,0.0,0.4213566780090332,0,0,0,0,0,0,,0,0,2,0,128,0,benign
64893.0,5355.0,17,0.4182736873626709,4.781558248644668,306.01972791325875,2,128,64.0,64,64,0.0,0.4207308292388916,0,0,0,0,0,0,,0,0,2,0,128,0,benign
5353.0,5353.0,17,1e-06,1000000.0,87000000.0,1,87,87.0,87,87,0.0,0.0,0,0,0,0,0,0,,0,0,1,0,87,0,benign
5353.0,5353.0,17,15.013267755508425,1.531978272455789,300.4675646542637,23,4511,196.1304347826087,83,385,117.9770025154464,0.6819435032931241,0,0,0,0,0,0,,0,0,23,0,4511,0,benign
53490.0,5355.0,17,0.4176523685455322,4.788671513979361,359.1503635484521,2,150,75.0,75,75,0.0,0.4164254665374756,0,0,0,0,0,0,,0,0,2,0,150,0,benign
17500.0,17500.0,17,1e-06,1000000.0,176000000.0,1,176,176.0,176,176,0.0,0.0,0,0,0,0,0,0,,0,0,1,0,176,0,benign
60219.0,1900.0,17,1e-06,1000000.0,167000000.0,1,167,167.0,167,167,0.0,0.0,0,0,0,0,0,0,,0,0,1,0,167,0,benign
64951.0,1900.0,17,1e-06,1000000.0,167000000.0,1,167,167.0,167,167,0.0,0.0,0,0,0,0,0,0,,0,0,1,0,167,0,benign
5353.0,5353.0,17,12.706701755523682,0.157397256855469,14.087054488564478,2,179,89.5,87,92,3.5355339059327378,12.722341299057009,0,0,0,0,0,0,,0,0,2,0,179,0,benign
5353.0,5353.0,17,1e-06,1000000.0,108000000.0,1,108,108.0,108,108,0.0,0.0,0,0,0,0,0,0,,0,0,1,0,108,0,benign
52708.0,443.0,6,0.5598976612091064,198.25051556795935,15901.120181094975,111,8903,80.2072072072072,66,583,71.91600114238291,0.0051035447554154,1,0,0,0,5,110,64240.0,0,116,111,0,8903,0,benign
443.0,52708.0,6,0.529416561126709,213.44251067536007,709071.1314377532,113,375394,3322.070796460177,66,7066,1384.449056979592,0.0047298903976167,1,0,0,0,106,113,65535.0,0,220,113,0,375394,0,benign
57621.0,57621.0,17,1e-06,1000000.0,86000000.0,1,86,86.0,86,86,0.0,0.0,0,0,0,0,0,0,,0,0,1,0,86,0,benign
52640.0,1900.0,17,3.045076370239258,1.3135959541420998,278.48234227812515,4,848,212.0,212,212,0.0,1.0102914969126384,0,0,0,0,0,0,,0,0,4,0,848,0,benign
54508.0,1900.0,17,3.017250299453736,1.3257103663969108,286.35343914173274,4,864,216.0,216,216,0.0,1.0086746215820312,0,0,0,0,0,0,,0,0,4,0,864,0,benign
64598.0,5355.0,17,0.4210813045501709,4.749676555069437,356.2257416302077,2,150,75.0,75,75,0.0,0.4199693202972412,0,0,0,0,0,0,,0,0,2,0,150,0,benign
137.0,137.0,17,15.49114179611206,1.2265073969414306,112.8386805186116,19,1748,92.0,92,92,0.0,0.8520404365327623,0,0,0,0,0,0,,0,0,19,0,1748,0,benign
5353.0,5353.0,17,13.945174932479858,0.8605126904540057,69.70152792677446,12,972,81.0,81,81,0.0,1.2680964469909668,0,0,0,0,0,0,,0,0,12,0,972,0,benign
53031.0,5355.0,17,0.4100685119628906,4.8772337832683705,365.7925337451278,2,150,75.0,75,75,0.0,0.4125740528106689,0,0,0,0,0,0,,0,0,2,0,150,0,benign
57012.0,1900.0,17,2.990299224853516,1.337658775668494,283.5836604417207,4,848,212.0,212,212,0.0,0.999388615290324,0,0,0,0,0,0,,0,0,4,0,848,0,benign
58754.0,1900.0,17,3.0331835746765137,1.3187464264923685,279.5742424163821,4,848,212.0,212,212,0.0,1.010857025782267,0,0,0,0,0,0,,0,0,4,0,848,0,benign
52718.0,443.0,6,1e-06,1000000.0,66000000.0,1,66,66.0,66,66,0.0,0.0,0,0,0,0,0,1,3485.0,0,1,1,0,66,0,benign
51192.0,5355.0,17,0.4098532199859619,4.879795747532502,365.98468106493766,2,150,75.0,75,75,0.0,0.4145970344543457,0,0,0,0,0,0,,0,0,2,0,150,0,benign
5353.0,5353.0,17,2.431715488433838,12.336969576700644,1130.8888778642256,30,2750,91.66666666666669,91,93,0.6064784348631227,0.0835801650737894,0,0,0,0,0,0,,0,0,30,0,2750,0,benign
59181.0,5355.0,17,0.42244553565979,4.734338112666597,355.0753584499948,2,150,75.0,75,75,0.0,0.4168698787689209,0,0,0,0,0,0,,0,0,2,0,150,0,benign
50439.0,1900.0,17,3.0166661739349365,1.3259670674075297,281.10501829039623,4,848,212.0,212,212,0.0,1.0062415599822998,0,0,0,0,0,0,,0,0,4,0,848,0,benign
57621.0,57621.0,17,1e-06,1000000.0,86000000.0,1,86,86.0,86,86,0.0,0.0,0,0,0,0,0,0,,0,0,1,0,86,0,benign
5353.0,5353.0,17,1e-06,1000000.0,87000000.0,1,87,87.0,87,87,0.0,0.0,0,0,0,0,0,0,,0,0,1,0,87,0,benign
46570.0,443.0,6,8.176949501037598,3.7911448512756887,426.19805828050886,31,3485,112.41935483870968,66,583,120.94703363967452,0.2725612322489421,1,0,1,0,5,30,64240.0,0,37,31,0,3485,0,benign
58818.0,443.0,6,4.714761018753052,2.3330981053434714,486.76910470575154,11,2295,208.63636363636363,66,683,234.74551017102445,0.4714801549911499,1,0,1,0,4,10,64240.0,0,16,11,0,2295,0,benign
59960.0,443.0,6,4.414496421813965,3.624422464346551,703.1379580832308,16,3104,194.0,66,789,264.9198620966977,0.2938802401224772,1,0,1,0,4,15,64240.0,0,21,16,0,3104,0,benign
443.0,46570.0,6,8.17685317993164,4.28037525314752,8123.540748294972,35,66425,1897.857142857143,66,2866,1091.4413606316552,0.2405003519619212,1,0,1,0,29,35,65535.0,0,66,35,0,66425,0,benign
443.0,58818.0,6,4.71487832069397,1.9088509581463209,1822.9526650297364,9,8595,955.0,66,2866,1135.3449916214895,0.5893394947052002,1,0,1,0,4,9,65535.0,0,15,9,0,8595,0,benign
443.0,59960.0,6,4.40859842300415,3.1756124411213627,4132.152274279133,14,18217,1301.2142857142858,66,2866,1099.955745863052,0.3391008560474102,1,0,1,0,9,14,65535.0,0,25,14,0,18217,0,benign
57621.0,57621.0,17,1e-06,1000000.0,86000000.0,1,86,86.0,86,86,0.0,0.0,0,0,0,0,0,0,,0,0,1,0,86,0,benign
57458.0,1900.0,17,1e-06,1000000.0,167000000.0,1,167,167.0,167,167,0.0,0.0,0,0,0,0,0,0,,0,0,1,0,167,0,benign
5353.0,5353.0,17,0.791367769241333,7.581809915953576,1666.7345465237945,6,1319,219.83333333333331,89,391,145.01367751583527,0.1568504810333252,0,0,0,0,0,0,,0,0,6,0,1319,0,benign
137.0,137.0,17,14.051888704299929,1.3521314038151993,124.39608915099832,19,1748,92.0,92,92,0.0,0.7806141508950127,0,0,0,0,0,0,,0,0,19,0,1748,0,benign
59680.0,5355.0,17,0.4106285572052002,4.870581855320295,365.29363914902217,2,150,75.0,75,75,0.0,0.4152512550354004,0,0,0,0,0,0,,0,0,2,0,150,0,benign
58115.0,6646.0,17,1e-06,1000000.0,246000000.0,1,246,246.0,246,246,0.0,0.0,0,0,0,0,0,0,,0,0,1,0,246,0,benign
5353.0,5353.0,17,0.7571697235107422,7.924247118836199,1644.281277158511,6,1245,207.5,93,365,127.62092304947492,0.1510190963745117,0,0,0,0,0,0,,0,0,6,0,1245,0,benign
49811.0,5355.0,17,0.4089720249176025,4.8903100411402205,366.7732530855165,2,150,75.0,75,75,0.0,0.4146285057067871,0,0,0,0,0,0,,0,0,2,0,150,0,benign
59022.0,443.0,6,1e-06,1000000.0,66000000.0,1,66,66.0,66,66,0.0,0.0,0,0,0,0,0,1,501.0,0,1,1,0,66,0,benign
44884.0,443.0,6,0.2283594608306884,153.26713363520284,14757.435438589531,35,3370,96.28571428571428,66,583,114.87527031999724,0.0067477857365327,1,0,1,0,3,34,64240.0,0,39,35,0,3370,0,benign
443.0,44884.0,6,0.2405908107757568,141.3187805900441,338354.5686450748,34,81405,2394.264705882353,66,2866,951.5512473284532,0.0070464827797629,1,0,1,0,30,34,65535.0,0,66,34,0,81405,0,benign
57621.0,57621.0,17,1e-06,1000000.0,86000000.0,1,86,86.0,86,86,0.0,0.0,0,0,0,0,0,0,,0,0,1,0,86,0,benign
55293.0,5355.0,17,0.3958833217620849,5.051993580072931,378.8995185054698,2,150,75.0,75,75,0.0,0.4088375568389892,0,0,0,0,0,0,,0,0,2,0,150,0,benign
49990.0,5355.0,17,0.3951671123504638,5.061149922380812,379.58624417856095,2,150,75.0,75,75,0.0,0.4088373184204101,0,0,0,0,0,0,,0,0,2,0,150,0,benign
57621.0,57621.0,17,1e-06,1000000.0,86000000.0,1,86,86.0,86,86,0.0,0.0,0,0,0,0,0,0,,0,0,1,0,86,0,benign
5353.0,5353.0,17,10.016901731491089,4.192913250607281,327.4465586188543,42,3280,78.0952380952381,70,81,4.443737845495497,0.2440684132459687,0,0,0,0,0,0,,0,0,42,0,3280,0,benign
5353.0,5353.0,17,10.007068634033203,0.1998587271799223,17.18785053747332,2,172,86.0,86,86,0.0,10.002612352371216,0,0,0,0,0,0,,0,0,2,0,172,0,benign
5353.0,5353.0,17,10.017630577087402,4.292432194330541,335.40865518489807,43,3360,78.13953488372093,70,81,4.5647792172596455,0.2382213217871529,0,0,0,0,0,0,,0,0,43,0,3360,0,benign
5353.0,5353.0,17,0.0021653175354003,923.6520590178376,118227.4635542832,2,256,128.0,128,128,0.0,2.384185791015625e-07,0,0,0,0,0,0,,0,0,2,0,256,0,benign
60605.0,5355.0,17,0.4118001461029053,4.85672484317239,364.2543632379293,2,150,75.0,75,75,0.0,0.4145712852478027,0,0,0,0,0,0,,0,0,2,0,150,0,benign
57621.0,57621.0,17,1e-06,1000000.0,86000000.0,1,86,86.0,86,86,0.0,0.0,0,0,0,0,0,0,,0,0,1,0,86,0,benign
37717.0,53.0,17,1e-06,1000000.0,84000000.0,1,84,84.0,84,84,0.0,0.0,0,0,0,0,0,0,,0,0,1,0,84,0,benign
53.0,37717.0,17,1e-06,1000000.0,100000000.0,1,100,100.0,100,100,0.0,0.0,0,0,0,0,0,0,,0,0,1,0,100,0,benign
58901.0,53.0,17,1e-06,1000000.0,84000000.0,1,84,84.0,84,84,0.0,0.0,0,0,0,0,0,0,,0,0,1,0,84,0,benign
53.0,58901.0,17,1e-06,1000000.0,112000000.0,1,112,112.0,112,112,0.0,0.0,0,0,0,0,0,0,,0,0,1,0,112,0,benign
55466.0,53.0,17,1e-06,1000000.0,83000000.0,1,83,83.0,83,83,0.0,0.0,0,0,0,0,0,0,,0,0,1,0,83,0,benign
43085.0,53.0,17,1e-06,1000000.0,83000000.0,1,83,83.0,83,83,0.0,0.0,0,0,0,0,0,0,,0,0,1,0,83,0,benign
52835.0,5355.0,17,0.4184160232543945,4.779931668113989,358.49487510854925,2,150,75.0,75,75,0.0,0.417158842086792,0,0,0,0,0,0,,0,0,2,0,150,0,benign
53.0,55466.0,17,1e-06,1000000.0,99000000.0,1,99,99.0,99,99,0.0,0.0,0,0,0,0,0,0,,0,0,1,0,99,0,benign
53.0,43085.0,17,1e-06,1000000.0,157000000.0,1,157,157.0,157,157,0.0,0.0,0,0,0,0,0,0,,0,0,1,0,157,0,benign
5353.0,5353.0,17,15.064627408981323,1.5267553173129071,123.66718070234548,23,1863,81.0,81,81,0.0,0.6844305883754384,0,0,0,0,0,0,,0,0,23,0,1863,0,benign
37120.0,443.0,6,1e-06,1000000.0,66000000.0,1,66,66.0,66,66,0.0,0.0,0,0,0,0,0,1,501.0,0,1,1,0,66,0,benign
51183.0,5355.0,17,0.4196999073028564,4.76530960622013,357.39822046650977,2,150,75.0,75,75,0.0,0.4208519458770752,0,0,0,0,0,0,,0,0,2,0,150,0,benign
55404.0,53.0,17,1e-06,1000000.0,100000000.0,1,100,100.0,100,100,0.0,0.0,0,0,0,0,0,0,,0,0,1,0,100,0,benign
53.0,55404.0,17,1e-06,1000000.0,292000000.0,1,292,292.0,292,292,0.0,0.0,0,0,0,0,0,0,,0,0,1,0,292,0,benign
80.0,48736.0,6,1e-06,1000000.0,66000000.0,1,66,66.0,66,66,0.0,0.0,0,0,0,0,0,1,509.0,0,1,1,0,66,0,benign
57621.0,57621.0,17,1e-06,1000000.0,86000000.0,1,86,86.0,86,86,0.0,0.0,0,0,0,0,0,0,,0,0,1,0,86,0,benign
5353.0,5353.0,17,14.982872486114502,1.134628891472906,228.92806457365103,17,3430,201.76470588235293,83,310,114.01509188028832,0.9372082650661469,0,0,0,0,0,0,,0,0,17,0,3430,0,benign
53718.0,443.0,6,0.2367160320281982,160.5298959872449,14325.180981388092,38,3391,89.23684210526316,66,583,94.51424437489928,0.0063318884050523,1,0,1,0,3,37,64240.0,0,42,38,0,3391,0,benign
41264.0,443.0,6,0.3730449676513672,26.8064197808603,4213.969189551239,10,1572,157.2,66,583,177.89747359395272,0.0414866076575385,1,0,1,0,3,9,64240.0,0,14,10,0,1572,0,benign
443.0,53718.0,6,0.2371039390563964,160.26726570308682,370419.8266360713,38,87828,2311.2631578947367,66,2866,990.400156207977,0.0063467863443735,1,0,1,0,34,38,65535.0,0,74,38,0,87828,0,benign
443.0,41264.0,6,0.3770463466644287,23.869744607312164,16894.4747942865,9,6370,707.7777777777778,66,2866,981.8093982257678,0.0466877520084381,1,0,1,0,5,9,65535.0,0,16,9,0,6370,0,benign
57593.0,5355.0,17,0.4242312908172607,4.714409434879493,353.580707615962,2,150,75.0,75,75,0.0,0.4157216548919678,0,0,0,0,0,0,,0,0,2,0,150,0,benign
63422.0,1900.0,17,1e-06,1000000.0,136000000.0,1,136,136.0,136,136,0.0,0.0,0,0,0,0,0,0,,0,0,1,0,136,0,benign
51105.0,5355.0,17,0.4134283065795898,4.837598123231014,362.819859242326,2,150,75.0,75,75,0.0,0.4166288375854492,0,0,0,0,0,0,,0,0,2,0,150,0,benign
37922.0,53.0,17,1e-06,1000000.0,89000000.0,1,89,89.0,89,89,0.0,0.0,0,0,0,0,0,0,,0,0,1,0,89,0,benign
40131.0,53.0,17,1e-06,1000000.0,89000000.0,1,89,89.0,89,89,0.0,0.0,0,0,0,0,0,0,,0,0,1,0,89,0,benign
53.0,37922.0,17,1e-06,1000000.0,105000000.0,1,105,105.0,105,105,0.0,0.0,0,0,0,0,0,0,,0,0,1,0,105,0,benign
53.0,40131.0,17,1e-06,1000000.0,117000000.0,1,117,117.0,117,117,0.0,0.0,0,0,0,0,0,0,,0,0,1,0,117,0,benign
5353.0,5353.0,17,14.082071304321287,1.7753070169676235,466.2666349363767,25,6566,262.64,106,498,132.16242532076456,0.5863493382930756,0,0,0,0,0,0,,0,0,25,0,6566,0,benign
57621.0,57621.0,17,1e-06,1000000.0,86000000.0,1,86,86.0,86,86,0.0,0.0,0,0,0,0,0,0,,0,0,1,0,86,0,benign
5353.0,5353.0,17,1e-06,1000000.0,87000000.0,1,87,87.0,87,87,0.0,0.0,0,0,0,0,0,0,,0,0,1,0,87,0,benign
5353.0,5353.0,17,3.231104612350464,1.2379667265214926,100.27530484824088,4,324,81.0,81,81,0.0,1.1321732997894287,0,0,0,0,0,0,,0,0,4,0,324,0,benign
59438.0,5355.0,17,0.2509462833404541,7.9698331187740195,597.7374839080514,2,150,75.0,75,75,0.0,0.4145166873931885,0,0,0,0,0,0,,0,0,2,0,150,0,benign
137.0,137.0,17,3.1524055004119877,1.5860903679258749,145.92031384918047,5,460,92.0,92,92,0.0,0.7882308959960938,0,0,0,0,0,0,,0,0,5,0,460,0,benign
65197.0,5355.0,17,0.4246115684509277,4.710187259608636,353.26404447064766,2,150,75.0,75,75,0.0,0.4208426475524902,0,0,0,0,0,0,,0,0,2,0,150,0,benign
59164.0,443.0,6,0.2566967010498047,268.7997146742159,21429.959861200896,69,5501,79.72463768115942,66,583,74.52987637379566,0.0037213248365065,1,0,1,0,3,68,64240.0,0,73,69,0,5501,0,benign
443.0,59164.0,6,0.259833812713623,269.40296672300616,702914.6749322367,70,182641,2609.157142857143,66,2866,716.5388555200474,0.0037523387134939,1,0,1,0,65,70,65535.0,0,137,70,0,182641,0,benign
5353.0,5353.0,17,1e-06,1000000.0,87000000.0,1,87,87.0,87,87,0.0,0.0,0,0,0,0,0,0,,0,0,1,0,87,0,benign
60642.0,1900.0,17,1e-06,1000000.0,167000000.0,1,167,167.0,167,167,0.0,0.0,0,0,0,0,0,0,,0,0,1,0,167,0,benign
57294.0,5355.0,17,0.4121084213256836,4.8530917994015645,363.9818849551174,2,150,75.0,75,75,0.0,0.4141309261322021,0,0,0,0,0,0,,0,0,2,0,150,0,benign
5353.0,5353.0,17,0.0034921169281005,572.7185089096744,55553.69536423841,2,194,97.0,91,103,8.48528137423857,0.0026214122772216,0,0,0,0,0,0,,0,0,2,0,194,0,benign
5353.0,5353.0,17,1e-06,1000000.0,91000000.0,1,91,91.0,91,91,0.0,0.0,0,0,0,0,0,0,,0,0,1,0,91,0,benign
56359.0,1900.0,17,1e-06,1000000.0,167000000.0,1,167,167.0,167,167,0.0,0.0,0,0,0,0,0,0,,0,0,1,0,167,0,benign
5353.0,5353.0,17,1e-06,1000000.0,136000000.0,1,136,136.0,136,136,0.0,0.0,0,0,0,0,0,0,,0,0,1,0,136,0,benign
57264.0,53.0,17,1e-06,1000000.0,90000000.0,1,90,90.0,90,90,0.0,0.0,0,0,0,0,0,0,,0,0,1,0,90,0,benign
53.0,57264.0,17,1e-06,1000000.0,106000000.0,1,106,106.0,106,106,0.0,0.0,0,0,0,0,0,0,,0,0,1,0,106,0,benign
42415.0,53.0,17,1e-06,1000000.0,90000000.0,1,90,90.0,90,90,0.0,0.0,0,0,0,0,0,0,,0,0,1,0,90,0,benign
53.0,42415.0,17,1e-06,1000000.0,118000000.0,1,118,118.0,118,118,0.0,0.0,0,0,0,0,0,0,,0,0,1,0,118,0,benign
50956.0,443.0,6,0.4481542110443115,151.7334844216748,15349.627049069131,68,6879,101.16176470588236,66,785,138.67858364224244,0.0067656146946238,1,0,0,0,5,67,64240.0,0,73,68,0,6879,0,benign
49680.0,1900.0,17,1e-06,1000000.0,167000000.0,1,167,167.0,167,167,0.0,0.0,0,0,0,0,0,0,,0,0,1,0,167,0,benign
443.0,50956.0,6,0.3635773658752441,209.03391446561668,486889.4948227946,76,177022,2329.236842105264,66,4266,1159.0888360365489,0.0048769982655843,1,0,0,0,71,76,65535.0,0,148,76,0,177022,0,benign
52708.0,443.0,6,0.0307989120483398,64.93735872426072,4285.865675801208,2,132,66.0,66,66,0.0,0.0314934253692626,0,0,1,0,0,2,3802.0,0,3,2,0,132,0,benign
443.0,52708.0,6,1e-06,1000000.0,66000000.0,1,66,66.0,66,66,0.0,0.0,0,0,1,0,0,1,1050.0,0,2,1,0,66,0,benign
46570.0,443.0,6,1e-06,1000000.0,66000000.0,1,66,66.0,66,66,0.0,0.0,0,0,0,0,0,1,1092.0,0,1,1,0,66,0,benign
58818.0,443.0,6,1e-06,1000000.0,66000000.0,1,66,66.0,66,66,0.0,0.0,0,0,0,0,0,1,501.0,0,1,1,0,66,0,benign
59960.0,443.0,6,1e-06,1000000.0,66000000.0,1,66,66.0,66,66,0.0,0.0,0,0,0,0,0,1,501.0,0,1,1,0,66,0,benign
49925.0,21027.0,17,1e-06,1000000.0,343000000.0,1,343,343.0,343,343,0.0,0.0,0,0,0,0,0,0,,0,0,1,0,343,0,benign
137.0,137.0,17,14.77612018585205,1.1505049895491029,105.84645903851744,17,1564,92.0,92,92,0.0,0.9236652851104736,0,0,0,0,0,0,,0,0,17,0,1564,0,benign
5353.0,5353.0,17,9.913973331451416,1.109545046394591,101.47293787935988,11,1006,91.45454545454544,90,92,0.9341987329938276,0.9912787199020384,0,0,0,0,0,0,,0,0,11,0,1006,0,benign
5353.0,5353.0,17,0.7835342884063721,7.657609997136668,1841.6552043113688,6,1443,240.5,93,431,163.28594550664795,0.1540548801422119,0,0,0,0,0,0,,0,0,6,0,1443,0,benign
56010.0,443.0,6,0.4178872108459472,270.40789252977896,19991.04012560861,113,8354,73.929203539823,66,583,56.00776681059501,0.0037073109831128,1,0,1,0,3,112,64240.0,0,117,113,0,8354,0,benign
443.0,56010.0,6,0.4192187786102295,271.93438323046115,892720.028527052,114,374245,3282.8508771929824,66,7066,1243.495353581892,0.0036799105922732,1,0,1,0,106,114,65535.0,0,222,114,0,374245,0,benign
49933.0,3544.0,17,1e-06,1000000.0,82000000.0,1,82,82.0,82,82,0.0,0.0,0,0,0,0,0,0,,0,0,1,0,82,0,benign
5353.0,5353.0,17,1e-06,1000000.0,87000000.0,1,87,87.0,87,87,0.0,0.0,0,0,0,0,0,0,,0,0,1,0,87,0,benign
35067.0,53.0,17,1e-06,1000000.0,86000000.0,1,86,86.0,86,86,0.0,0.0,0,0,0,0,0,0,,0,0,1,0,86,0,benign
60196.0,53.0,17,1e-06,1000000.0,86000000.0,1,86,86.0,86,86,0.0,0.0,0,0,0,0,0,0,,0,0,1,0,86,0,benign
53.0,35067.0,17,1e-06,1000000.0,102000000.0,1,102,102.0,102,102,0.0,0.0,0,0,0,0,0,0,,0,0,1,0,102,0,benign
53.0,60196.0,17,1e-06,1000000.0,114000000.0,1,114,114.0,114,114,0.0,0.0,0,0,0,0,0,0,,0,0,1,0,114,0,benign
60317.0,5355.0,17,0.4136884212493896,4.834556388984143,362.5917291738107,2,150,75.0,75,75,0.0,0.416823148727417,0,0,0,0,0,0,,0,0,2,0,150,0,benign
44884.0,443.0,6,1e-06,1000000.0,66000000.0,1,66,66.0,66,66,0.0,0.0,0,0,0,0,0,1,1207.0,0,1,1,0,66,0,benign
17500.0,17500.0,17,0.0100271701812744,398.91613762275006,70209.240221604,4,704,176.0,176,176,0.0,0.0031192302703857,0,0,0,0,0,0,,0,0,4,0,704,0,benign
17500.0,17500.0,17,1e-06,1000000.0,176000000.0,1,176,176.0,176,176,0.0,0.0,0,0,0,0,0,0,,0,0,1,0,176,0,benign
52305.0,5355.0,17,0.4138219356536865,4.832996580620443,347.9757538046719,2,144,72.0,72,72,0.0,0.4138765335083008,0,0,0,0,0,0,,0,0,2,0,144,0,benign
49167.0,1900.0,17,1e-06,1000000.0,167000000.0,1,167,167.0,167,167,0.0,0.0,0,0,0,0,0,0,,0,0,1,0,167,0,benign
52308.0,1900.0,17,3.068603754043579,1.3035244432354929,233.33087533915324,4,716,179.0,179,179,0.0,1.023126204808553,0,0,0,0,0,0,,0,0,4,0,716,0,benign
60297.0,5355.0,17,0.4226481914520263,4.732068042522346,340.70889906160886,2,144,72.0,72,72,0.0,0.4221298694610595,0,0,0,0,0,0,,0,0,2,0,144,0,benign
50234.0,1900.0,17,3.018304347991944,1.325247403450607,280.95244953152866,4,848,212.0,212,212,0.0,1.0086139837900798,0,0,0,0,0,0,,0,0,4,0,848,0,benign
53613.0,5355.0,17,0.4141077995300293,4.829660301664926,347.7355417198747,2,144,72.0,72,72,0.0,0.4131245613098144,0,0,0,0,0,0,,0,0,2,0,144,0,benign
60448.0,5355.0,17,0.4192187786102295,4.770778653165985,357.80839898744887,2,150,75.0,75,75,0.0,0.4227030277252197,0,0,0,0,0,0,,0,0,2,0,150,0,benign
51176.0,1900.0,17,1e-06,1000000.0,167000000.0,1,167,167.0,167,167,0.0,0.0,0,0,0,0,0,0,,0,0,1,0,167,0,benign
5353.0,5353.0,17,1e-06,1000000.0,87000000.0,1,87,87.0,87,87,0.0,0.0,0,0,0,0,0,0,,0,0,1,0,87,0,benign
5353.0,5353.0,17,0.7913024425506592,7.582435839146143,1355.9922759006351,6,1073,178.83333333333334,93,312,97.6348639916432,0.1580338954925537,0,0,0,0,0,0,,0,0,6,0,1073,0,benign
51180.0,1900.0,17,1e-06,1000000.0,179000000.0,1,179,179.0,179,179,0.0,0.0,0,0,0,0,0,0,,0,0,1,0,179,0,benign
54135.0,5355.0,17,0.4064350128173828,4.920835894860833,339.53767674539745,2,138,69.0,69,69,0.0,0.4090690612792969,0,0,0,0,0,0,,0,0,2,0,138,0,benign
64545.0,1900.0,17,2.5965018272399902,1.9256678148826345,336.221600478508,5,873,174.6,167,179,6.06630035524124,0.6501765251159668,0,0,0,0,0,0,,0,0,5,0,873,0,benign
33740.0,443.0,6,0.4650938510894775,245.11181933056343,18140.424734140037,114,8437,74.00877192982456,66,583,56.545462266244456,0.0041146658163155,1,0,1,0,3,113,64240.0,0,118,114,0,8437,0,benign
443.0,33740.0,6,0.4641077518463135,252.09662957481447,813397.3166753056,117,377504,3226.5299145299145,66,7066,1285.4124359764548,0.0039938153891727,1,0,1,0,106,117,65535.0,0,225,117,0,377504,0,benign
5353.0,5353.0,17,14.011289596557615,1.5701623928610469,127.61137992888872,22,1788,81.27272727272727,81,87,1.2792042981336629,0.6675931499117896,0,0,0,0,0,0,,0,0,22,0,1788,0,benign
55165.0,5355.0,17,0.4246108531951904,4.710195193905265,301.4524924099369,2,128,64.0,64,64,0.0,0.4234130382537842,0,0,0,0,0,0,,0,0,2,0,128,0,benign
54255.0,5355.0,17,0.411400556564331,4.861442134892344,335.4395073075717,2,138,69.0,69,69,0.0,0.4100770950317383,0,0,0,0,0,0,,0,0,2,0,138,0,benign
58857.0,1900.0,17,6.008916616439819,0.4992580512420971,89.36719117233538,3,537,179.0,179,179,0.0,3.004343867301941,0,0,0,0,0,0,,0,0,3,0,537,0,benign
54480.0,5355.0,17,0.4323468208312988,4.625915824139707,333.0659393380589,2,144,72.0,72,72,0.0,0.410261869430542,0,0,0,0,0,0,,0,0,2,0,144,0,benign
137.0,137.0,17,2.252436876296997,5.3275632832507975,586.0319611575877,12,1320,110.0,110,110,0.0,0.2048483111641623,0,0,0,0,0,0,,0,0,12,0,1320,0,benign
17500.0,17500.0,17,1e-06,1000000.0,176000000.0,1,176,176.0,176,176,0.0,0.0,0,0,0,0,0,0,,0,0,1,0,176,0,benign
51278.0,5355.0,17,0.412400484085083,4.849654831121335,334.6261833473721,2,138,69.0,69,69,0.0,0.4168837070465088,0,0,0,0,0,0,,0,0,2,0,138,0,benign
62505.0,1900.0,17,3.035393476486206,1.3177863202863669,279.3706999007098,4,848,212.0,212,212,0.0,1.0110011100769043,0,0,0,0,0,0,,0,0,4,0,848,0,benign
53718.0,443.0,6,1e-06,1000000.0,66000000.0,1,66,66.0,66,66,0.0,0.0,0,0,0,0,0,1,1400.0,0,1,1,0,66,0,benign
41264.0,443.0,6,1e-06,1000000.0,66000000.0,1,66,66.0,66,66,0.0,0.0,0,0,0,0,0,1,501.0,0,1,1,0,66,0,benign
5353.0,5353.0,17,10.026217460632324,4.687710014723324,369.43144456457856,47,3704,78.80851063829788,72,81,3.4302889843552125,0.2176898251409116,0,0,0,0,0,0,,0,0,47,0,3704,0,benign
5353.0,5353.0,17,10.016759395599363,4.692136263215864,369.880103302442,47,3705,78.82978723404256,72,81,3.239156820882291,0.2175793025804602,0,0,0,0,0,0,,0,0,47,0,3705,0,benign
5353.0,5353.0,17,10.005905389785768,0.1998819619103775,17.189848724292467,2,172,86.0,86,86,0.0,10.008280038833618,0,0,0,0,0,0,,0,0,2,0,172,0,benign
61347.0,5355.0,17,0.4107224941253662,4.869467897683571,365.21009232626784,2,150,75.0,75,75,0.0,0.4188685417175293,0,0,0,0,0,0,,0,0,2,0,150,0,benign
5353.0,5353.0,17,1e-06,1000000.0,139000000.0,1,139,139.0,139,139,0.0,0.0,0,0,0,0,0,0,,0,0,1,0,139,0,benign
5353.0,5353.0,17,1e-06,1000000.0,139000000.0,1,139,139.0,139,139,0.0,0.0,0,0,0,0,0,0,,0,0,1,0,139,0,benign
5353.0,5353.0,17,1e-06,1000000.0,139000000.0,1,139,139.0,139,139,0.0,0.0,0,0,0,0,0,0,,0,0,1,0,139,0,benign
5353.0,5353.0,17,1e-06,1000000.0,139000000.0,1,139,139.0,139,139,0.0,0.0,0,0,0,0,0,0,,0,0,1,0,139,0,benign
5353.0,5353.0,17,0.7663648128509521,7.829169475669704,1796.7943946661971,6,1377,229.5,93,409,151.37205818776462,0.1533080101013183,0,0,0,0,0,0,,0,0,6,0,1377,0,benign
5353.0,5353.0,17,15.010241508483888,1.1325600584368671,213.38763924548735,17,3203,188.41176470588235,83,310,113.83928299555112,0.9378118216991423,0,0,0,0,0,0,,0,0,17,0,3203,0,benign
62305.0,5355.0,17,0.4163074493408203,4.80414175428951,331.48578104597624,2,138,69.0,69,69,0.0,0.4101514816284179,0,0,0,0,0,0,,0,0,2,0,138,0,benign
5353.0,5353.0,17,8.279043197631836,0.8455083314461147,184.0792424462684,7,1524,217.7142857142857,84,417,153.8665160517543,1.3792235851287842,0,0,0,0,0,0,,0,0,7,0,1524,0,benign
57621.0,57621.0,17,1e-06,1000000.0,86000000.0,1,86,86.0,86,86,0.0,0.0,0,0,0,0,0,0,,0,0,1,0,86,0,benign
5353.0,5353.0,17,7.711467266082764,0.9077390538617728,76.37975753208346,7,589,84.14285714285714,75,139,24.189726272590544,1.2848294576009114,0,0,0,0,0,0,,0,0,7,0,589,0,benign
56828.0,443.0,6,0.1418838500976562,70.48018497607141,11121.773189224068,10,1578,157.8,66,583,178.71442147863849,0.0153926743401421,1,0,1,0,3,9,64240.0,0,14,10,0,1578,0,benign
443.0,56828.0,6,0.1384801864624023,64.99124697845146,49869.95018146508,9,6906,767.3333333333334,66,2866,1061.180828134395,0.017335832118988,1,0,1,0,5,9,65535.0,0,16,9,0,6906,0,benign
5353.0,5353.0,17,0.7653000354766846,7.840062357063348,2316.73842651222,6,1773,295.5,93,541,223.07465118206505,0.1543983936309814,0,0,0,0,0,0,,0,0,6,0,1773,0,benign
137.0,137.0,17,3.756659984588623,1.59716344428681,146.93903687438652,6,552,92.0,92,92,0.0,0.7516121864318848,0,0,0,0,0,0,,0,0,6,0,552,0,benign
54216.0,5355.0,17,0.4112014770507812,4.863795758576544,335.60190734178155,2,138,69.0,69,69,0.0,0.4081251621246338,0,0,0,0,0,0,,0,0,2,0,138,0,benign
50718.0,5355.0,17,0.4094247817993164,4.884902157633242,337.0582488766937,2,138,69.0,69,69,0.0,0.4081239700317383,0,0,0,0,0,0,,0,0,2,0,138,0,benign
60205.0,5355.0,17,0.421696662902832,4.742745617744769,355.70592133085773,2,150,75.0,75,75,0.0,0.4217061996459961,0,0,0,0,0,0,,0,0,2,0,150,0,benign
5353.0,5353.0,17,0.7743566036224365,7.748368092855447,2026.1982562816995,6,1569,261.5,93,473,186.07928417747095,0.1545686244964599,0,0,0,0,0,0,,0,0,6,0,1569,0,benign
137.0,137.0,17,1.5116758346557615,1.9845524623889743,182.57882653978564,3,276,92.0,92,92,0.0,0.7556778192520142,0,0,0,0,0,0,,0,0,3,0,276,0,benign
55297.0,1900.0,17,10.004573583602903,1.2994057059369806,228.1956328195482,13,2283,175.6153846153846,167,179,5.315675898360458,0.833640476067861,0,0,0,0,0,0,,0,0,13,0,2283,0,benign
52316.0,1900.0,17,3.02756142616272,1.3211953242084329,280.0934087321877,4,848,212.0,212,212,0.0,1.0090155601501465,0,0,0,0,0,0,,0,0,4,0,848,0,benign
5353.0,5353.0,17,13.2185697555542,1.513022994911864,454.0582007730504,20,6002,300.1,106,498,138.78301883079743,0.695485466404965,0,0,0,0,0,0,,0,0,20,0,6002,0,benign
59164.0,443.0,6,1e-06,1000000.0,66000000.0,1,66,66.0,66,66,0.0,0.0,0,0,0,0,0,1,2592.0,0,1,1,0,66,0,benign
5353.0,5353.0,17,0.7838184833526611,7.654833520046551,1145.6734168336338,6,898,149.66666666666666,82,253,76.65681096071415,0.1554505348205566,0,0,0,0,0,0,,0,0,6,0,898,0,benign
57621.0,57621.0,17,1e-06,1000000.0,86000000.0,1,86,86.0,86,86,0.0,0.0,0,0,0,0,0,0,,0,0,1,0,86,0,benign
57319.0,5355.0,17,0.4011449813842773,4.985728583960764,344.0152722932927,2,138,69.0,69,69,0.0,0.4112048149108886,0,0,0,0,0,0,,0,0,2,0,138,0,benign
63595.0,5355.0,17,0.39760422706604,5.030127608949716,347.07880501753044,2,138,69.0,69,69,0.0,0.4112043380737304,0,0,0,0,0,0,,0,0,2,0,138,0,benign
53828.0,443.0,6,0.4154479503631592,269.5885246324996,20000.098671173564,112,8309,74.1875,66,583,57.23265798160732,0.0037643802058589,1,0,1,0,3,111,64240.0,0,116,112,0,8309,0,benign
443.0,53828.0,6,0.4199349880218506,273.8519134633673,891857.0985576281,115,374522,3256.7130434782607,66,7066,1251.370930782445,0.0036689691376267,1,0,1,0,108,115,65535.0,0,225,115,0,374522,0,benign
59155.0,5355.0,17,0.4129829406738281,4.842815048817211,363.2111286612908,2,150,75.0,75,75,0.0,0.4131650924682617,0,0,0,0,0,0,,0,0,2,0,150,0,benign
58796.0,1900.0,17,1e-06,1000000.0,167000000.0,1,167,167.0,167,167,0.0,0.0,0,0,0,0,0,0,,0,0,1,0,167,0,benign
57858.0,5355.0,17,0.4087593555450439,4.892854372307098,366.9640779230324,2,150,75.0,75,75,0.0,0.4137420654296875,0,0,0,0,0,0,,0,0,2,0,150,0,benign
5353.0,5353.0,17,1e-06,1000000.0,87000000.0,1,87,87.0,87,87,0.0,0.0,0,0,0,0,0,0,,0,0,1,0,87,0,benign
57621.0,57621.0,17,1e-06,1000000.0,86000000.0,1,86,86.0,86,86,0.0,0.0,0,0,0,0,0,0,,0,0,1,0,86,0,benign
137.0,137.0,17,14.66087031364441,1.6370105925883511,150.6049745181283,24,2208,92.0,92,92,0.0,0.6374477199886156,0,0,0,0,0,0,,0,0,24,0,2208,0,benign
5353.0,5353.0,17,14.155382633209229,1.1303120808944582,91.55527855245111,16,1296,81.0,81,81,0.0,0.9432833512624104,0,0,0,0,0,0,,0,0,16,0,1296,0,benign
65181.0,5355.0,17,0.4228537082672119,4.729768146519717,354.7326109889788,2,150,75.0,75,75,0.0,0.4208295345306396,0,0,0,0,0,0,,0,0,2,0,150,0,benign
137.0,137.0,17,15.358416557312012,1.106884940681365,101.83341454268556,17,1564,92.0,92,92,0.0,0.9596990048885344,0,0,0,0,0,0,,0,0,17,0,1564,0,benign
5353.0,5353.0,17,0.762047290802002,7.8735271057592975,2413.2360579152246,6,1839,306.5,93,563,235.06063047647945,0.1516836166381835,0,0,0,0,0,0,,0,0,6,0,1839,0,benign
57621.0,57621.0,17,1e-06,1000000.0,86000000.0,1,86,86.0,86,86,0.0,0.0,0,0,0,0,0,0,,0,0,1,0,86,0,benign
49368.0,5355.0,17,0.3887810707092285,5.144283378693123,385.8212534019842,2,150,75.0,75,75,0.0,0.4065532684326172,0,0,0,0,0,0,,0,0,2,0,150,0,benign
53830.0,5355.0,17,0.431105375289917,4.639236981573255,347.94277361799413,2,150,75.0,75,75,0.0,0.4194402694702148,0,0,0,0,0,0,,0,0,2,0,150,0,benign
57621.0,57621.0,17,1e-06,1000000.0,86000000.0,1,86,86.0,86,86,0.0,0.0,0,0,0,0,0,0,,0,0,1,0,86,0,benign
56010.0,443.0,6,1e-06,1000000.0,66000000.0,1,66,66.0,66,66,0.0,0.0,0,0,0,0,0,1,3925.0,0,1,1,0,66,0,benign
53844.0,443.0,6,0.4190511703491211,252.95240175964423,18952.339384670704,106,7942,74.9245283018868,66,583,60.28435761940991,0.0039987314315069,1,0,1,0,3,105,64240.0,0,110,106,0,7942,0,benign
443.0,53844.0,6,0.425830602645874,258.31868192779314,791359.2820857943,110,336985,3063.5,66,5666,1078.9166648656285,0.0038627222043658,1,0,1,0,101,110,65535.0,0,213,110,0,336985,0,benign
53799.0,1900.0,17,1e-06,1000000.0,167000000.0,1,167,167.0,167,167,0.0,0.0,0,0,0,0,0,0,,0,0,1,0,167,0,benign
57192.0,5355.0,17,0.4114043712615967,4.861397057758229,364.6047793318671,2,150,75.0,75,75,0.0,0.4132819175720215,0,0,0,0,0,0,,0,0,2,0,150,0,benign
5353.0,5353.0,17,1e-06,1000000.0,83000000.0,1,83,83.0,83,83,0.0,0.0,0,0,0,0,0,0,,0,0,1,0,83,0,benign
5353.0,5353.0,17,1e-06,1000000.0,139000000.0,1,139,139.0,139,139,0.0,0.0,0,0,0,0,0,0,,0,0,1,0,139,0,benign
5353.0,5353.0,17,1e-06,1000000.0,132000000.0,1,132,132.0,132,132,0.0,0.0,0,0,0,0,0,0,,0,0,1,0,132,0,benign
5353.0,5353.0,17,1e-06,1000000.0,139000000.0,1,139,139.0,139,139,0.0,0.0,0,0,0,0,0,0,,0,0,1,0,139,0,benign
5353.0,5353.0,17,1e-06,1000000.0,132000000.0,1,132,132.0,132,132,0.0,0.0,0,0,0,0,0,0,,0,0,1,0,132,0,benign
50234.0,5355.0,17,0.4128825664520263,4.843992366125693,363.299427459427,2,150,75.0,75,75,0.0,0.4175636768341064,0,0,0,0,0,0,,0,0,2,0,150,0,benign
53272.0,3702.0,17,7.580981016159058,1.8467266927800816,1289.015231560497,14,9772,698.0,698,698,0.0,0.5837804904350867,0,0,0,0,0,0,,0,0,14,0,9772,0,benign
61273.0,5355.0,17,0.4088883399963379,4.8913109139231326,366.8483185442349,2,150,75.0,75,75,0.0,0.4132542610168457,0,0,0,0,0,0,,0,0,2,0,150,0,benign
51333.0,5355.0,17,0.4086110591888428,4.894630125700256,367.09725942751913,2,150,75.0,75,75,0.0,0.4147365093231201,0,0,0,0,0,0,,0,0,2,0,150,0,benign
33740.0,443.0,6,1e-06,1000000.0,66000000.0,1,66,66.0,66,66,0.0,0.0,0,0,0,0,0,1,4529.0,0,1,1,0,66,0,benign
57621.0,57621.0,17,1e-06,1000000.0,86000000.0,1,86,86.0,86,86,0.0,0.0,0,0,0,0,0,0,,0,0,1,0,86,0,benign
53873.0,1900.0,17,3.032424211502075,1.3190766597984152,279.644251877264,4,848,212.0,212,212,0.0,1.010147253672282,0,0,0,0,0,0,,0,0,4,0,848,0,benign
5353.0,5353.0,17,15.08238697052002,1.524957557776214,123.52156217987331,23,1863,81.0,81,81,0.0,0.685701922936873,0,0,0,0,0,0,,0,0,23,0,1863,0,benign
55705.0,5355.0,17,0.4155862331390381,4.812478952667525,360.9359214500644,2,150,75.0,75,75,0.0,0.4177873134613037,0,0,0,0,0,0,,0,0,2,0,150,0,benign
56198.0,5355.0,17,0.4074106216430664,4.9090521791849735,368.17891343887305,2,150,75.0,75,75,0.0,0.4089577198028564,0,0,0,0,0,0,,0,0,2,0,150,0,benign
5353.0,5353.0,17,15.000553607940674,1.0666273004437823,207.9923235865376,16,3120,195.0,83,310,114.17647159842814,1.0006995995839436,0,0,0,0,0,0,,0,0,16,0,3120,0,benign
60420.0,1900.0,17,3.017852306365967,1.3254459111740675,280.9945331689023,4,848,212.0,212,212,0.0,1.0058212280273438,0,0,0,0,0,0,,0,0,4,0,848,0,benign
58120.0,53.0,17,1e-06,1000000.0,91000000.0,1,91,91.0,91,91,0.0,0.0,0,0,0,0,0,0,,0,0,1,0,91,0,benign
36075.0,53.0,17,1e-06,1000000.0,91000000.0,1,91,91.0,91,91,0.0,0.0,0,0,0,0,0,0,,0,0,1,0,91,0,benign
53.0,58120.0,17,1e-06,1000000.0,107000000.0,1,107,107.0,107,107,0.0,0.0,0,0,0,0,0,0,,0,0,1,0,107,0,benign
53.0,36075.0,17,1e-06,1000000.0,119000000.0,1,119,119.0,119,119,0.0,0.0,0,0,0,0,0,0,,0,0,1,0,119,0,benign
56828.0,443.0,6,1e-06,1000000.0,66000000.0,1,66,66.0,66,66,0.0,0.0,0,0,0,0,0,1,501.0,0,1,1,0,66,0,benign
59288.0,5355.0,17,0.4262499809265136,4.692082321394412,351.9061741045809,2,150,75.0,75,75,0.0,0.4187464714050293,0,0,0,0,0,0,,0,0,2,0,150,0,benign
5353.0,5353.0,17,7.435762882232666,0.9413963450510376,188.0102986259072,7,1398,199.7142857142857,87,387,136.6854226386441,1.242547869682312,0,0,0,0,0,0,,0,0,7,0,1398,0,benign
57621.0,57621.0,17,3.0721631050109863,0.9765106530661468,83.97991616368864,3,258,86.0,86,86,0.0,1.5349239110946655,0,0,0,0,0,0,,0,0,3,0,258,0,benign
34666.0,443.0,6,0.2607715129852295,138.0518891342211,12497.530741345185,36,3259,90.52777777777776,66,583,97.00942107742824,0.0074792861938476,1,0,1,0,3,35,64240.0,0,40,36,0,3259,0,benign
51832.0,443.0,6,0.4485139846801758,22.29584882872884,3460.315738218715,10,1552,155.2,66,583,175.29517962568167,0.049553288353814,1,0,1,0,3,9,64240.0,0,14,10,0,1552,0,benign
443.0,34666.0,6,0.2597737312316894,150.13065337702028,334876.0461172756,39,86992,2230.5641025641025,66,2866,1031.1592810463324,0.0068986478604768,1,0,1,0,35,39,65535.0,0,76,39,0,86992,0,benign
443.0,51832.0,6,0.4300875663757324,20.92597113616029,15124.826915635856,9,6505,722.7777777777778,66,2866,977.2069609066672,0.0554760992527008,1,0,1,0,5,9,65535.0,0,16,9,0,6505,0,benign
5353.0,5353.0,17,1e-06,1000000.0,87000000.0,1,87,87.0,87,87,0.0,0.0,0,0,0,0,0,0,,0,0,1,0,87,0,benign
61355.0,5355.0,17,0.4182705879211426,4.7815936806368615,358.61952604776457,2,150,75.0,75,75,0.0,0.4185340404510498,0,0,0,0,0,0,,0,0,2,0,150,0,benign
5353.0,5353.0,17,1e-06,1000000.0,498000000.0,1,498,498.0,498,498,0.0,0.0,0,0,0,0,0,0,,0,0,1,0,498,0,benign
50861.0,5355.0,17,0.4210267066955566,4.750292483099403,356.2719362324553,2,150,75.0,75,75,0.0,0.4152803421020508,0,0,0,0,0,0,,0,0,2,0,150,0,benign
5353.0,5353.0,17,10.010722398757936,3.09667961663249,242.1403674424889,31,2424,78.19354838709677,70,82,4.261606542441553,0.3336254199345906,0,0,0,0,0,0,,0,0,31,0,2424,0,benign
5353.0,5353.0,17,10.000543117523192,0.1999891382394573,17.199065888593335,2,172,86.0,86,86,0.0,10.00068497657776,0,0,0,0,0,0,,0,0,2,0,172,0,benign
5353.0,5353.0,17,10.004360675811768,3.298561604219885,258.38732566389103,33,2585,78.33333333333333,70,82,4.392227984368146,0.3125464990735054,0,0,0,0,0,0,,0,0,33,0,2585,0,benign
5353.0,5353.0,17,1e-06,1000000.0,132000000.0,1,132,132.0,132,132,0.0,0.0,0,0,0,0,0,0,,0,0,1,0,132,0,benign
5353.0,5353.0,17,0.7682533264160156,7.809923880174584,1706.4683678181466,6,1311,218.5,93,387,139.48153999723405,0.1529591560363769,0,0,0,0,0,0,,0,0,6,0,1311,0,benign
53828.0,443.0,6,1e-06,1000000.0,66000000.0,1,66,66.0,66,66,0.0,0.0,0,0,0,0,0,1,3812.0,0,1,1,0,66,0,benign
50528.0,1900.0,17,1e-06,1000000.0,167000000.0,1,167,167.0,167,167,0.0,0.0,0,0,0,0,0,0,,0,0,1,0,167,0,benign
58837.0,1900.0,17,3.0223519802093506,1.3234725889613064,280.57618885979696,4,848,212.0,212,212,0.0,1.0074156920115154,0,0,0,0,0,0,,0,0,4,0,848,0,benign
49925.0,21027.0,17,1e-06,1000000.0,343000000.0,1,343,343.0,343,343,0.0,0.0,0,0,0,0,0,0,,0,0,1,0,343,0,benign
57621.0,57621.0,17,1e-06,1000000.0,86000000.0,1,86,86.0,86,86,0.0,0.0,0,0,0,0,0,0,,0,0,1,0,86,0,benign
62072.0,3702.0,17,6.874782085418701,1.0182140921741918,710.7134363375859,7,4886,698.0,698,698,0.0,1.145017385482788,0,0,0,0,0,0,,0,0,7,0,4886,0,benign
64365.0,5355.0,17,1e-06,1000000.0,72000000.0,1,72,72.0,72,72,0.0,0.0,0,0,0,0,0,0,,0,0,1,0,72,0,benign
52237.0,5355.0,17,0.4211194515228271,4.749246307117182,356.1934730337887,2,150,75.0,75,75,0.0,0.4160668849945068,0,0,0,0,0,0,,0,0,2,0,150,0,benign
5353.0,5353.0,17,1e-06,1000000.0,87000000.0,1,87,87.0,87,87,0.0,0.0,0,0,0,0,0,0,,0,0,1,0,87,0,benign
59493.0,1900.0,17,3.0596253871917725,1.3073495914711752,234.0155768733404,4,716,179.0,179,179,0.0,1.0199671586354573,0,0,0,0,0,0,,0,0,4,0,716,0,benign
56326.0,5355.0,17,0.407149076461792,4.912205665257565,353.6788078985447,2,144,72.0,72,72,0.0,0.4094996452331543,0,0,0,0,0,0,,0,0,2,0,144,0,benign
137.0,137.0,17,14.83576488494873,1.1458795776176625,105.42092114082494,17,1564,92.0,92,92,0.0,0.927115723490715,0,0,0,0,0,0,,0,0,17,0,1564,0,benign
56700.0,443.0,6,0.5614352226257324,19.59264320566665,2801.747978410331,11,1573,143.0,66,583,165.1647662184644,0.0561651468276977,1,0,1,0,3,10,64240.0,0,15,11,0,1573,0,benign
45790.0,80.0,6,0.6136264801025391,9.777935266087898,1042.9797617160425,6,640,106.66666666666669,66,302,95.74688854822732,0.1236858367919921,1,0,1,0,1,5,64240.0,0,8,6,0,640,0,benign
80.0,45790.0,6,0.6140284538269043,8.142945117343876,1643.246324679994,5,1009,201.8,66,570,217.80771336203867,0.154362678527832,1,0,1,0,2,5,65160.0,0,9,5,0,1009,0,benign
443.0,56700.0,6,0.5581192970275879,16.125584705513468,15405.3085886672,9,8598,955.3333333333334,66,4350,1552.2457118639434,0.0702033042907714,1,0,1,0,5,9,65535.0,0,16,9,0,8598,0,benign
51781.0,5355.0,17,0.4141881465911865,4.828723410991399,347.6680855913808,2,144,72.0,72,72,0.0,0.4110429286956787,0,0,0,0,0,0,,0,0,2,0,144,0,benign
53844.0,443.0,6,1e-06,1000000.0,66000000.0,1,66,66.0,66,66,0.0,0.0,0,0,0,0,0,1,3381.0,0,1,1,0,66,0,benign
56708.0,443.0,6,0.6304988861083984,17.446501877100584,2615.3892359398965,11,1649,149.9090909090909,66,583,174.80186185819335,0.0628767490386962,1,0,1,0,3,10,64240.0,0,15,11,0,1649,0,benign
443.0,56708.0,6,0.6300458908081055,15.871859726239723,13837.087309335791,10,8718,871.8,66,4350,1498.0461942143172,0.0698248280419243,1,0,1,0,5,10,65535.0,0,17,10,0,8718,0,benign
62653.0,1900.0,17,1e-06,1000000.0,167000000.0,1,167,167.0,167,167,0.0,0.0,0,0,0,0,0,0,,0,0,1,0,167,0,benign
17500.0,17500.0,17,0.0060386657714843,662.397978521794,116582.04421983576,4,704,176.0,176,176,0.0,0.004096508026123,0,0,0,0,0,0,,0,0,4,0,704,0,benign
17500.0,17500.0,17,1e-06,1000000.0,176000000.0,1,176,176.0,176,176,0.0,0.0,0,0,0,0,0,0,,0,0,1,0,176,0,benign
50698.0,5355.0,17,0.4252042770385742,4.703621548516459,338.66075149318505,2,144,72.0,72,72,0.0,0.4247162342071533,0,0,0,0,0,0,,0,0,2,0,144,0,benign
137.0,137.0,17,2.325361728668213,5.160487442473164,567.653618672048,12,1320,110.0,110,110,0.0,0.2109511548822576,0,0,0,0,0,0,,0,0,12,0,1320,0,benign
58155.0,5355.0,17,0.4161467552185058,4.805996862692973,360.449764701973,2,150,75.0,75,75,0.0,0.4156525135040283,0,0,0,0,0,0,,0,0,2,0,150,0,benign
57621.0,57621.0,17,6.664170980453491,0.450168521906059,38.71449288392108,3,258,86.0,86,86,0.0,3.33149802684784,0,0,0,0,0,0,,0,0,3,0,258,0,benign
57621.0,57621.0,17,1e-06,1000000.0,86000000.0,1,86,86.0,86,86,0.0,0.0,0,0,0,0,0,0,,0,0,1,0,86,0,benign
5353.0,5353.0,17,0.7866826057434082,7.626964110042897,1826.6579043552736,6,1437,239.5,93,429,162.20203451251774,0.1571519374847412,0,0,0,0,0,0,,0,0,6,0,1437,0,benign
61098.0,5355.0,17,0.427717924118042,4.675978927289561,350.6984195467171,2,150,75.0,75,75,0.0,0.4226644039154053,0,0,0,0,0,0,,0,0,2,0,150,0,benign
5353.0,5353.0,17,1e-06,1000000.0,270000000.0,1,270,270.0,270,270,0.0,0.0,0,0,0,0,0,0,,0,0,1,0,270,0,benign
42096.0,443.0,6,0.4565651416778564,24.09294752458651,3491.287123108263,11,1594,144.9090909090909,66,583,167.56995825353334,0.0450085401535034,1,0,1,0,3,10,64240.0,0,15,11,0,1594,0,benign
5353.0,5353.0,17,0.7578780651092529,7.916840816781077,1983.16862460366,6,1503,250.5,93,451,174.13299515025864,0.1539263725280761,0,0,0,0,0,0,,0,0,6,0,1503,0,benign
61951.0,1900.0,17,3.0073044300079346,1.3300948051971733,281.9800987018007,4,848,212.0,212,212,0.0,1.0000114440917969,0,0,0,0,0,0,,0,0,4,0,848,0,benign
5353.0,5353.0,17,14.185783863067629,2.044300144421406,165.58831169813388,29,2349,81.0,81,81,0.0,0.5065436618668693,0,0,0,0,0,0,,0,0,29,0,2349,0,benign
443.0,42096.0,6,0.4476780891418457,20.10373127094985,19214.699599190077,9,8602,955.7777777777778,66,4350,1552.8352116191995,0.0562654435634613,1,0,1,0,5,9,65535.0,0,16,9,0,8602,0,benign
51994.0,443.0,6,0.511324405670166,134.94368591611686,13226.436925372438,69,6763,98.0144927536232,66,723,126.92117664514822,0.007454374257256,1,0,0,0,5,68,64240.0,0,74,69,0,6763,0,benign
443.0,51994.0,6,0.3699116706848144,210.8611492457084,471353.0656581086,78,174359,2235.371794871795,66,2866,960.661448385912,0.0046496422259838,1,0,0,0,71,78,65535.0,0,150,78,0,174359,0,benign
17500.0,17500.0,17,1e-06,1000000.0,176000000.0,1,176,176.0,176,176,0.0,0.0,0,0,0,0,0,0,,0,0,1,0,176,0,benign
56113.0,1900.0,17,1e-06,1000000.0,167000000.0,1,167,167.0,167,167,0.0,0.0,0,0,0,0,0,0,,0,0,1,0,167,0,benign
5353.0,5353.0,17,1e-06,1000000.0,92000000.0,1,92,92.0,92,92,0.0,0.0,0,0,0,0,0,0,,0,0,1,0,92,0,benign
5353.0,5353.0,17,1e-06,1000000.0,108000000.0,1,108,108.0,108,108,0.0,0.0,0,0,0,0,0,0,,0,0,1,0,108,0,benign
55707.0,1900.0,17,3.037912130355835,1.3166937779505408,279.13908092551463,4,848,212.0,212,212,0.0,1.0115185578664143,0,0,0,0,0,0,,0,0,4,0,848,0,benign
64226.0,1900.0,17,3.0071935653686523,1.3301438411097557,281.99049431526817,4,848,212.0,212,212,0.0,1.006822109222412,0,0,0,0,0,0,,0,0,4,0,848,0,benign
57122.0,5355.0,17,0.4245541095733642,4.710824733294435,353.3118549970826,2,150,75.0,75,75,0.0,0.4219145774841308,0,0,0,0,0,0,,0,0,2,0,150,0,benign
5353.0,5353.0,17,1.0036609172821045,3.985409744589764,278.97868212128344,4,280,70.0,70,70,0.0,0.3336853186289469,0,0,0,0,0,0,,0,0,4,0,280,0,benign
137.0,137.0,17,1.512418508529663,1.9835779468981292,182.4891711146279,3,276,92.0,92,92,0.0,0.7563791275024414,0,0,0,0,0,0,,0,0,3,0,276,0,benign
64026.0,5355.0,17,0.4103264808654785,4.874167506278202,311.9467204018049,2,128,64.0,64,64,0.0,0.4098660945892334,0,0,0,0,0,0,,0,0,2,0,128,0,benign
59995.0,5355.0,17,0.410867691040039,4.867747071903739,311.53581260183927,2,128,64.0,64,64,0.0,0.4097199440002441,0,0,0,0,0,0,,0,0,2,0,128,0,benign
5353.0,5353.0,17,15.002633094787598,1.0664794572333387,207.96349416050103,16,3120,195.0,83,310,114.17647159842814,1.0005202770233157,0,0,0,0,0,0,,0,0,16,0,3120,0,benign
5353.0,5353.0,17,3.678402185440064,1.9030001742896852,323.7818867970022,7,1191,170.14285714285714,86,301,106.34445381468116,0.6123279333114624,0,0,0,0,0,0,,0,0,7,0,1191,0,benign
55514.0,1900.0,17,1e-06,1000000.0,167000000.0,1,167,167.0,167,167,0.0,0.0,0,0,0,0,0,0,,0,0,1,0,167,0,benign
52987.0,3702.0,17,6.873322248458862,1.0184303524499438,710.8643860100608,7,4886,698.0,698,698,0.0,1.1456120411554973,0,0,0,0,0,0,,0,0,7,0,4886,0,benign
5353.0,5353.0,17,1e-06,1000000.0,87000000.0,1,87,87.0,87,87,0.0,0.0,0,0,0,0,0,0,,0,0,1,0,87,0,benign
57621.0,57621.0,17,1e-06,1000000.0,86000000.0,1,86,86.0,86,86,0.0,0.0,0,0,0,0,0,0,,0,0,1,0,86,0,benign
55704.0,1900.0,17,2.9948079586029053,1.3356449078845185,284.49236537940243,4,852,213.0,213,213,0.0,0.9995349248250326,0,0,0,0,0,0,,0,0,4,0,852,0,benign
63930.0,5355.0,17,0.4142663478851318,4.827811890128623,362.0858917596467,2,150,75.0,75,75,0.0,0.4139301776885986,0,0,0,0,0,0,,0,0,2,0,150,0,benign
137.0,137.0,17,2.2736947536468506,5.277753304726953,580.5528635199648,12,1320,110.0,110,110,0.0,0.2063342007723721,0,0,0,0,0,0,,0,0,12,0,1320,0,benign
5353.0,5353.0,17,0.7947030067443848,7.549990309687972,1701.2644831163564,6,1352,225.33333333333331,86,403,154.06968120518283,0.1592756748199462,0,0,0,0,0,0,,0,0,6,0,1352,0,benign
55898.0,5355.0,17,0.4121720790863037,4.852342265477,363.92566991077496,2,150,75.0,75,75,0.0,0.4117903709411621,0,0,0,0,0,0,,0,0,2,0,150,0,benign
62534.0,5355.0,17,0.4149634838104248,4.819701197885874,361.4775898414406,2,150,75.0,75,75,0.0,0.411998987197876,0,0,0,0,0,0,,0,0,2,0,150,0,benign
34666.0,443.0,6,1e-06,1000000.0,66000000.0,1,66,66.0,66,66,0.0,0.0,0,0,0,0,0,1,1398.0,0,1,1,0,66,0,benign
51832.0,443.0,6,1e-06,1000000.0,66000000.0,1,66,66.0,66,66,0.0,0.0,0,0,0,0,0,1,501.0,0,1,1,0,66,0,benign
54418.0,1900.0,17,1e-06,1000000.0,167000000.0,1,167,167.0,167,167,0.0,0.0,0,0,0,0,0,0,,0,0,1,0,167,0,benign
42110.0,443.0,6,0.3044018745422363,32.85130886607757,5147.800099314355,10,1567,156.7,66,583,179.60082281424982,0.0332147810194227,1,0,1,0,3,9,64240.0,0,14,10,0,1567,0,benign
443.0,42110.0,6,0.300368070602417,33.29248671453008,29024.38991772732,10,8718,871.8,66,4350,1498.0461942143172,0.0333241621653238,1,0,1,0,5,10,65535.0,0,17,10,0,8718,0,benign
52800.0,5355.0,17,0.4122426509857178,4.851511592063021,363.8633694047266,2,150,75.0,75,75,0.0,0.420903205871582,0,0,0,0,0,0,,0,0,2,0,150,0,benign
5353.0,5353.0,17,8.60181736946106,0.9300360210392647,76.26295372521972,8,656,82.0,82,82,0.0,1.2275990077427454,0,0,0,0,0,0,,0,0,8,0,656,0,benign
5353.0,5353.0,17,8.107574224472046,0.2466829096628143,88.55916456895037,2,718,359.0,220,498,196.5756851698602,8.112850666046143,0,0,0,0,0,0,,0,0,2,0,718,0,benign
52049.0,1900.0,17,12.028513669967651,0.9144937023652716,160.03639791392257,11,1925,175.0,167,179,5.585696017507576,1.2053704738616944,0,0,0,0,0,0,,0,0,11,0,1925,0,benign
62451.0,1900.0,17,3.0388801097869877,1.316274369336796,279.0501662994008,4,848,212.0,212,212,0.0,1.008500576019287,0,0,0,0,0,0,,0,0,4,0,848,0,benign
5353.0,5353.0,17,2.68372130393982,16.39514503067293,1505.372407361787,44,4040,91.8181818181818,91,92,0.3901536532574131,0.062055560045464,0,0,0,0,0,0,,0,0,44,0,4040,0,benign
54168.0,5355.0,17,0.4170293807983398,4.795825167452954,412.4409644009541,2,172,86.0,86,86,0.0,0.4242475032806396,0,0,0,0,0,0,,0,0,2,0,172,0,benign
58731.0,5355.0,17,0.4101455211639404,4.876318030547441,419.36335062708,2,172,86.0,86,86,0.0,0.411285400390625,0,0,0,0,0,0,,0,0,2,0,172,0,benign
56506.0,5355.0,17,0.4094698429107666,4.884364586614621,420.0553544488573,2,172,86.0,86,86,0.0,0.4101450443267822,0,0,0,0,0,0,,0,0,2,0,172,0,benign
49996.0,5355.0,17,0.4207501411437988,4.753414923553084,408.7936834255653,2,172,86.0,86,86,0.0,0.4186277389526367,0,0,0,0,0,0,,0,0,2,0,172,0,benign
64294.0,5355.0,17,0.4167132377624511,4.799463560934695,412.7538662403837,2,172,86.0,86,86,0.0,0.4173972606658935,0,0,0,0,0,0,,0,0,2,0,172,0,benign
55559.0,5355.0,17,0.4150025844573974,4.8192470960510665,414.45525026039167,2,172,86.0,86,86,0.0,0.4185824394226074,0,0,0,0,0,0,,0,0,2,0,172,0,benign
137.0,137.0,17,13.462509155273438,1.7827285926560643,164.01103052435795,24,2208,92.0,92,92,0.0,0.5857599714527959,0,0,0,0,0,0,,0,0,24,0,2208,0,benign
5353.0,5353.0,17,12.94690990447998,1.2358161227694624,100.10110594432643,16,1296,81.0,81,81,0.0,0.863845682144165,0,0,0,0,0,0,,0,0,16,0,1296,0,benign
56081.0,5355.0,17,0.3990800380706787,5.011526032895166,375.86445246713737,2,150,75.0,75,75,0.0,0.4034197330474853,0,0,0,0,0,0,,0,0,2,0,150,0,benign
47732.0,443.0,6,0.2426981925964355,45.32378211110565,6522.504280170931,11,1583,143.9090909090909,66,583,166.28436760288355,0.0245201349258422,1,0,1,0,3,10,64240.0,0,15,11,0,1583,0,benign
47739.0,53.0,17,1e-06,1000000.0,85000000.0,1,85,85.0,85,85,0.0,0.0,0,0,0,0,0,0,,0,0,1,0,85,0,benign
59199.0,53.0,17,1e-06,1000000.0,85000000.0,1,85,85.0,85,85,0.0,0.0,0,0,0,0,0,0,,0,0,1,0,85,0,benign
53.0,47739.0,17,1e-06,1000000.0,180000000.0,1,180,180.0,180,180,0.0,0.0,0,0,0,0,0,0,,0,0,1,0,180,0,benign
53.0,59199.0,17,1e-06,1000000.0,388000000.0,1,388,388.0,388,388,0.0,0.0,0,0,0,0,0,0,,0,0,1,0,388,0,benign
57635.0,5355.0,17,0.4268293380737304,4.685713519660919,402.97136269083904,2,172,86.0,86,86,0.0,0.4218120574951172,0,0,0,0,0,0,,0,0,2,0,172,0,benign
59932.0,5355.0,17,0.4169814586639404,4.79637633387404,412.4883647131674,2,172,86.0,86,86,0.0,0.4192738533020019,0,0,0,0,0,0,,0,0,2,0,172,0,benign
62854.0,5355.0,17,0.4167962074279785,4.798508154241293,412.6717012647512,2,172,86.0,86,86,0.0,0.4220352172851562,0,0,0,0,0,0,,0,0,2,0,172,0,benign
443.0,47732.0,6,0.2481453418731689,40.29896319839508,34915.0217150895,10,8664,866.4,66,4350,1490.2481672526894,0.0273110336727566,1,0,1,0,5,10,65535.0,0,17,10,0,8664,0,benign
45790.0,80.0,6,1e-06,1000000.0,66000000.0,1,66,66.0,66,66,0.0,0.0,0,0,0,0,0,1,501.0,0,1,1,0,66,0,benign
56700.0,443.0,6,1e-06,1000000.0,66000000.0,1,66,66.0,66,66,0.0,0.0,0,0,0,0,0,1,501.0,0,1,1,0,66,0,benign
57285.0,5355.0,17,0.4191224575042724,4.771875055107522,357.8906291330641,2,150,75.0,75,75,0.0,0.4193334579467773,0,0,0,0,0,0,,0,0,2,0,150,0,benign
56708.0,443.0,6,1e-06,1000000.0,66000000.0,1,66,66.0,66,66,0.0,0.0,0,0,0,0,0,1,501.0,0,1,1,0,66,0,benign
137.0,137.0,17,14.835281372070312,1.3481375579200716,124.02865532864658,20,1840,92.0,92,92,0.0,0.7808190270474082,0,0,0,0,0,0,,0,0,20,0,1840,0,benign
5353.0,5353.0,17,10.041842937469482,3.983332566450187,319.46327182930503,40,3208,80.2,70,138,10.17840851999958,0.2569751861767891,0,0,0,0,0,0,,0,0,40,0,3208,0,benign
5353.0,5353.0,17,10.026942014694214,3.88952084721808,311.959518207645,39,3128,80.2051282051282,70,138,10.23199185007362,0.2635306182660554,0,0,0,0,0,0,,0,0,39,0,3128,0,benign
5353.0,5353.0,17,10.010388374328612,0.1997924481260836,17.182150538843192,2,172,86.0,86,86,0.0,10.012010097503662,0,0,0,0,0,0,,0,0,2,0,172,0,benign
5353.0,5353.0,17,1e-06,1000000.0,128000000.0,1,128,128.0,128,128,0.0,0.0,0,0,0,0,0,0,,0,0,1,0,128,0,benign
59196.0,5355.0,17,0.4270796775817871,4.682966914568286,351.22251859262144,2,150,75.0,75,75,0.0,0.4166808128356933,0,0,0,0,0,0,,0,0,2,0,150,0,benign
55454.0,5355.0,17,0.4231610298156738,4.726333142896421,354.4749857172316,2,150,75.0,75,75,0.0,0.4205272197723388,0,0,0,0,0,0,,0,0,2,0,150,0,benign
5353.0,5353.0,17,1.8237977027893064,4.386451407283189,617.3930355751088,8,1126,140.75,85,271,78.15689348995392,0.2592393330165318,0,0,0,0,0,0,,0,0,8,0,1126,0,benign
57621.0,57621.0,17,1e-06,1000000.0,86000000.0,1,86,86.0,86,86,0.0,0.0,0,0,0,0,0,0,,0,0,1,0,86,0,benign
59521.0,5355.0,17,0.4113707542419433,4.861794328781382,364.6345746586037,2,150,75.0,75,75,0.0,0.4172563552856445,0,0,0,0,0,0,,0,0,2,0,150,0,benign
53941.0,5355.0,17,0.4100875854492187,4.877006939405779,365.77552045543337,2,150,75.0,75,75,0.0,0.4170255661010742,0,0,0,0,0,0,,0,0,2,0,150,0,benign
5353.0,5353.0,17,1e-06,1000000.0,87000000.0,1,87,87.0,87,87,0.0,0.0,0,0,0,0,0,0,,0,0,1,0,87,0,benign
59161.0,5355.0,17,0.4139120578765869,4.831944278840809,362.3958209130607,2,150,75.0,75,75,0.0,0.4135386943817138,0,0,0,0,0,0,,0,0,2,0,150,0,benign
57441.0,5355.0,17,0.4208166599273681,4.752663547933665,356.44976609502487,2,150,75.0,75,75,0.0,0.4207684993743896,0,0,0,0,0,0,,0,0,2,0,150,0,benign
47744.0,443.0,6,0.279048204421997,39.41971252882529,5898.622438404222,11,1646,149.63636363636363,66,583,174.37446643776303,0.0278154850006103,1,0,1,0,3,10,64240.0,0,15,11,0,1646,0,benign
443.0,47744.0,6,0.2788171768188476,35.865796053509186,31267.80099944931,10,8718,871.8,66,4350,1498.0461942143172,0.0309216976165771,1,0,1,0,5,10,65535.0,0,17,10,0,8718,0,benign
50233.0,3702.0,17,6.961367130279541,1.005549609580627,701.8736274872774,7,4886,698.0,698,698,0.0,1.1601720253626506,0,0,0,0,0,0,,0,0,7,0,4886,0,benign
42096.0,443.0,6,1e-06,1000000.0,66000000.0,1,66,66.0,66,66,0.0,0.0,0,0,0,0,0,1,501.0,0,1,1,0,66,0,benign
61267.0,1900.0,17,3.03002405166626,1.320121534282982,279.8657652679922,4,848,212.0,212,212,0.0,1.0084569454193115,0,0,0,0,0,0,,0,0,4,0,848,0,benign
57621.0,57621.0,17,3.0744144916534424,0.975795556566798,83.91841786474463,3,258,86.0,86,86,0.0,1.5306522846221924,0,0,0,0,0,0,,0,0,3,0,258,0,benign
5353.0,5353.0,17,15.079716205596924,1.525227642643793,123.54343905414724,23,1863,81.0,81,81,0.0,0.6853263920003717,0,0,0,0,0,0,,0,0,23,0,1863,0,benign
60822.0,5355.0,17,0.4270193576812744,4.68362842110964,351.27213158322303,2,150,75.0,75,75,0.0,0.4190402030944824,0,0,0,0,0,0,,0,0,2,0,150,0,benign
61347.0,3702.0,17,7.684444904327393,0.9109311195735222,635.8299214623186,7,4886,698.0,698,698,0.0,1.2805481751759846,0,0,0,0,0,0,,0,0,7,0,4886,0,benign
57937.0,5355.0,17,0.4111251831054687,4.8646983502514525,364.8523762688589,2,150,75.0,75,75,0.0,0.416684627532959,0,0,0,0,0,0,,0,0,2,0,150,0,benign
5353.0,5353.0,17,15.012222528457642,1.06579821673106,207.83065226255675,16,3120,195.0,83,310,114.17647159842814,1.0009037017822269,0,0,0,0,0,0,,0,0,16,0,3120,0,benign
5353.0,5353.0,17,0.7623958587646484,7.869927323217793,1697.280992707304,6,1294,215.66666666666663,82,385,147.72226191968042,0.1507121562957763,0,0,0,0,0,0,,0,0,6,0,1294,0,benign
53096.0,1900.0,17,1e-06,1000000.0,167000000.0,1,167,167.0,167,167,0.0,0.0,0,0,0,0,0,0,,0,0,1,0,167,0,benign
64327.0,5355.0,17,0.4250948429107666,4.704832423525374,352.862431764403,2,150,75.0,75,75,0.0,0.4189894199371338,0,0,0,0,0,0,,0,0,2,0,150,0,benign
5353.0,5353.0,17,0.7567534446716309,7.928606129574355,1211.7553034699472,6,917,152.83333333333334,83,259,79.04534563569614,0.1520605087280273,0,0,0,0,0,0,,0,0,6,0,917,0,benign
41630.0,443.0,6,0.4470551013946533,24.60546801878315,3520.8187874149703,11,1574,143.0909090909091,66,583,165.27459244872125,0.0446104526519775,1,0,1,0,3,10,64240.0,0,15,11,0,1574,0,benign
443.0,41630.0,6,0.4470722675323486,22.36774840720004,19381.65399483883,10,8665,866.5,66,4350,1490.3911678929574,0.0495967335171169,1,0,1,0,5,10,65535.0,0,17,10,0,8665,0,benign
42110.0,443.0,6,1e-06,1000000.0,66000000.0,1,66,66.0,66,66,0.0,0.0,0,0,0,0,0,1,501.0,0,1,1,0,66,0,benign
51154.0,5355.0,17,0.4181809425354004,4.78261871015486,358.6964032616145,2,150,75.0,75,75,0.0,0.4157419204711914,0,0,0,0,0,0,,0,0,2,0,150,0,benign
5353.0,5353.0,17,0.0052754878997802,379.1118542956569,36773.84986667872,2,194,97.0,91,103,8.48528137423857,0.0039758682250976,0,0,0,0,0,0,,0,0,2,0,194,0,benign
5353.0,5353.0,17,1e-06,1000000.0,91000000.0,1,91,91.0,91,91,0.0,0.0,0,0,0,0,0,0,,0,0,1,0,91,0,benign
5353.0,5353.0,17,1e-06,1000000.0,136000000.0,1,136,136.0,136,136,0.0,0.0,0,0,0,0,0,0,,0,0,1,0,136,0,benign
49367.0,5355.0,17,0.416748046875,4.799062683069713,359.9297012302285,2,150,75.0,75,75,0.0,0.413285493850708,0,0,0,0,0,0,,0,0,2,0,150,0,benign
57621.0,57621.0,17,1e-06,1000000.0,86000000.0,1,86,86.0,86,86,0.0,0.0,0,0,0,0,0,0,,0,0,1,0,86,0,benign
49925.0,21027.0,17,1e-06,1000000.0,343000000.0,1,343,343.0,343,343,0.0,0.0,0,0,0,0,0,0,,0,0,1,0,343,0,benign
57621.0,57621.0,17,1e-06,1000000.0,86000000.0,1,86,86.0,86,86,0.0,0.0,0,0,0,0,0,0,,0,0,1,0,86,0,benign
41640.0,443.0,6,0.2827086448669433,35.3721054575692,5581.718241204419,10,1578,157.8,66,583,181.17444018894545,0.0315028561486138,1,0,1,0,3,9,64240.0,0,14,10,0,1578,0,benign
443.0,41640.0,6,0.2833900451660156,35.28705461104605,30763.254209909945,10,8718,871.8,66,4350,1498.0461942143172,0.0315582752227783,1,0,1,0,5,10,65535.0,0,17,10,0,8718,0,benign
55928.0,3702.0,17,7.078784704208374,0.9888703064861492,690.2314739273321,7,4886,698.0,698,698,0.0,1.1808804670969646,0,0,0,0,0,0,,0,0,7,0,4886,0,benign
56113.0,5355.0,17,0.4187550544738769,4.776061754079115,358.2046315559336,2,150,75.0,75,75,0.0,0.4139904975891113,0,0,0,0,0,0,,0,0,2,0,150,0,benign
47732.0,443.0,6,1e-06,1000000.0,66000000.0,1,66,66.0,66,66,0.0,0.0,0,0,0,0,0,1,501.0,0,1,1,0,66,0,benign
17500.0,17500.0,17,0.0021967887878417,1820.839591925331,320467.76817885827,4,704,176.0,176,176,0.0,0.0018045902252197,0,0,0,0,0,0,,0,0,4,0,704,0,benign
17500.0,17500.0,17,1e-06,1000000.0,176000000.0,1,176,176.0,176,176,0.0,0.0,0,0,0,0,0,0,,0,0,1,0,176,0,benign
137.0,137.0,17,14.063797950744627,1.1376727720375743,104.66589502745684,16,1472,92.0,92,92,0.0,0.9376187960306804,0,0,0,0,0,0,,0,0,16,0,1472,0,benign
60489.0,1900.0,17,3.012019157409668,1.328012801698112,281.53871395999977,4,848,212.0,212,212,0.0,1.0044612884521484,0,0,0,0,0,0,,0,0,4,0,848,0,benign
50112.0,5355.0,17,0.4215726852416992,4.744140381992123,355.8105286494092,2,150,75.0,75,75,0.0,0.4201521873474121,0,0,0,0,0,0,,0,0,2,0,150,0,benign
5353.0,5353.0,17,1.021579027175903,7.831014328980051,720.4533182661647,8,736,92.0,92,92,0.0,0.1449533530644008,0,0,0,0,0,0,,0,0,8,0,736,0,benign
5353.0,5353.0,17,0.7696239948272705,7.796014729694858,1609.8770416819882,6,1239,206.5,93,363,126.54445859064712,0.1536310195922851,0,0,0,0,0,0,,0,0,6,0,1239,0,benign
34754.0,443.0,6,0.8042502403259277,12.433940953436872,1893.689207208436,10,1523,152.3,66,583,173.86076804922573,0.0888283252716064,1,0,1,0,3,9,64240.0,0,14,10,0,1523,0,benign
443.0,34754.0,6,0.8023619651794434,12.463202935801624,8775.341187097925,10,7041,704.1,66,4350,1338.8943572963476,0.0888765652974446,1,0,1,0,5,10,65535.0,0,17,10,0,7041,0,benign
5353.0,5353.0,17,6.143420934677124,1.139430306734776,214.0501219080329,7,1315,187.8571428571429,82,363,131.69336679249588,1.0236903429031372,0,0,0,0,0,0,,0,0,7,0,1315,0,benign
62898.0,1900.0,17,1e-06,1000000.0,167000000.0,1,167,167.0,167,167,0.0,0.0,0,0,0,0,0,0,,0,0,1,0,167,0,benign
50450.0,5355.0,17,0.4139487743377685,4.83151569466435,347.8691300158332,2,144,72.0,72,72,0.0,0.4136645793914795,0,0,0,0,0,0,,0,0,2,0,144,0,benign
47744.0,443.0,6,1e-06,1000000.0,66000000.0,1,66,66.0,66,66,0.0,0.0,0,0,0,0,0,1,501.0,0,1,1,0,66,0,benign
17500.0,17500.0,17,1e-06,1000000.0,176000000.0,1,176,176.0,176,176,0.0,0.0,0,0,0,0,0,0,,0,0,1,0,176,0,benign
5353.0,5353.0,17,10.029247283935549,5.483960903835409,432.33553598236966,55,4336,78.83636363636364,70,81,3.5053590525853537,0.1854582406856395,0,0,0,0,0,0,,0,0,55,0,4336,0,benign
5353.0,5353.0,17,10.031413555145264,5.383089801167911,422.6722362398508,54,4240,78.51851851851852,70,81,3.780489839184718,0.1890642732944128,0,0,0,0,0,0,,0,0,54,0,4240,0,benign
5353.0,5353.0,17,1e-06,1000000.0,86000000.0,1,86,86.0,86,86,0.0,0.0,0,0,0,0,0,0,,0,0,1,0,86,0,benign
5353.0,5353.0,17,14.061787605285645,1.4934089882076138,120.96612804481671,21,1701,81.0,81,81,0.0,0.7031765460968018,0,0,0,0,0,0,,0,0,21,0,1701,0,benign
5353.0,5353.0,17,1e-06,1000000.0,139000000.0,1,139,139.0,139,139,0.0,0.0,0,0,0,0,0,0,,0,0,1,0,139,0,benign
5353.0,5353.0,17,1e-06,1000000.0,139000000.0,1,139,139.0,139,139,0.0,0.0,0,0,0,0,0,0,,0,0,1,0,139,0,benign
5353.0,5353.0,17,1e-06,1000000.0,139000000.0,1,139,139.0,139,139,0.0,0.0,0,0,0,0,0,0,,0,0,1,0,139,0,benign
58729.0,5355.0,17,0.4036002159118652,4.955398736547611,356.788709031428,2,144,72.0,72,72,0.0,0.4178414344787597,0,0,0,0,0,0,,0,0,2,0,144,0,benign
5353.0,5353.0,17,1e-06,1000000.0,139000000.0,1,139,139.0,139,139,0.0,0.0,0,0,0,0,0,0,,0,0,1,0,139,0,benign
50453.0,1900.0,17,3.062871217727661,1.3059641479041986,233.76758247485157,4,716,179.0,179,179,0.0,1.0221102237701416,0,0,0,0,0,0,,0,0,4,0,716,0,benign
60367.0,1900.0,17,2.997483491897583,1.334452720361027,284.23842943689874,4,852,213.0,213,213,0.0,1.0012174447377522,0,0,0,0,0,0,,0,0,4,0,852,0,benign
5353.0,5353.0,17,11.948899030685425,0.5021383128764979,44.02079209550632,6,526,87.66666666666667,75,139,25.60208324856918,2.391012477874756,0,0,0,0,0,0,,0,0,6,0,526,0,benign
5353.0,5353.0,17,9.83847165107727,1.3213434424620776,133.65897129520246,13,1315,101.15384615384616,70,475,112.3267897356089,0.820610761642456,0,0,0,0,0,0,,0,0,13,0,1315,0,benign
137.0,137.0,17,3.750626564025879,1.5997327106753252,147.1754093821299,6,552,92.0,92,92,0.0,0.7514865875244141,0,0,0,0,0,0,,0,0,6,0,552,0,benign
55402.0,5355.0,17,1e-06,1000000.0,69000000.0,1,69,69.0,69,69,0.0,0.0,0,0,0,0,0,0,,0,0,1,0,69,0,benign
50071.0,5355.0,17,1e-06,1000000.0,69000000.0,1,69,69.0,69,69,0.0,0.0,0,0,0,0,0,0,,0,0,1,0,69,0,benign
137.0,137.0,17,10.531211614608765,0.5697350143146753,52.41562131695014,6,552,92.0,92,92,0.0,2.107056188583374,0,0,0,0,0,0,,0,0,6,0,552,0,benign
52859.0,5355.0,17,0.4143521785736084,4.826811836454978,308.9159575331186,2,128,64.0,64,64,0.0,0.4173939228057861,0,0,0,0,0,0,,0,0,2,0,128,0,benign
61195.0,5355.0,17,0.424922227859497,4.706743655362061,338.88554318606845,2,144,72.0,72,72,0.0,0.4242289066314697,0,0,0,0,0,0,,0,0,2,0,144,0,benign
5353.0,5353.0,17,0.8025004863739014,7.476630982631551,1880.372692131835,6,1509,251.5,93,453,175.21843510315915,0.1593253135681152,0,0,0,0,0,0,,0,0,6,0,1509,0,benign
63478.0,1900.0,17,3.0398428440093994,1.3158574983186309,278.9617896435497,4,848,212.0,212,212,0.0,1.0120999018351238,0,0,0,0,0,0,,0,0,4,0,848,0,benign
5353.0,5353.0,17,15.0034019947052,1.06642480189803,207.95283637011585,16,3120,195.0,83,310,114.17647159842814,1.0003135681152344,0,0,0,0,0,0,,0,0,16,0,3120,0,benign
64657.0,5355.0,17,0.4114129543304443,4.861295637262828,364.5971727947121,2,150,75.0,75,75,0.0,0.4104275703430176,0,0,0,0,0,0,,0,0,2,0,150,0,benign
60533.0,5355.0,17,0.4073901176452636,4.909299252421992,353.46954617438337,2,144,72.0,72,72,0.0,0.4057290554046631,0,0,0,0,0,0,,0,0,2,0,144,0,benign
137.0,137.0,17,2.281708002090454,5.259218089696773,578.5139898666451,12,1320,110.0,110,110,0.0,0.2073555859652432,0,0,0,0,0,0,,0,0,12,0,1320,0,benign
55954.0,443.0,6,0.2499864101409912,64.00347919303321,8116.441205166525,16,2029,126.8125,66,583,154.8621833545341,0.0163623332977294,1,0,1,0,3,15,64240.0,0,20,16,0,2029,0,benign
443.0,55954.0,6,0.246530532836914,64.90068315629037,150963.0453142287,16,37217,2326.0625,66,4350,1997.1634040558624,0.0164161205291748,1,0,1,0,11,16,65535.0,0,29,16,0,37217,0,benign
5353.0,5353.0,17,0.0063042640686035,634.4911882610998,62814.62763784888,4,396,99.0,80,118,21.93931022920578,0.0017128785451253,0,0,0,0,0,0,,0,0,4,0,396,0,benign
57736.0,5355.0,17,1e-06,1000000.0,74000000.0,1,74,74.0,74,74,0.0,0.0,0,0,0,0,0,0,,0,0,1,0,74,0,benign
57621.0,57621.0,17,1e-06,1000000.0,86000000.0,1,86,86.0,86,86,0.0,0.0,0,0,0,0,0,0,,0,0,1,0,86,0,benign
64272.0,5355.0,17,0.4098868370056152,4.8793955292899565,336.678291521007,2,138,69.0,69,69,0.0,0.4108524322509765,0,0,0,0,0,0,,0,0,2,0,138,0,benign
63084.0,5355.0,17,0.4083404541015625,4.8978737715332015,337.9532902357909,2,138,69.0,69,69,0.0,0.4108517169952392,0,0,0,0,0,0,,0,0,2,0,138,0,benign
5353.0,5353.0,17,1e-06,1000000.0,443000000.0,1,443,443.0,443,443,0.0,0.0,0,0,0,0,0,0,,0,0,1,0,443,0,benign
41630.0,443.0,6,1e-06,1000000.0,66000000.0,1,66,66.0,66,66,0.0,0.0,0,0,0,0,0,1,501.0,0,1,1,0,66,0,benign
58405.0,5355.0,17,0.4238767623901367,4.718352543608412,353.8764407706309,2,150,75.0,75,75,0.0,0.4207615852355957,0,0,0,0,0,0,,0,0,2,0,150,0,benign
5353.0,5353.0,17,0.794405460357666,7.552818175870309,1982.614771165956,6,1575,262.5,93,475,187.16596912900596,0.1601823329925537,0,0,0,0,0,0,,0,0,6,0,1575,0,benign
38524.0,443.0,6,0.2532353401184082,90.82460603344548,9658.999406861203,23,2446,106.34782608695652,66,583,125.93779441947166,0.0115967880595814,1,0,1,0,3,22,64240.0,0,27,23,0,2446,0,benign
443.0,38524.0,6,0.2544476985931396,106.11218002475566,318933.9123469989,27,81152,3005.6296296296296,66,4350,1798.052218548388,0.0098113188376793,1,0,1,0,22,27,65535.0,0,51,27,0,81152,0,benign
57806.0,1900.0,17,2.99674916267395,1.3347797172422884,280.3037406208806,4,840,210.0,210,210,0.0,0.9995545546213784,0,0,0,0,0,0,,0,0,4,0,840,0,benign
38320.0,1900.0,17,3.005406379699707,1.3309348203352354,279.49631227039947,4,840,210.0,210,210,0.0,1.0017158190409343,0,0,0,0,0,0,,0,0,4,0,840,0,benign
57621.0,57621.0,17,1e-06,1000000.0,86000000.0,1,86,86.0,86,86,0.0,0.0,0,0,0,0,0,0,,0,0,1,0,86,0,benign
54674.0,1900.0,17,3.02180552482605,1.323711922272119,280.62692752168925,4,848,212.0,212,212,0.0,1.0071146488189695,0,0,0,0,0,0,,0,0,4,0,848,0,benign
49918.0,5355.0,17,0.4173314571380615,4.792353813238575,359.4265359928931,2,150,75.0,75,75,0.0,0.4174094200134277,0,0,0,0,0,0,,0,0,2,0,150,0,benign
5353.0,5353.0,17,12.648721933364868,0.1581187419990939,17.314002248900785,2,219,109.5,87,132,31.81980515339464,12.630792617797852,0,0,0,0,0,0,,0,0,2,0,219,0,benign
41640.0,443.0,6,1e-06,1000000.0,66000000.0,1,66,66.0,66,66,0.0,0.0,0,0,0,0,0,1,501.0,0,1,1,0,66,0,benign
137.0,137.0,17,13.465579986572266,1.7823220406349036,163.97362773841115,24,2208,92.0,92,92,0.0,0.5859984003979227,0,0,0,0,0,0,,0,0,24,0,2208,0,benign
5353.0,5353.0,17,12.949099779129028,1.2356071289054642,100.0841774413426,16,1296,81.0,81,81,0.0,0.8642860571543376,0,0,0,0,0,0,,0,0,16,0,1296,0,benign
55279.0,5355.0,17,0.3962457180023193,5.047373155432543,378.5529866574407,2,150,75.0,75,75,0.0,0.4087021350860595,0,0,0,0,0,0,,0,0,2,0,150,0,benign
137.0,137.0,17,1.5132477283477783,1.9824909985330128,182.3891718650372,3,276,92.0,92,92,0.0,0.7574543952941895,0,0,0,0,0,0,,0,0,3,0,276,0,benign
57621.0,57621.0,17,1e-06,1000000.0,86000000.0,1,86,86.0,86,86,0.0,0.0,0,0,0,0,0,0,,0,0,1,0,86,0,benign
44696.0,443.0,6,0.1350877285003662,133.24674417003914,15464.024920622876,18,2089,116.05555555555556,66,583,137.98826558047787,0.0078539988573859,1,0,1,0,3,17,64240.0,0,22,18,0,2089,0,benign
443.0,44696.0,6,0.1389210224151611,129.57002249960098,329035.8738031534,18,45710,2539.4444444444443,66,4350,1916.279981453718,0.0079456357394947,1,0,1,0,13,18,65535.0,0,33,18,0,45710,0,benign
53788.0,5355.0,17,0.4143719673156738,4.826581327294215,308.9012049468297,2,128,64.0,64,64,0.0,0.4174518585205078,0,0,0,0,0,0,,0,0,2,0,128,0,benign
5353.0,5353.0,17,1e-06,1000000.0,83000000.0,1,83,83.0,83,83,0.0,0.0,0,0,0,0,0,0,,0,0,1,0,83,0,benign
5353.0,5353.0,17,1e-06,1000000.0,139000000.0,1,139,139.0,139,139,0.0,0.0,0,0,0,0,0,0,,0,0,1,0,139,0,benign
5353.0,5353.0,17,1e-06,1000000.0,132000000.0,1,132,132.0,132,132,0.0,0.0,0,0,0,0,0,0,,0,0,1,0,132,0,benign
5353.0,5353.0,17,6.203774690628052,3.868612449168477,1806.158437205533,24,11205,466.875,84,1514,521.8609103799677,0.2698541724163553,0,0,0,0,0,0,,0,0,24,0,11205,0,benign
5353.0,5353.0,17,5.427086353302002,0.3685218678680393,91.02490136340572,2,494,247.0,132,362,162.63455967290594,5.428023815155029,0,0,0,0,0,0,,0,0,2,0,494,0,benign
5353.0,5353.0,17,1e-06,1000000.0,139000000.0,1,139,139.0,139,139,0.0,0.0,0,0,0,0,0,0,,0,0,1,0,139,0,benign
63558.0,5355.0,17,0.42909836769104,4.6609359312222844,349.57019484167137,2,150,75.0,75,75,0.0,0.4208264350891113,0,0,0,0,0,0,,0,0,2,0,150,0,benign
137.0,137.0,17,14.84536838531494,1.145138305683032,105.35272412283894,17,1564,92.0,92,92,0.0,0.927591234445572,0,0,0,0,0,0,,0,0,17,0,1564,0,benign
5353.0,5353.0,17,1e-06,1000000.0,87000000.0,1,87,87.0,87,87,0.0,0.0,0,0,0,0,0,0,,0,0,1,0,87,0,benign
52493.0,1900.0,17,1e-06,1000000.0,167000000.0,1,167,167.0,167,167,0.0,0.0,0,0,0,0,0,0,,0,0,1,0,167,0,benign
63085.0,1900.0,17,3.0178682804107666,1.325438895383318,280.9930458212634,4,848,212.0,212,212,0.0,1.001772165298462,0,0,0,0,0,0,,0,0,4,0,848,0,benign
48024.0,53.0,17,1e-06,1000000.0,90000000.0,1,90,90.0,90,90,0.0,0.0,0,0,0,0,0,0,,0,0,1,0,90,0,benign
37166.0,53.0,17,1e-06,1000000.0,90000000.0,1,90,90.0,90,90,0.0,0.0,0,0,0,0,0,0,,0,0,1,0,90,0,benign
53.0,48024.0,17,1e-06,1000000.0,196000000.0,1,196,196.0,196,196,0.0,0.0,0,0,0,0,0,0,,0,0,1,0,196,0,benign
53.0,37166.0,17,1e-06,1000000.0,356000000.0,1,356,356.0,356,356,0.0,0.0,0,0,0,0,0,0,,0,0,1,0,356,0,benign
38174.0,443.0,6,0.244805097579956,98.03717421432098,11703.187671834568,24,2865,119.375,66,583,139.36808083819528,0.0104781337406324,1,0,0,0,4,23,64240.0,0,28,24,0,2865,0,benign
443.0,38174.0,6,0.2249536514282226,133.36080481259617,418423.97045968095,30,94126,3137.5333333333333,66,4350,1665.5887171545812,0.0075486939528892,1,0,0,0,24,30,65535.0,0,55,30,0,94126,0,benign
34754.0,443.0,6,1e-06,1000000.0,66000000.0,1,66,66.0,66,66,0.0,0.0,0,0,0,0,0,1,501.0,0,1,1,0,66,0,benign
55932.0,1900.0,17,1e-06,1000000.0,167000000.0,1,167,167.0,167,167,0.0,0.0,0,0,0,0,0,0,,0,0,1,0,167,0,benign
50643.0,5355.0,17,0.4159576892852783,4.808181340358226,360.61360052686695,2,150,75.0,75,75,0.0,0.4234356880187988,0,0,0,0,0,0,,0,0,2,0,150,0,benign
54666.0,1900.0,17,1e-06,1000000.0,167000000.0,1,167,167.0,167,167,0.0,0.0,0,0,0,0,0,0,,0,0,1,0,167,0,benign
58754.0,5355.0,17,0.4159612655639648,4.8081400014214735,360.6105001066105,2,150,75.0,75,75,0.0,0.4245805740356445,0,0,0,0,0,0,,0,0,2,0,150,0,benign
5353.0,5353.0,17,0.8044660091400146,7.458363599991109,1540.152083398164,6,1239,206.5,93,363,126.54445859064712,0.1592081069946289,0,0,0,0,0,0,,0,0,6,0,1239,0,benign
53120.0,443.0,6,0.5089011192321777,55.02051172975602,5368.429930203337,28,2732,97.57142857142856,66,583,110.648736355834,0.0188534613008852,1,0,1,0,3,27,64240.0,0,32,28,0,2732,0,benign
443.0,53120.0,6,0.5089547634124756,53.04990136838195,76220.91939939412,27,38793,1436.7777777777778,66,4350,1629.8290220221386,0.0196127799841073,1,0,1,0,22,27,65535.0,0,51,27,0,38793,0,benign
64851.0,5355.0,17,0.4096319675445556,4.882431446912062,366.1823585184047,2,150,75.0,75,75,0.0,0.4131002426147461,0,0,0,0,0,0,,0,0,2,0,150,0,benign
5353.0,5353.0,17,1e-06,1000000.0,87000000.0,1,87,87.0,87,87,0.0,0.0,0,0,0,0,0,0,,0,0,1,0,87,0,benign
5353.0,5353.0,17,1e-06,1000000.0,87000000.0,1,87,87.0,87,87,0.0,0.0,0,0,0,0,0,0,,0,0,1,0,87,0,benign
,,17,0.4831969738006592,74.5037778627555,105342.13324978104,36,50901,1413.9166666666667,313,1514,336.64745230412353,0.0147370747157505,0,0,0,0,0,0,,0,0,36,0,50901,0,benign
58428.0,5355.0,17,0.4129562377929687,4.84312819849613,363.2346148872097,2,150,75.0,75,75,0.0,0.4138538837432861,0,0,0,0,0,0,,0,0,2,0,150,0,benign
5353.0,5353.0,17,14.060607433319092,1.5646550196591873,126.73705659239418,22,1782,81.0,81,81,0.0,0.6695247150602794,0,0,0,0,0,0,,0,0,22,0,1782,0,benign
57876.0,5355.0,17,0.4150915145874023,4.818214609826423,361.3660957369818,2,150,75.0,75,75,0.0,0.4201536178588867,0,0,0,0,0,0,,0,0,2,0,150,0,benign
5353.0,5353.0,17,15.004037857055664,1.0663796074385392,207.94402345051515,16,3120,195.0,83,310,114.17647159842814,1.000234111150106,0,0,0,0,0,0,,0,0,16,0,3120,0,benign
57621.0,57621.0,17,1e-06,1000000.0,86000000.0,1,86,86.0,86,86,0.0,0.0,0,0,0,0,0,0,,0,0,1,0,86,0,benign
59972.0,5355.0,17,0.409966230392456,4.878450593565773,365.88379451743305,2,150,75.0,75,75,0.0,0.4129819869995117,0,0,0,0,0,0,,0,0,2,0,150,0,benign
51428.0,1900.0,17,1e-06,1000000.0,167000000.0,1,167,167.0,167,167,0.0,0.0,0,0,0,0,0,0,,0,0,1,0,167,0,benign
57621.0,57621.0,17,1e-06,1000000.0,86000000.0,1,86,86.0,86,86,0.0,0.0,0,0,0,0,0,0,,0,0,1,0,86,0,benign
63246.0,1900.0,17,1e-06,1000000.0,167000000.0,1,167,167.0,167,167,0.0,0.0,0,0,0,0,0,0,,0,0,1,0,167,0,benign
55954.0,443.0,6,1e-06,1000000.0,66000000.0,1,66,66.0,66,66,0.0,0.0,0,0,0,0,0,1,501.0,0,1,1,0,66,0,benign
51616.0,5355.0,17,0.4066073894500732,4.91874976179098,368.9062321343235,2,150,75.0,75,75,0.0,0.4127390384674072,0,0,0,0,0,0,,0,0,2,0,150,0,benign
51906.0,5355.0,17,0.4158964157104492,4.808889724580887,360.6667293435665,2,150,75.0,75,75,0.0,0.4146933555603027,0,0,0,0,0,0,,0,0,2,0,150,0,benign
57621.0,57621.0,17,1e-06,1000000.0,86000000.0,1,86,86.0,86,86,0.0,0.0,0,0,0,0,0,0,,0,0,1,0,86,0,benign
54494.0,1900.0,17,3.0328633785247803,1.3188856538422928,279.60375861456606,4,848,212.0,212,212,0.0,1.010717471440633,0,0,0,0,0,0,,0,0,4,0,848,0,benign
62278.0,5355.0,17,0.3972022533416748,5.03521816196645,377.6413621474837,2,150,75.0,75,75,0.0,0.4103279113769531,0,0,0,0,0,0,,0,0,2,0,150,0,benign
5353.0,5353.0,17,10.045731544494627,3.583611590708803,281.0148755714153,36,2823,78.41666666666667,70,82,4.325175471254647,0.2863409110477992,0,0,0,0,0,0,,0,0,36,0,2823,0,benign
5353.0,5353.0,17,10.032063722610474,3.18977240225037,250.1977728015134,32,2510,78.4375,70,82,4.295064684630639,0.3230543521142775,0,0,0,0,0,0,,0,0,32,0,2510,0,benign
38530.0,443.0,6,0.2651126384735107,86.75557729888494,8977.316259623747,23,2380,103.47826086956522,66,583,119.40605648002396,0.0118653557517311,1,0,1,0,3,22,64240.0,0,27,23,0,2380,0,benign
443.0,38530.0,6,0.2641050815582275,83.30017684703138,251437.79744108932,22,66406,3018.454545454545,66,5459,1961.3343545189969,0.0125016257876441,1,0,1,0,17,22,65535.0,0,41,22,0,66406,0,benign
5353.0,5353.0,17,1e-06,1000000.0,87000000.0,1,87,87.0,87,87,0.0,0.0,0,0,0,0,0,0,,0,0,1,0,87,0,benign
38524.0,443.0,6,1e-06,1000000.0,66000000.0,1,66,66.0,66,66,0.0,0.0,0,0,0,0,0,1,939.0,0,1,1,0,66,0,benign
49925.0,21027.0,17,1e-06,1000000.0,343000000.0,1,343,343.0,343,343,0.0,0.0,0,0,0,0,0,0,,0,0,1,0,343,0,benign
50036.0,1900.0,17,1e-06,1000000.0,167000000.0,1,167,167.0,167,167,0.0,0.0,0,0,0,0,0,0,,0,0,1,0,167,0,benign
56426.0,3702.0,17,7.211916208267212,0.9706158249558852,677.489845819208,7,4886,698.0,698,698,0.0,1.2018752098083496,0,0,0,0,0,0,,0,0,7,0,4886,0,benign
64416.0,5355.0,17,0.4158132076263428,4.8098520280703445,360.7389021052758,2,150,75.0,75,75,0.0,0.4197695255279541,0,0,0,0,0,0,,0,0,2,0,150,0,benign
57621.0,57621.0,17,1e-06,1000000.0,86000000.0,1,86,86.0,86,86,0.0,0.0,0,0,0,0,0,0,,0,0,1,0,86,0,benign
137.0,137.0,17,1.5023224353790283,1.9969082064883863,183.71555499693156,3,276,92.0,92,92,0.0,0.751261830329895,0,0,0,0,0,0,,0,0,3,0,276,0,benign
38544.0,443.0,6,0.259824275970459,92.37012173076818,9652.677720865277,24,2508,104.5,66,583,123.02350429367412,0.0114996744238811,1,0,1,0,3,23,64240.0,0,28,24,0,2508,0,benign
443.0,38544.0,6,0.2566735744476318,97.39997603493326,283246.9223076687,25,72702,2908.08,66,4350,1833.4713641977976,0.0107638041178385,1,0,1,0,20,25,65535.0,0,47,25,0,72702,0,benign
44696.0,443.0,6,1e-06,1000000.0,66000000.0,1,66,66.0,66,66,0.0,0.0,0,0,0,0,0,1,501.0,0,1,1,0,66,0,benign
63977.0,5355.0,17,0.4187016487121582,4.776670944935604,358.2503208701703,2,150,75.0,75,75,0.0,0.4192304611206054,0,0,0,0,0,0,,0,0,2,0,150,0,benign
57621.0,57621.0,17,1e-06,1000000.0,86000000.0,1,86,86.0,86,86,0.0,0.0,0,0,0,0,0,0,,0,0,1,0,86,0,benign
17500.0,17500.0,17,0.0041580200195312,961.9963302752294,169311.35412844038,4,704,176.0,176,176,0.0,0.0015702247619628,0,0,0,0,0,0,,0,0,4,0,704,0,benign
17500.0,17500.0,17,1e-06,1000000.0,176000000.0,1,176,176.0,176,176,0.0,0.0,0,0,0,0,0,0,,0,0,1,0,176,0,benign
137.0,137.0,17,14.080936193466188,1.136288083417656,104.53850367442436,16,1472,92.0,92,92,0.0,0.9386866410573323,0,0,0,0,0,0,,0,0,16,0,1472,0,benign
50211.0,1900.0,17,3.035696268081665,1.31765487939533,279.34283443181,4,848,212.0,212,212,0.0,1.0120380719502766,0,0,0,0,0,0,,0,0,4,0,848,0,benign
57621.0,57621.0,17,1e-06,1000000.0,86000000.0,1,86,86.0,86,86,0.0,0.0,0,0,0,0,0,0,,0,0,1,0,86,0,benign
55536.0,5355.0,17,0.4151895046234131,4.817077449522835,361.28080871421264,2,150,75.0,75,75,0.0,0.4166052341461181,0,0,0,0,0,0,,0,0,2,0,150,0,benign
5353.0,5353.0,17,1.3640224933624268,5.865005921038257,1134.145519980773,8,1547,193.375,79,401,139.1750567758872,0.1956285067967006,0,0,0,0,0,0,,0,0,8,0,1547,0,benign
5353.0,5353.0,17,12.851791620254517,0.2334304888099787,31.04625501172717,3,399,133.0,87,156,39.83716857408418,6.424239993095398,0,0,0,0,0,0,,0,0,3,0,399,0,benign
62225.0,5355.0,17,1e-06,1000000.0,73000000.0,1,73,73.0,73,73,0.0,0.0,0,0,0,0,0,0,,0,0,1,0,73,0,benign
5353.0,5353.0,17,1e-06,1000000.0,87000000.0,1,87,87.0,87,87,0.0,0.0,0,0,0,0,0,0,,0,0,1,0,87,0,benign
45754.0,443.0,6,0.8549289703369141,23.393756316525703,2565.1253801070434,20,2193,109.65,66,583,128.55442222531363,0.0447720226488615,1,0,1,0,3,19,64240.0,0,24,20,0,2193,0,benign
443.0,45754.0,6,0.8517060279846191,25.83050874027311,44339.242366712446,22,37764,1716.5454545454545,66,4350,1722.0882319985462,0.0406475180671328,1,0,1,0,18,22,65535.0,0,42,22,0,37764,0,benign
60219.0,1900.0,17,1e-06,1000000.0,167000000.0,1,167,167.0,167,167,0.0,0.0,0,0,0,0,0,0,,0,0,1,0,167,0,benign
57621.0,57621.0,17,1e-06,1000000.0,86000000.0,1,86,86.0,86,86,0.0,0.0,0,0,0,0,0,0,,0,0,1,0,86,0,benign
17500.0,17500.0,17,1e-06,1000000.0,176000000.0,1,176,176.0,176,176,0.0,0.0,0,0,0,0,0,0,,0,0,1,0,176,0,benign
53120.0,443.0,6,1e-06,1000000.0,66000000.0,1,66,66.0,66,66,0.0,0.0,0,0,0,0,0,1,657.0,0,1,1,0,66,0,benign
64951.0,1900.0,17,1e-06,1000000.0,167000000.0,1,167,167.0,167,167,0.0,0.0,0,0,0,0,0,0,,0,0,1,0,167,0,benign
51199.0,5355.0,17,0.4211971759796142,4.748369918075611,356.1277438556709,2,150,75.0,75,75,0.0,0.4176476001739502,0,0,0,0,0,0,,0,0,2,0,150,0,benign
5353.0,5353.0,17,12.616583824157717,0.1585215164322439,14.187675720685831,2,179,89.5,87,92,3.5355339059327378,12.638049840927124,0,0,0,0,0,0,,0,0,2,0,179,0,benign
5353.0,5353.0,17,1e-06,1000000.0,108000000.0,1,108,108.0,108,108,0.0,0.0,0,0,0,0,0,0,,0,0,1,0,108,0,benign
53772.0,1900.0,17,3.0097312927246094,1.3290222983258195,281.75272724507374,4,848,212.0,212,212,0.0,1.006515343983968,0,0,0,0,0,0,,0,0,4,0,848,0,benign
57621.0,57621.0,17,3.1341335773468018,0.9572023418796488,82.3194014016498,3,258,86.0,86,86,0.0,1.5673770904541016,0,0,0,0,0,0,,0,0,3,0,258,0,benign
53943.0,1900.0,17,3.025385856628418,1.3221454021265644,285.5834068593379,4,864,216.0,216,216,0.0,1.008405367533366,0,0,0,0,0,0,,0,0,4,0,864,0,benign
5353.0,5353.0,17,14.10778784751892,1.8429537132976177,149.27925077710702,26,2106,81.0,81,81,0.0,0.5641755390167237,0,0,0,0,0,0,,0,0,26,0,2106,0,benign
5353.0,5353.0,17,15.007156610488892,1.4659672428968742,294.8593204463031,22,4425,201.13636363636363,83,385,118.22669727287466,0.7149885041373116,0,0,0,0,0,0,,0,0,22,0,4425,0,benign
56563.0,5355.0,17,0.4512958526611328,4.431682649434299,332.3761987075724,2,150,75.0,75,75,0.0,0.4514763355255127,0,0,0,0,0,0,,0,0,2,0,150,0,benign
45760.0,443.0,6,0.1612858772277832,130.2035885655494,14161.190299224518,21,2284,108.76190476190476,66,583,128.16587094929162,0.0079293251037597,1,0,1,0,3,20,64240.0,0,25,21,0,2284,0,benign
443.0,45760.0,6,0.1511831283569336,132.28989383511956,282187.5725396936,20,42662,2133.1,66,2922,1238.390334689605,0.0082875301963404,1,0,1,0,16,20,65535.0,0,38,20,0,42662,0,benign
63264.0,1900.0,17,3.002119541168213,1.3323919801153163,282.46709978444704,4,848,212.0,212,212,0.0,1.000946680704753,0,0,0,0,0,0,,0,0,4,0,848,0,benign
51284.0,5355.0,17,0.4043190479278564,4.946588616712573,356.15438040330525,2,144,72.0,72,72,0.0,0.4039947986602783,0,0,0,0,0,0,,0,0,2,0,144,0,benign
55837.0,1900.0,17,3.028747320175171,1.320678015414193,279.9837392678089,4,848,212.0,212,212,0.0,1.0095863342285156,0,0,0,0,0,0,,0,0,4,0,848,0,benign
51287.0,1900.0,17,3.071744918823242,1.3021914598079205,233.09227130561777,4,716,179.0,179,179,0.0,1.024521827697754,0,0,0,0,0,0,,0,0,4,0,716,0,benign
54207.0,5355.0,17,0.4117510318756103,4.85730415996674,349.7258995176053,2,144,72.0,72,72,0.0,0.412341833114624,0,0,0,0,0,0,,0,0,2,0,144,0,benign
56525.0,1900.0,17,3.030613660812378,1.3198647032191395,279.81131708245766,4,848,212.0,212,212,0.0,1.0097711086273191,0,0,0,0,0,0,,0,0,4,0,848,0,benign
38530.0,443.0,6,1e-06,1000000.0,66000000.0,1,66,66.0,66,66,0.0,0.0,0,0,0,0,0,1,501.0,0,1,1,0,66,0,benign
53272.0,3702.0,17,13.80514931678772,0.8692408698113412,606.7301271283161,12,8376,698.0,698,698,0.0,1.2554920369928533,0,0,0,0,0,0,,0,0,12,0,8376,0,benign
52767.0,5355.0,17,0.4124224185943603,4.84939690431113,349.1565771104013,2,144,72.0,72,72,0.0,0.4176735877990722,0,0,0,0,0,0,,0,0,2,0,144,0,benign
5353.0,5353.0,17,1e-06,1000000.0,87000000.0,1,87,87.0,87,87,0.0,0.0,0,0,0,0,0,0,,0,0,1,0,87,0,benign
49624.0,1900.0,17,3.0016798973083496,0.6662935650778183,119.26654814892947,2,358,179.0,179,179,0.0,3.001518964767456,0,0,0,0,0,0,,0,0,2,0,358,0,benign
57458.0,1900.0,17,1e-06,1000000.0,167000000.0,1,167,167.0,167,167,0.0,0.0,0,0,0,0,0,0,,0,0,1,0,167,0,benign
52209.0,3702.0,17,7.543744802474976,0.9279211032832684,647.6889300917212,7,4886,698.0,698,698,0.0,1.2575318415959675,0,0,0,0,0,0,,0,0,7,0,4886,0,benign
137.0,137.0,17,1.4966809749603271,2.0044351803693647,184.4080365939816,3,276,92.0,92,92,0.0,0.7499725818634033,0,0,0,0,0,0,,0,0,3,0,276,0,benign
5353.0,5353.0,17,0.7828223705291748,7.664574015614935,1684.9288544326832,6,1319,219.83333333333331,89,391,145.01367751583527,0.1545566082000732,0,0,0,0,0,0,,0,0,6,0,1319,0,benign
57621.0,57621.0,17,1e-06,1000000.0,86000000.0,1,86,86.0,86,86,0.0,0.0,0,0,0,0,0,0,,0,0,1,0,86,0,benign
53616.0,443.0,6,0.2786424160003662,93.30955557019657,9323.777898898872,26,2598,99.92307692307692,66,583,114.43388416965423,0.0112843990325927,1,0,1,0,3,25,64240.0,0,30,26,0,2598,0,benign
443.0,53616.0,6,0.2792432308197021,103.85211457005492,235729.9756444288,29,65826,2269.862068965517,66,2922,1160.3680673493811,0.0100668924195425,1,0,1,0,24,29,65535.0,0,55,29,0,65826,0,benign
64448.0,5355.0,17,0.4187848567962646,4.775721871368867,343.85197473855845,2,144,72.0,72,72,0.0,0.4171154499053955,0,0,0,0,0,0,,0,0,2,0,144,0,benign
137.0,137.0,17,2.28898024559021,5.242509201692922,576.6760121862214,12,1320,110.0,110,110,0.0,0.2082675803791392,0,0,0,0,0,0,,0,0,12,0,1320,0,benign
137.0,137.0,17,14.787155628204346,1.487777673620896,136.87554597312243,22,2024,92.0,92,92,0.0,0.7041449773879278,0,0,0,0,0,0,,0,0,22,0,2024,0,benign
5353.0,5353.0,17,14.78659701347351,1.149689816021201,95.6947699805882,17,1415,83.23529411764706,81,119,9.216353751380652,0.924252837896347,0,0,0,0,0,0,,0,0,17,0,1415,0,benign
52371.0,5355.0,17,0.4119646549224853,4.85478541933729,364.10890645029673,2,150,75.0,75,75,0.0,0.4142518043518066,0,0,0,0,0,0,,0,0,2,0,150,0,benign
5353.0,5353.0,17,0.7580480575561523,7.91506546345256,1642.3760836664062,6,1245,207.5,93,365,127.62092304947492,0.1512596130371093,0,0,0,0,0,0,,0,0,6,0,1245,0,benign
49752.0,5355.0,17,0.4165463447570801,4.8013865087841605,360.10398815881206,2,150,75.0,75,75,0.0,0.4187009334564209,0,0,0,0,0,0,,0,0,2,0,150,0,benign
5353.0,5353.0,17,1e-06,1000000.0,77000000.0,1,77,77.0,77,77,0.0,0.0,0,0,0,0,0,0,,0,0,1,0,77,0,benign
5353.0,5353.0,17,2.047309160232544,9.28047427768158,1130.2640778186935,19,2314,121.78947368421052,94,138,21.80616362246749,0.1137121783362494,0,0,0,0,0,0,,0,0,19,0,2314,0,benign
55209.0,5355.0,17,0.4153485298156738,4.815233126953823,423.7405151719364,2,176,88.0,88,88,0.0,0.4123094081878662,0,0,0,0,0,0,,0,0,2,0,176,0,benign
64418.0,5355.0,17,0.4165985584259033,4.8007847352062365,422.4690566981488,2,176,88.0,88,88,0.0,0.4182219505310058,0,0,0,0,0,0,,0,0,2,0,176,0,benign
61382.0,5355.0,17,0.4149656295776367,4.819676275443955,636.1972683586021,2,264,132.0,132,132,0.0,0.420818567276001,0,0,0,0,0,0,,0,0,2,0,264,0,benign
38544.0,443.0,6,1e-06,1000000.0,66000000.0,1,66,66.0,66,66,0.0,0.0,0,0,0,0,0,1,698.0,0,1,1,0,66,0,benign
51028.0,5355.0,17,0.422252893447876,4.736498034789395,625.2177405922,2,264,132.0,132,132,0.0,0.4214315414428711,0,0,0,0,0,0,,0,0,2,0,264,0,benign
64317.0,5355.0,17,0.4152040481567383,4.816908719649588,635.8319509937456,2,264,132.0,132,132,0.0,0.4170780181884765,0,0,0,0,0,0,,0,0,2,0,264,0,benign
59089.0,1900.0,17,15.049564838409424,0.3986826240109501,71.36418969796007,6,1074,179.0,179,179,0.0,3.010232782363892,0,0,0,0,0,0,,0,0,6,0,1074,0,benign
5353.0,5353.0,17,10.03130865097046,3.887827735838536,318.30343488544736,39,3193,81.87179487179488,70,148,16.388666634661842,0.2637929790898373,0,0,0,0,0,0,,0,0,39,0,3193,0,benign
5353.0,5353.0,17,10.030068635940552,4.187409032227577,341.4732365566536,42,3425,81.54761904761905,70,148,15.8778913340906,0.2444294313105141,0,0,0,0,0,0,,0,0,42,0,3425,0,benign
5353.0,5353.0,17,0.0007252693176269,2757.596318211703,352972.328731098,2,256,128.0,128,128,0.0,2.384185791015625e-07,0,0,0,0,0,0,,0,0,2,0,256,0,benign
62545.0,5355.0,17,1e-06,1000000.0,75000000.0,1,75,75.0,75,75,0.0,0.0,0,0,0,0,0,0,,0,0,1,0,75,0,benign
65306.0,5355.0,17,0.4187052249908447,4.776630146050199,358.2472609537649,2,150,75.0,75,75,0.0,0.4168808460235595,0,0,0,0,0,0,,0,0,2,0,150,0,benign
57621.0,57621.0,17,1e-06,1000000.0,86000000.0,1,86,86.0,86,86,0.0,0.0,0,0,0,0,0,0,,0,0,1,0,86,0,benign
57018.0,5355.0,17,0.4330630302429199,4.61826538016448,346.36990351233595,2,150,75.0,75,75,0.0,0.4203879833221435,0,0,0,0,0,0,,0,0,2,0,150,0,benign
137.0,137.0,17,14.802446603775024,1.7564663934250773,161.5949081951071,26,2392,92.0,92,92,0.0,0.5925227546691895,0,0,0,0,0,0,,0,0,26,0,2392,0,benign
49499.0,3702.0,17,6.879169464111328,1.0175646982559516,710.2601593826543,7,4886,698.0,698,698,0.0,1.1463154951731365,0,0,0,0,0,0,,0,0,7,0,4886,0,benign
43334.0,443.0,6,0.1766674518585205,113.2070440231202,12594.283647572123,20,2225,111.25,66,583,131.859923682991,0.009268421875803,1,0,1,0,3,19,64240.0,0,24,20,0,2225,0,benign
443.0,43334.0,6,0.1766080856323242,118.90735310793954,354564.740203146,21,62619,2981.8571428571427,66,4350,1840.13136177052,0.0088303327560424,1,0,1,0,17,21,65535.0,0,40,21,0,62619,0,benign
53353.0,5355.0,17,0.4104123115539551,4.873148157830224,365.4861118372668,2,150,75.0,75,75,0.0,0.4150512218475342,0,0,0,0,0,0,,0,0,2,0,150,0,benign
58400.0,5355.0,17,0.4105405807495117,4.8716255926482575,365.37191944861934,2,150,75.0,75,75,0.0,0.4110317230224609,0,0,0,0,0,0,,0,0,2,0,150,0,benign
45754.0,443.0,6,1e-06,1000000.0,66000000.0,1,66,66.0,66,66,0.0,0.0,0,0,0,0,0,1,501.0,0,1,1,0,66,0,benign
54317.0,5355.0,17,0.4121568202972412,4.852521907941814,363.939143095636,2,150,75.0,75,75,0.0,0.4166722297668457,0,0,0,0,0,0,,0,0,2,0,150,0,benign
49800.0,5355.0,17,0.4103507995605469,4.873878647590893,365.540898569317,2,150,75.0,75,75,0.0,0.4136524200439453,0,0,0,0,0,0,,0,0,2,0,150,0,benign
56122.0,5355.0,17,0.4102795124053955,4.874725496952936,365.6044122714702,2,150,75.0,75,75,0.0,0.4111506938934326,0,0,0,0,0,0,,0,0,2,0,150,0,benign
5353.0,5353.0,17,14.881960391998293,2.2846452419186027,185.0562645954068,34,2754,81.0,81,81,0.0,0.451033505526456,0,0,0,0,0,0,,0,0,34,0,2754,0,benign
5353.0,5353.0,17,15.004070520401,1.0663772859668206,207.94357076353,16,3120,195.0,83,310,114.17647159842814,1.000559377670288,0,0,0,0,0,0,,0,0,16,0,3120,0,benign
33928.0,443.0,6,0.1550486087799072,148.340576423028,15311.327322968196,23,2374,103.21739130434784,66,583,118.8734837478061,0.0069899017160589,1,0,1,0,3,22,64240.0,0,27,23,0,2374,0,benign
443.0,33928.0,6,0.1555197238922119,147.891209065809,452997.20342114096,23,70450,3063.043478260869,66,4350,1803.6980315265653,0.007009517062794,1,0,1,0,18,23,65535.0,0,43,23,0,70450,0,benign
59613.0,5355.0,17,0.4162845611572265,4.804405895909793,360.3304421932344,2,150,75.0,75,75,0.0,0.4164905548095703,0,0,0,0,0,0,,0,0,2,0,150,0,benign
5353.0,5353.0,17,1e-06,1000000.0,87000000.0,1,87,87.0,87,87,0.0,0.0,0,0,0,0,0,0,,0,0,1,0,87,0,benign
49877.0,5355.0,17,0.3947205543518066,5.066875737657785,380.01568032433386,2,150,75.0,75,75,0.0,0.4127812385559082,0,0,0,0,0,0,,0,0,2,0,150,0,benign
45760.0,443.0,6,1e-06,1000000.0,66000000.0,1,66,66.0,66,66,0.0,0.0,0,0,0,0,0,1,501.0,0,1,1,0,66,0,benign
57621.0,57621.0,17,1e-06,1000000.0,86000000.0,1,86,86.0,86,86,0.0,0.0,0,0,0,0,0,0,,0,0,1,0,86,0,benign
61242.0,5355.0,17,0.4222192764282226,4.73687515387517,355.26563654063773,2,150,75.0,75,75,0.0,0.4148337841033935,0,0,0,0,0,0,,0,0,2,0,150,0,benign
5353.0,5353.0,17,1e-06,1000000.0,87000000.0,1,87,87.0,87,87,0.0,0.0,0,0,0,0,0,0,,0,0,1,0,87,0,benign
60642.0,1900.0,17,1e-06,1000000.0,167000000.0,1,167,167.0,167,167,0.0,0.0,0,0,0,0,0,0,,0,0,1,0,167,0,benign
57621.0,57621.0,17,1e-06,1000000.0,86000000.0,1,86,86.0,86,86,0.0,0.0,0,0,0,0,0,0,,0,0,1,0,86,0,benign
51460.0,5355.0,17,0.4101612567901611,4.876130953107553,365.7098214830664,2,150,75.0,75,75,0.0,0.4112236499786377,0,0,0,0,0,0,,0,0,2,0,150,0,benign
5353.0,5353.0,17,0.0023069381713867,866.9499793303017,84094.14799503927,2,194,97.0,91,103,8.48528137423857,0.0006864070892333,0,0,0,0,0,0,,0,0,2,0,194,0,benign
5353.0,5353.0,17,1e-06,1000000.0,91000000.0,1,91,91.0,91,91,0.0,0.0,0,0,0,0,0,0,,0,0,1,0,91,0,benign
56359.0,1900.0,17,1e-06,1000000.0,167000000.0,1,167,167.0,167,167,0.0,0.0,0,0,0,0,0,0,,0,0,1,0,167,0,benign
5353.0,5353.0,17,1e-06,1000000.0,136000000.0,1,136,136.0,136,136,0.0,0.0,0,0,0,0,0,0,,0,0,1,0,136,0,benign
50187.0,5355.0,17,0.4137883186340332,4.83338922326819,362.5041917451142,2,150,75.0,75,75,0.0,0.4181256294250488,0,0,0,0,0,0,,0,0,2,0,150,0,benign
49680.0,1900.0,17,1e-06,1000000.0,167000000.0,1,167,167.0,167,167,0.0,0.0,0,0,0,0,0,0,,0,0,1,0,167,0,benign
53272.0,3702.0,17,2.017611026763916,0.9912713468898102,691.9074001290876,2,1396,698.0,698,698,0.0,2.0163350105285645,0,0,0,0,0,0,,0,0,2,0,1396,0,benign
49925.0,21027.0,17,1e-06,1000000.0,343000000.0,1,343,343.0,343,343,0.0,0.0,0,0,0,0,0,0,,0,0,1,0,343,0,benign
57621.0,57621.0,17,1e-06,1000000.0,86000000.0,1,86,86.0,86,86,0.0,0.0,0,0,0,0,0,0,,0,0,1,0,86,0,benign
33942.0,443.0,6,0.2593913078308105,107.94502034070918,10547.77055900644,28,2736,97.71428571428572,66,583,111.0034557829944,0.0096195362232349,1,0,1,0,3,27,64240.0,0,32,28,0,2736,0,benign
443.0,33942.0,6,0.2604758739471435,107.4955602440241,336764.3946087697,28,87719,3132.8214285714284,66,4350,1796.1870119077332,0.0096343888176812,1,0,1,0,22,28,65535.0,0,52,28,0,87719,0,benign
54813.0,5355.0,17,0.4247143268585205,4.709047643373316,353.17857325299866,2,150,75.0,75,75,0.0,0.4186749458312988,0,0,0,0,0,0,,0,0,2,0,150,0,benign
51838.0,3702.0,17,6.853406667709351,1.02138984878591,712.9301144525651,7,4886,698.0,698,698,0.0,1.14292311668396,0,0,0,0,0,0,,0,0,7,0,4886,0,benign
53616.0,443.0,6,1e-06,1000000.0,66000000.0,1,66,66.0,66,66,0.0,0.0,0,0,0,0,0,1,501.0,0,1,1,0,66,0,benign
49159.0,5355.0,17,0.4228479862213135,4.7298321504911325,354.73741128683497,2,150,75.0,75,75,0.0,0.4196248054504394,0,0,0,0,0,0,,0,0,2,0,150,0,benign
5353.0,5353.0,17,0.7815032005310059,7.677511743935528,1846.4415744164944,6,1443,240.5,93,431,163.28594550664795,0.1567136764526367,0,0,0,0,0,0,,0,0,6,0,1443,0,benign
137.0,137.0,17,14.928724527359009,0.6698495897404751,61.626162256123706,10,920,92.0,92,92,0.0,1.6588340335422092,0,0,0,0,0,0,,0,0,10,0,920,0,benign
5353.0,5353.0,17,15.223528861999512,0.8539412982262073,69.1692451563228,13,1053,81.0,81,81,0.0,1.26848167181015,0,0,0,0,0,0,,0,0,13,0,1053,0,benign
5353.0,5353.0,17,1e-06,1000000.0,87000000.0,1,87,87.0,87,87,0.0,0.0,0,0,0,0,0,0,,0,0,1,0,87,0,benign
57440.0,443.0,6,0.2482731342315673,72.50079657515896,8361.758538335,18,2076,115.33333333333331,66,583,136.5632798806645,0.0146354226505055,1,0,1,0,3,17,64240.0,0,22,18,0,2076,0,benign
443.0,57440.0,6,0.2484407424926757,88.55230337531525,262030.2907922567,22,65099,2959.0454545454545,66,4780,1920.955329722136,0.0118447712489536,1,0,1,0,17,22,65535.0,0,41,22,0,65099,0,benign
17500.0,17500.0,17,0.0058495998382568,683.807458732423,120350.11273690646,4,704,176.0,176,176,0.0,0.0021092891693115,0,0,0,0,0,0,,0,0,4,0,704,0,benign
17500.0,17500.0,17,1e-06,1000000.0,176000000.0,1,176,176.0,176,176,0.0,0.0,0,0,0,0,0,0,,0,0,1,0,176,0,benign
59719.0,5355.0,17,0.4297964572906494,4.653365485159181,349.00241138693855,2,150,75.0,75,75,0.0,0.4235851764678955,0,0,0,0,0,0,,0,0,2,0,150,0,benign
49167.0,1900.0,17,1e-06,1000000.0,167000000.0,1,167,167.0,167,167,0.0,0.0,0,0,0,0,0,0,,0,0,1,0,167,0,benign
57621.0,57621.0,17,1e-06,1000000.0,86000000.0,1,86,86.0,86,86,0.0,0.0,0,0,0,0,0,0,,0,0,1,0,86,0,benign
53655.0,1900.0,17,3.0123298168182373,1.3278758446925265,281.5096790748156,4,848,212.0,212,212,0.0,1.0056413014729817,0,0,0,0,0,0,,0,0,4,0,848,0,benign
137.0,137.0,17,14.051820278167725,1.138642516290872,104.75511149876024,16,1472,92.0,92,92,0.0,0.936501661936442,0,0,0,0,0,0,,0,0,16,0,1472,0,benign
5353.0,5353.0,17,1e-06,1000000.0,87000000.0,1,87,87.0,87,87,0.0,0.0,0,0,0,0,0,0,,0,0,1,0,87,0,benign
51176.0,1900.0,17,1e-06,1000000.0,167000000.0,1,167,167.0,167,167,0.0,0.0,0,0,0,0,0,0,,0,0,1,0,167,0,benign
43334.0,443.0,6,1e-06,1000000.0,66000000.0,1,66,66.0,66,66,0.0,0.0,0,0,0,0,0,1,501.0,0,1,1,0,66,0,benign
52886.0,5355.0,17,0.4148757457733154,4.820720469624134,361.55403522181007,2,150,75.0,75,75,0.0,0.4106874465942383,0,0,0,0,0,0,,0,0,2,0,150,0,benign
5353.0,5353.0,17,0.785400390625,7.639415604600559,1366.1821572894,6,1073,178.83333333333334,93,312,97.6348639916432,0.1560331344604492,0,0,0,0,0,0,,0,0,6,0,1073,0,benign
62559.0,5355.0,17,0.4293057918548584,4.658683944977311,335.4252440383664,2,144,72.0,72,72,0.0,0.4252986907958984,0,0,0,0,0,0,,0,0,2,0,144,0,benign
138.0,138.0,17,1e-06,1000000.0,243000000.0,1,243,243.0,243,243,0.0,0.0,0,0,0,0,0,0,,0,0,1,0,243,0,benign
62641.0,5355.0,17,0.4049615859985351,4.9387400414004565,355.5892829808329,2,144,72.0,72,72,0.0,0.4068946838378906,0,0,0,0,0,0,,0,0,2,0,144,0,benign
63088.0,1900.0,17,3.061173677444458,1.3066883559966114,233.89721572339343,4,716,179.0,179,179,0.0,1.0215749740600586,0,0,0,0,0,0,,0,0,4,0,716,0,benign
5353.0,5353.0,17,10.721933126449583,0.6528673437378498,54.9341236373705,7,589,84.14285714285714,75,139,24.189726272590544,1.7871177991231282,0,0,0,0,0,0,,0,0,7,0,589,0,benign
62954.0,1900.0,17,3.0071065425872803,1.3301823341977252,281.9986548499178,4,848,212.0,212,212,0.0,1.003171443939209,0,0,0,0,0,0,,0,0,4,0,848,0,benign
137.0,137.0,17,3.7560784816741934,1.3311755929475024,122.46815455117022,5,460,92.0,92,92,0.0,0.9399378895759584,0,0,0,0,0,0,,0,0,5,0,460,0,benign
64232.0,5355.0,17,0.4183328151702881,4.780882415800617,329.88088669024256,2,138,69.0,69,69,0.0,0.4072136878967285,0,0,0,0,0,0,,0,0,2,0,138,0,benign
53958.0,5355.0,17,0.4219577312469482,4.739811246234784,327.0469759902001,2,138,69.0,69,69,0.0,0.4155504703521728,0,0,0,0,0,0,,0,0,2,0,138,0,benign
17500.0,17500.0,17,1e-06,1000000.0,176000000.0,1,176,176.0,176,176,0.0,0.0,0,0,0,0,0,0,,0,0,1,0,176,0,benign
62613.0,5355.0,17,0.418865442276001,4.774803070724917,343.78582109219406,2,144,72.0,72,72,0.0,0.4139859676361084,0,0,0,0,0,0,,0,0,2,0,144,0,benign
5353.0,5353.0,17,10.03888201713562,5.279472346575343,416.2814138931765,53,4179,78.84905660377359,72,81,3.1949252213176007,0.1927358645659226,0,0,0,0,0,0,,0,0,53,0,4179,0,benign
5353.0,5353.0,17,10.0352520942688,5.381030739710043,423.905643828269,54,4254,78.77777777777777,72,81,3.357147636249012,0.1891107964065839,0,0,0,0,0,0,,0,0,54,0,4254,0,benign
5353.0,5353.0,17,10.01355266571045,0.199729313538104,17.17672096427695,2,172,86.0,86,86,0.0,10.018431663513184,0,0,0,0,0,0,,0,0,2,0,172,0,benign
5353.0,5353.0,17,1e-06,1000000.0,139000000.0,1,139,139.0,139,139,0.0,0.0,0,0,0,0,0,0,,0,0,1,0,139,0,benign
5353.0,5353.0,17,1e-06,1000000.0,139000000.0,1,139,139.0,139,139,0.0,0.0,0,0,0,0,0,0,,0,0,1,0,139,0,benign
5353.0,5353.0,17,1e-06,1000000.0,139000000.0,1,139,139.0,139,139,0.0,0.0,0,0,0,0,0,0,,0,0,1,0,139,0,benign
62368.0,3702.0,17,7.025105714797974,0.9964262865475334,695.5055480101782,7,4886,698.0,698,698,0.0,1.1700098514556885,0,0,0,0,0,0,,0,0,7,0,4886,0,benign
36130.0,443.0,6,0.2407493591308593,66.45915925908321,7929.408439099365,16,1909,119.3125,66,583,140.39692244965107,0.0160453478495279,1,0,1,0,3,15,64240.0,0,20,16,0,1909,0,benign
443.0,36130.0,6,0.2410676479339599,66.37141124960563,158034.4783985141,16,38097,2381.0625,66,4350,1989.1112745394607,0.0160634199778238,1,0,1,0,11,16,65535.0,0,29,16,0,38097,0,benign
58036.0,5355.0,17,0.4104349613189697,4.872879234197837,365.46594256483775,2,150,75.0,75,75,0.0,0.4125962257385254,0,0,0,0,0,0,,0,0,2,0,150,0,benign
5353.0,5353.0,17,15.008924961090088,1.06603238016575,207.8763141323212,16,3120,195.0,83,310,114.17647159842814,1.000206677118937,0,0,0,0,0,0,,0,0,16,0,3120,0,benign
5353.0,5353.0,17,7.849915981292725,1.783458578838761,328.0289886078436,14,2575,183.92857142857144,92,563,182.7181369826695,0.6033660448514498,0,0,0,0,0,0,,0,0,14,0,2575,0,benign
50149.0,5355.0,17,0.4177026748657226,4.788094786902987,411.7761516736569,2,172,86.0,86,86,0.0,0.4217598438262939,0,0,0,0,0,0,,0,0,2,0,172,0,benign
63236.0,5355.0,17,0.4277586936950683,4.675533260875624,402.0958604353036,2,172,86.0,86,86,0.0,0.4237205982208252,0,0,0,0,0,0,,0,0,2,0,172,0,benign
56414.0,5355.0,17,0.4003584384918213,4.995523530199943,359.6776941743959,2,144,72.0,72,72,0.0,0.4041457176208496,0,0,0,0,0,0,,0,0,2,0,144,0,benign
5353.0,5353.0,17,0.7651176452636719,7.841931286177962,1799.7232301778422,6,1377,229.5,93,409,151.37205818776462,0.1538289546966552,0,0,0,0,0,0,,0,0,6,0,1377,0,benign
137.0,137.0,17,2.30132794380188,5.2143806936857295,573.5818763054302,12,1320,110.0,110,110,0.0,0.2090607989918101,0,0,0,0,0,0,,0,0,12,0,1320,0,benign
5353.0,5353.0,17,14.067504167556764,1.6349737470164638,132.8593883988596,23,1869,81.26086956521739,81,87,1.2510864843424483,0.6392929662357677,0,0,0,0,0,0,,0,0,23,0,1869,0,benign
53912.0,5355.0,17,0.4035496711730957,4.9560194019886445,341.9653387372165,2,138,69.0,69,69,0.0,0.4098460674285888,0,0,0,0,0,0,,0,0,2,0,138,0,benign
64951.0,5355.0,17,0.4021732807159424,4.972980791860743,343.13567463839127,2,138,69.0,69,69,0.0,0.4098458290100097,0,0,0,0,0,0,,0,0,2,0,138,0,benign
33928.0,443.0,6,1e-06,1000000.0,66000000.0,1,66,66.0,66,66,0.0,0.0,0,0,0,0,0,1,837.0,0,1,1,0,66,0,benign
5353.0,5353.0,17,7.50893235206604,0.932223074039812,202.95828069095336,7,1524,217.7142857142857,84,417,153.8665160517543,1.251084287961324,0,0,0,0,0,0,,0,0,7,0,1524,0,benign
5353.0,5353.0,17,0.7698476314544678,7.793750029033982,2303.0531335795413,6,1773,295.5,93,541,223.07465118206505,0.153858995437622,0,0,0,0,0,0,,0,0,6,0,1773,0,benign
53304.0,1900.0,17,3.029379367828369,1.3204024700503016,279.9253236506639,4,848,212.0,212,212,0.0,1.0074671904246013,0,0,0,0,0,0,,0,0,4,0,848,0,benign
54396.0,5355.0,17,0.4177224636077881,4.787867960766072,359.0900970574554,2,150,75.0,75,75,0.0,0.4174163341522217,0,0,0,0,0,0,,0,0,2,0,150,0,benign
34810.0,443.0,6,0.1254615783691406,71.73510900301012,12051.4983125057,9,1512,168.0,66,583,189.09455306803525,0.0158060789108276,1,0,1,0,3,8,64240.0,0,13,9,0,1512,0,benign
443.0,34810.0,6,0.1261148452758789,71.36352568416754,76319.3260789014,9,9625,1069.4444444444443,66,4350,1578.0696365426263,0.0157988965511322,1,0,1,0,5,9,65535.0,0,16,9,0,9625,0,benign
57621.0,57621.0,17,1e-06,1000000.0,86000000.0,1,86,86.0,86,86,0.0,0.0,0,0,0,0,0,0,,0,0,1,0,86,0,benign
5353.0,5353.0,17,0.7900927066802979,7.594045545882798,1985.842910248352,6,1569,261.5,93,473,186.07928417747095,0.1574100971221924,0,0,0,0,0,0,,0,0,6,0,1569,0,benign
5353.0,5353.0,17,6.737440586090088,0.5936972577180535,129.7228508113947,4,874,218.5,133,411,131.8319637518408,2.247586488723755,0,0,0,0,0,0,,0,0,4,0,874,0,benign
5353.0,5353.0,17,0.8024518489837646,7.477084148536111,1119.0702608975714,6,898,149.66666666666666,82,253,76.65681096071415,0.158707857131958,0,0,0,0,0,0,,0,0,6,0,898,0,benign
58796.0,1900.0,17,1e-06,1000000.0,167000000.0,1,167,167.0,167,167,0.0,0.0,0,0,0,0,0,0,,0,0,1,0,167,0,benign
56761.0,5355.0,17,0.4274654388427734,4.678740825022868,350.90556187671507,2,150,75.0,75,75,0.0,0.4233763217926025,0,0,0,0,0,0,,0,0,2,0,150,0,benign
52709.0,5355.0,17,0.4271514415740967,4.682180148168986,351.163511112674,2,150,75.0,75,75,0.0,0.4230613708496094,0,0,0,0,0,0,,0,0,2,0,150,0,benign
63860.0,5355.0,17,0.4224364757537842,4.734439649017652,355.08297367632395,2,150,75.0,75,75,0.0,0.4190449714660644,0,0,0,0,0,0,,0,0,2,0,150,0,benign
5353.0,5353.0,17,1e-06,1000000.0,87000000.0,1,87,87.0,87,87,0.0,0.0,0,0,0,0,0,0,,0,0,1,0,87,0,benign
61180.0,5355.0,17,0.4127223491668701,4.845872785995819,363.4404589496864,2,150,75.0,75,75,0.0,0.4147562980651855,0,0,0,0,0,0,,0,0,2,0,150,0,benign
59811.0,5355.0,17,0.4131419658660888,4.840950969014504,363.0713226760878,2,150,75.0,75,75,0.0,0.4147562980651855,0,0,0,0,0,0,,0,0,2,0,150,0,benign
33942.0,443.0,6,1e-06,1000000.0,66000000.0,1,66,66.0,66,66,0.0,0.0,0,0,0,0,0,1,501.0,0,1,1,0,66,0,benign
51734.0,5355.0,17,0.4087753295898437,4.892663170271935,366.94973777039513,2,150,75.0,75,75,0.0,0.4071769714355469,0,0,0,0,0,0,,0,0,2,0,150,0,benign
54960.0,5355.0,17,0.4076673984527588,4.905960122371089,367.94700917783166,2,150,75.0,75,75,0.0,0.4077382087707519,0,0,0,0,0,0,,0,0,2,0,150,0,benign
61061.0,5355.0,17,0.4074635505676269,4.908414500423048,368.1310875317286,2,150,75.0,75,75,0.0,0.4077382087707519,0,0,0,0,0,0,,0,0,2,0,150,0,benign
52466.0,443.0,6,0.1257789134979248,143.10824842907374,16775.466899185867,18,2110,117.22222222222224,66,583,138.69456732884657,0.0064748034757726,1,0,1,0,3,17,64240.0,0,22,18,0,2110,0,benign
443.0,52466.0,6,0.1160612106323242,267.100436322402,622033.8354793384,31,72194,2328.8387096774195,66,4410,1637.9170328351838,0.0037237723668416,1,0,1,0,25,31,65160.0,0,58,31,0,72194,0,benign
52466.0,443.0,6,0.0004429817199707,4514.858988159311,243802.3853606028,2,108,54.0,54,54,0.0,7.343292236328125e-05,0,2,0,0,0,0,0.0,0,2,2,0,108,0,benign
137.0,137.0,17,12.70695662498474,2.203517398095598,202.72360062479504,28,2576,92.0,92,92,0.0,0.4708324096820973,0,0,0,0,0,0,,0,0,28,0,2576,0,benign
53799.0,1900.0,17,1e-06,1000000.0,167000000.0,1,167,167.0,167,167,0.0,0.0,0,0,0,0,0,0,,0,0,1,0,167,0,benign
5353.0,5353.0,17,11.74746584892273,1.9578690668940448,158.5873944184176,23,1863,81.0,81,81,0.0,0.5339080528779463,0,0,0,0,0,0,,0,0,23,0,1863,0,benign
65483.0,5355.0,17,0.3994612693786621,5.006743214707346,375.505741103051,2,150,75.0,75,75,0.0,0.4196362495422363,0,0,0,0,0,0,,0,0,2,0,150,0,benign
5353.0,5353.0,17,1e-06,1000000.0,83000000.0,1,83,83.0,83,83,0.0,0.0,0,0,0,0,0,0,,0,0,1,0,83,0,benign
5353.0,5353.0,17,1e-06,1000000.0,139000000.0,1,139,139.0,139,139,0.0,0.0,0,0,0,0,0,0,,0,0,1,0,139,0,benign
5353.0,5353.0,17,1e-06,1000000.0,139000000.0,1,139,139.0,139,139,0.0,0.0,0,0,0,0,0,0,,0,0,1,0,139,0,benign
5353.0,5353.0,17,1e-06,1000000.0,132000000.0,1,132,132.0,132,132,0.0,0.0,0,0,0,0,0,0,,0,0,1,0,132,0,benign
5353.0,5353.0,17,1e-06,1000000.0,132000000.0,1,132,132.0,132,132,0.0,0.0,0,0,0,0,0,0,,0,0,1,0,132,0,benign
50020.0,5355.0,17,0.4210526943206787,4.749999292194949,356.24994691462115,2,150,75.0,75,75,0.0,0.4181945323944092,0,0,0,0,0,0,,0,0,2,0,150,0,benign
57724.0,5355.0,17,0.4169113636016845,4.797182745804914,359.7887059353685,2,150,75.0,75,75,0.0,0.4174258708953857,0,0,0,0,0,0,,0,0,2,0,150,0,benign
63568.0,5355.0,17,0.415158748626709,4.817434310648009,361.3075732986007,2,150,75.0,75,75,0.0,0.4174251556396484,0,0,0,0,0,0,,0,0,2,0,150,0,benign
57440.0,443.0,6,1e-06,1000000.0,66000000.0,1,66,66.0,66,66,0.0,0.0,0,0,0,0,0,1,501.0,0,1,1,0,66,0,benign
60742.0,5355.0,17,0.414109468460083,4.829640837330395,362.2230627997796,2,150,75.0,75,75,0.0,0.4104440212249756,0,0,0,0,0,0,,0,0,2,0,150,0,benign
40414.0,443.0,6,0.1077456474304199,83.53005633765417,13782.45929571294,9,1485,165.0,66,583,182.8045404250124,0.0137054622173309,1,0,1,0,3,8,64240.0,0,13,9,0,1485,0,benign
443.0,40414.0,6,0.1223132610321044,65.40582707463076,48800.92272605888,8,5969,746.125,66,2462,988.6460348086454,0.0169599737439836,1,0,1,0,4,8,65535.0,0,14,8,0,5969,0,benign
137.0,137.0,17,14.838752269744871,1.1456488854970477,105.39969746572838,17,1564,92.0,92,92,0.0,0.9276580810546876,0,0,0,0,0,0,,0,0,17,0,1564,0,benign
56435.0,5355.0,17,0.4112157821655273,4.863626559923561,364.7719919942671,2,150,75.0,75,75,0.0,0.416619062423706,0,0,0,0,0,0,,0,0,2,0,150,0,benign
54571.0,5355.0,17,0.4066975116729736,4.917659790375615,368.8244842781712,2,150,75.0,75,75,0.0,0.4128005504608154,0,0,0,0,0,0,,0,0,2,0,150,0,benign
52486.0,5355.0,17,0.4078090190887451,4.9042564200002925,367.81923150002194,2,150,75.0,75,75,0.0,0.4121212959289551,0,0,0,0,0,0,,0,0,2,0,150,0,benign
137.0,137.0,17,1.5026352405548096,1.9964925079837248,183.67731073450275,3,276,92.0,92,92,0.0,0.753731369972229,0,0,0,0,0,0,,0,0,3,0,276,0,benign
57851.0,1900.0,17,3.024866819381714,1.3223722692087332,280.34292107225144,4,848,212.0,212,212,0.0,1.0081713994344077,0,0,0,0,0,0,,0,0,4,0,848,0,benign
51474.0,5355.0,17,0.4211759567260742,4.74860914556138,356.1456859171035,2,150,75.0,75,75,0.0,0.419478178024292,0,0,0,0,0,0,,0,0,2,0,150,0,benign
54007.0,5355.0,17,0.4093010425567627,4.886378953512282,366.4784215134212,2,150,75.0,75,75,0.0,0.417809247970581,0,0,0,0,0,0,,0,0,2,0,150,0,benign
53383.0,5355.0,17,0.406782865524292,4.916627934714633,368.7470951035975,2,150,75.0,75,75,0.0,0.4156169891357422,0,0,0,0,0,0,,0,0,2,0,150,0,benign
54150.0,5355.0,17,0.3859879970550537,5.181508272949583,388.61312047121874,2,150,75.0,75,75,0.0,0.4112441539764404,0,0,0,0,0,0,,0,0,2,0,150,0,benign
53278.0,443.0,6,0.1737160682678222,115.13039754713718,12629.804610920948,20,2194,109.7,66,583,127.30407030330755,0.0091360619193629,1,0,1,0,3,19,64240.0,0,24,20,0,2194,0,benign
45432.0,80.0,6,0.2433004379272461,20.550723387909173,2379.773768319882,5,579,115.8,66,307,106.94017018875554,0.0600373148918151,1,0,1,0,1,4,64240.0,0,7,5,0,579,0,benign
80.0,45432.0,6,0.242626667022705,16.486233970422052,2522.3937974745736,4,612,153.0,66,406,168.7088221364451,0.0800836086273193,1,0,1,0,1,4,65160.0,0,7,4,0,612,0,benign
49449.0,53.0,17,1e-06,1000000.0,90000000.0,1,90,90.0,90,90,0.0,0.0,0,0,0,0,0,0,,0,0,1,0,90,0,benign
37888.0,53.0,17,1e-06,1000000.0,90000000.0,1,90,90.0,90,90,0.0,0.0,0,0,0,0,0,0,,0,0,1,0,90,0,benign
53.0,49449.0,17,1e-06,1000000.0,196000000.0,1,196,196.0,196,196,0.0,0.0,0,0,0,0,0,0,,0,0,1,0,196,0,benign
53.0,37888.0,17,1e-06,1000000.0,356000000.0,1,356,356.0,356,356,0.0,0.0,0,0,0,0,0,0,,0,0,1,0,356,0,benign
443.0,53278.0,6,0.1757228374481201,119.50637893722822,199632.56062466503,21,35080,1670.4761904761904,66,2962,1337.3204036074385,0.0087038516998291,1,0,1,0,17,21,65160.0,0,40,21,0,35080,0,benign
53278.0,443.0,6,0.0002050399780273,9754.19534883721,526726.5488372094,2,108,54.0,54,54,0.0,0.0002672672271728,0,2,0,0,0,0,0.0,0,2,2,0,108,0,benign
443.0,53278.0,6,0.2103338241577148,9.508694134236526,741.678142470449,2,156,78.0,66,90,16.97056274847714,0.2108147144317627,0,0,2,0,1,2,504.0,0,5,2,0,156,0,benign
53278.0,443.0,6,0.2119700908660888,9.435293403084357,509.5058437665553,2,108,54.0,54,54,0.0,0.2108101844787597,0,2,0,0,0,0,0.0,0,2,2,0,108,0,benign
36130.0,443.0,6,1e-06,1000000.0,66000000.0,1,66,66.0,66,66,0.0,0.0,0,0,0,0,0,1,501.0,0,1,1,0,66,0,benign
5353.0,5353.0,17,15.002455234527588,1.066492100784717,207.9659596530198,16,3120,195.0,83,310,114.17647159842814,1.0013257185618083,0,0,0,0,0,0,,0,0,16,0,3120,0,benign
53280.0,443.0,6,0.9712915420532228,25.73892484140473,2982.62661062198,25,2897,115.88,66,583,131.91484627086774,0.0401705205440521,1,0,1,0,4,24,64240.0,0,30,25,0,2897,0,benign
443.0,53280.0,6,0.970757007598877,25.753097638549484,41806.54858251569,25,40584,1623.36,66,2962,1303.81970507173,0.0401996076107025,1,0,1,0,19,25,65160.0,0,46,25,0,40584,0,benign
53280.0,443.0,6,0.0023839473724365,838.944694469447,45303.013501350135,2,108,54.0,54,54,0.0,0.0001020431518554,0,2,0,0,0,0,0.0,0,2,2,0,108,0,benign
137.0,137.0,17,1.5044207572937012,1.9941229775350169,183.45931393322152,3,276,92.0,92,92,0.0,0.7512767314910889,0,0,0,0,0,0,,0,0,3,0,276,0,benign
61356.0,3702.0,17,7.35643458366394,0.951547916370322,664.1804456264848,7,4886,698.0,698,698,0.0,1.2260969479878745,0,0,0,0,0,0,,0,0,7,0,4886,0,benign
58540.0,1900.0,17,3.023988723754883,1.3227562551996574,280.42432610232737,4,848,212.0,212,212,0.0,1.0080409049987793,0,0,0,0,0,0,,0,0,4,0,848,0,benign
5353.0,5353.0,17,15.09420084953308,1.4575133999678125,118.0585853973928,22,1782,81.0,81,81,0.0,0.7188852855137416,0,0,0,0,0,0,,0,0,22,0,1782,0,benign
58224.0,5355.0,17,0.4096145629882812,4.882638901823465,366.1979176367599,2,150,75.0,75,75,0.0,0.4146790504455566,0,0,0,0,0,0,,0,0,2,0,150,0,benign
59673.0,5355.0,17,0.412137508392334,4.85274928700763,363.9561965255723,2,150,75.0,75,75,0.0,0.4156417846679687,0,0,0,0,0,0,,0,0,2,0,150,0,benign
5353.0,5353.0,17,1.010260820388794,1.9796867894276151,168.27337710134728,2,170,85.0,85,85,0.0,1.0104563236236572,0,0,0,0,0,0,,0,0,2,0,170,0,benign
57621.0,57621.0,17,1e-06,1000000.0,86000000.0,1,86,86.0,86,86,0.0,0.0,0,0,0,0,0,0,,0,0,1,0,86,0,benign
34810.0,443.0,6,1e-06,1000000.0,66000000.0,1,66,66.0,66,66,0.0,0.0,0,0,0,0,0,1,501.0,0,1,1,0,66,0,benign
5353.0,5353.0,17,1e-06,1000000.0,87000000.0,1,87,87.0,87,87,0.0,0.0,0,0,0,0,0,0,,0,0,1,0,87,0,benign
5353.0,5353.0,17,6.668815612792969,1.0496616500494798,209.6324266813104,7,1398,199.7142857142857,87,387,136.6854226386441,1.1119372447331746,0,0,0,0,0,0,,0,0,7,0,1398,0,benign
5353.0,5353.0,17,11.654537916183472,0.257410462909405,22.05149632257236,3,257,85.66666666666667,85,87,1.1547005383792517,5.828934192657471,0,0,0,0,0,0,,0,0,3,0,257,0,benign
46718.0,443.0,6,0.4607455730438232,212.69873382088656,17860.18245522526,98,8229,83.96938775510205,66,583,66.66958905510016,0.0046914459503803,1,0,1,0,3,97,64240.0,0,102,98,0,8229,0,benign
443.0,46718.0,6,0.4674844741821289,312.3098371457773,2624559.889708747,146,1226941,8403.705479452055,66,46402,9064.770811464765,0.0031550900689486,1,0,1,0,100,146,65160.0,0,248,146,0,1226941,0,benign
46718.0,443.0,6,0.0002191066741943,9127.973884657236,492910.5897714908,2,108,54.0,54,54,0.0,0.0002214908599853,0,2,0,0,0,0,0.0,0,2,2,0,108,0,benign
60982.0,5355.0,17,0.4145276546478271,4.824768571108127,361.8576428331095,2,150,75.0,75,75,0.0,0.4187824726104736,0,0,0,0,0,0,,0,0,2,0,150,0,benign
5353.0,5353.0,17,10.044354915618896,3.384985923499204,267.81212159449586,34,2690,79.11764705882354,70,93,5.558311853390069,0.3037477984572901,0,0,0,0,0,0,,0,0,34,0,2690,0,benign
5353.0,5353.0,17,10.032397747039797,3.189666200130678,252.08330687907767,32,2529,79.03125,70,93,5.544450145808405,0.3231187097487911,0,0,0,0,0,0,,0,0,32,0,2529,0,benign
5353.0,5353.0,17,10.024983882904053,0.1995015676195418,17.1571348152806,2,172,86.0,86,86,0.0,10.013509035110474,0,0,0,0,0,0,,0,0,2,0,172,0,benign
5353.0,5353.0,17,1e-06,1000000.0,132000000.0,1,132,132.0,132,132,0.0,0.0,0,0,0,0,0,0,,0,0,1,0,132,0,benign
64922.0,5355.0,17,0.4166114330291748,4.800636375862355,360.04772818967666,2,150,75.0,75,75,0.0,0.4191639423370361,0,0,0,0,0,0,,0,0,2,0,150,0,benign
50528.0,1900.0,17,1e-06,1000000.0,167000000.0,1,167,167.0,167,167,0.0,0.0,0,0,0,0,0,0,,0,0,1,0,167,0,benign
51670.0,1900.0,17,3.0263447761535645,1.3217264706646992,280.20601178091624,4,848,212.0,212,212,0.0,1.007801532745361,0,0,0,0,0,0,,0,0,4,0,848,0,benign
5353.0,5353.0,17,0.7763419151306152,7.728553467308966,1688.6889326070093,6,1311,218.5,93,387,139.48153999723405,0.1542792320251464,0,0,0,0,0,0,,0,0,6,0,1311,0,benign
49925.0,21027.0,17,1e-06,1000000.0,343000000.0,1,343,343.0,343,343,0.0,0.0,0,0,0,0,0,0,,0,0,1,0,343,0,benign
5353.0,5353.0,17,7.00580096244812,0.570955415582094,113.62012770083668,4,796,199.0,199,199,0.0,2.3351430892944336,0,0,0,0,0,0,,0,0,4,0,796,0,benign
5353.0,5353.0,17,1e-06,1000000.0,87000000.0,1,87,87.0,87,87,0.0,0.0,0,0,0,0,0,0,,0,0,1,0,87,0,benign
39501.0,53.0,17,1e-06,1000000.0,90000000.0,1,90,90.0,90,90,0.0,0.0,0,0,0,0,0,0,,0,0,1,0,90,0,benign
39652.0,53.0,17,1e-06,1000000.0,90000000.0,1,90,90.0,90,90,0.0,0.0,0,0,0,0,0,0,,0,0,1,0,90,0,benign
53.0,39501.0,17,1e-06,1000000.0,190000000.0,1,190,190.0,190,190,0.0,0.0,0,0,0,0,0,0,,0,0,1,0,190,0,benign
53.0,39652.0,17,1e-06,1000000.0,230000000.0,1,230,230.0,230,230,0.0,0.0,0,0,0,0,0,0,,0,0,1,0,230,0,benign
59609.0,5355.0,17,0.4210755825042724,4.749741098985969,356.2305824239476,2,150,75.0,75,75,0.0,0.4210097789764404,0,0,0,0,0,0,,0,0,2,0,150,0,benign
57621.0,57621.0,17,1e-06,1000000.0,86000000.0,1,86,86.0,86,86,0.0,0.0,0,0,0,0,0,0,,0,0,1,0,86,0,benign
53442.0,443.0,6,0.5760669708251953,133.66501448555584,11632.328078801424,77,6701,87.02597402597402,66,583,82.30638749049893,0.0075267835667258,1,0,1,0,4,76,64240.0,0,82,77,0,6701,0,benign
443.0,53442.0,6,0.5865633487701416,206.286329095916,1571813.1757347398,121,921968,7619.570247933884,66,59434,9296.335851494076,0.0049311399459838,1,0,1,0,85,121,65160.0,0,208,121,0,921968,0,benign
53442.0,443.0,6,0.0002145767211914,9320.675555555556,503316.48,2,108,54.0,54,54,0.0,0.0004646778106689,0,2,0,0,0,0,0.0,0,2,2,0,108,0,benign
49652.0,5355.0,17,0.4154770374298095,4.813743768782598,361.0307826586948,2,150,75.0,75,75,0.0,0.4155399799346924,0,0,0,0,0,0,,0,0,2,0,150,0,benign
62653.0,1900.0,17,1e-06,1000000.0,167000000.0,1,167,167.0,167,167,0.0,0.0,0,0,0,0,0,0,,0,0,1,0,167,0,benign
137.0,137.0,17,14.461941003799438,0.760617125813892,69.97677557487806,11,1012,92.0,92,92,0.0,1.446934986114502,0,0,0,0,0,0,,0,0,11,0,1012,0,benign
5353.0,5353.0,17,13.947614669799805,0.6452716262292024,52.2670017245654,9,729,81.0,81,81,0.0,1.7445302307605743,0,0,0,0,0,0,,0,0,9,0,729,0,benign
57513.0,5355.0,17,0.4147336483001709,4.822372161499817,361.67791211248624,2,150,75.0,75,75,0.0,0.4156391620635986,0,0,0,0,0,0,,0,0,2,0,150,0,benign
17500.0,17500.0,17,0.0047831535339355,836.268368059017,147183.232778387,4,704,176.0,176,176,0.0,0.0010349750518798,0,0,0,0,0,0,,0,0,4,0,704,0,benign
17500.0,17500.0,17,1e-06,1000000.0,176000000.0,1,176,176.0,176,176,0.0,0.0,0,0,0,0,0,0,,0,0,1,0,176,0,benign
65024.0,5355.0,17,0.4161860942840576,4.805542586521281,360.4156939890961,2,150,75.0,75,75,0.0,0.4159083366394043,0,0,0,0,0,0,,0,0,2,0,150,0,benign
63850.0,5355.0,17,0.4208226203918457,4.752596231965182,304.16615884577163,2,128,64.0,64,64,0.0,0.4211335182189941,0,0,0,0,0,0,,0,0,2,0,128,0,benign
34751.0,53.0,17,1e-06,1000000.0,89000000.0,1,89,89.0,89,89,0.0,0.0,0,0,0,0,0,0,,0,0,1,0,89,0,benign
50979.0,53.0,17,1e-06,1000000.0,89000000.0,1,89,89.0,89,89,0.0,0.0,0,0,0,0,0,0,,0,0,1,0,89,0,benign
50950.0,5355.0,17,0.4188635349273681,4.774824813400871,358.1118610050653,2,150,75.0,75,75,0.0,0.4186704158782959,0,0,0,0,0,0,,0,0,2,0,150,0,benign
53.0,34751.0,17,1e-06,1000000.0,137000000.0,1,137,137.0,137,137,0.0,0.0,0,0,0,0,0,0,,0,0,1,0,137,0,benign
53.0,50979.0,17,1e-06,1000000.0,199000000.0,1,199,199.0,199,199,0.0,0.0,0,0,0,0,0,0,,0,0,1,0,199,0,benign
39961.0,53.0,17,1e-06,1000000.0,92000000.0,1,92,92.0,92,92,0.0,0.0,0,0,0,0,0,0,,0,0,1,0,92,0,benign
53.0,39961.0,17,1e-06,1000000.0,170000000.0,1,170,170.0,170,170,0.0,0.0,0,0,0,0,0,0,,0,0,1,0,170,0,benign
40414.0,443.0,6,1e-06,1000000.0,66000000.0,1,66,66.0,66,66,0.0,0.0,0,0,0,0,0,1,501.0,0,1,1,0,66,0,benign
5353.0,5353.0,17,0.7919614315032959,7.576126514912273,1814.4823003214892,6,1437,239.5,93,429,162.20203451251774,0.1566853523254394,0,0,0,0,0,0,,0,0,6,0,1437,0,benign
1900.0,1900.0,17,7.781082630157471,1.5422018465002665,790.7639967930115,12,6153,512.75,486,536,23.48742410118851,0.7070543332533403,0,0,0,0,0,0,,0,0,12,0,6153,0,benign
137.0,137.0,17,14.076115846633911,1.1366772037348751,104.57430274360853,16,1472,92.0,92,92,0.0,0.9384030818939209,0,0,0,0,0,0,,0,0,16,0,1472,0,benign
62864.0,5355.0,17,0.4249739646911621,4.706170650838443,301.19492165366034,2,128,64.0,64,64,0.0,0.4266092777252197,0,0,0,0,0,0,,0,0,2,0,128,0,benign
63853.0,1900.0,17,12.048235654830933,0.7469973411742911,133.7125240701981,9,1611,179.0,179,179,0.0,1.5060713589191437,0,0,0,0,0,0,,0,0,9,0,1611,0,benign
27036.0,27036.0,17,7.0250232219696045,0.7117414194964257,89.82176714044891,5,631,126.2,83,191,59.15403621055794,1.756238043308258,0,0,0,0,0,0,,0,0,5,0,631,0,benign
137.0,137.0,17,2.281999349594116,5.2585466346142296,578.4401298075652,12,1320,110.0,110,110,0.0,0.2073895281011408,0,0,0,0,0,0,,0,0,12,0,1320,0,benign
54201.0,5355.0,17,0.4123711585998535,4.84999971091749,363.74997831881177,2,150,75.0,75,75,0.0,0.4135994911193847,0,0,0,0,0,0,,0,0,2,0,150,0,benign
443.0,54886.0,6,0.3241581916809082,265.3025658677658,1343680.3732813187,86,435565,5064.709302325581,66,11650,2611.7117211707505,0.0038068827460793,1,0,1,0,70,86,65160.0,0,158,86,0,435565,0,benign
54886.0,443.0,6,0.3348791599273681,188.12756223368467,15348.82015684348,63,5140,81.58730158730158,54,583,81.310959250362,0.0054074718106177,1,1,0,0,3,61,64240.0,0,66,63,0,5140,0,benign
63185.0,5355.0,17,0.4157264232635498,4.810856101711148,307.8947905095135,2,128,64.0,64,64,0.0,0.4144706726074219,0,0,0,0,0,0,,0,0,2,0,128,0,benign
57621.0,57621.0,17,1e-06,1000000.0,86000000.0,1,86,86.0,86,86,0.0,0.0,0,0,0,0,0,0,,0,0,1,0,86,0,benign
5353.0,5353.0,17,0.7844665050506592,7.648510116582393,1915.9517842038892,6,1503,250.5,93,451,174.13299515025864,0.1565125465393066,0,0,0,0,0,0,,0,0,6,0,1503,0,benign
56113.0,1900.0,17,1e-06,1000000.0,167000000.0,1,167,167.0,167,167,0.0,0.0,0,0,0,0,0,0,,0,0,1,0,167,0,benign
17500.0,17500.0,17,1e-06,1000000.0,176000000.0,1,176,176.0,176,176,0.0,0.0,0,0,0,0,0,0,,0,0,1,0,176,0,benign
5353.0,5353.0,17,1e-06,1000000.0,92000000.0,1,92,92.0,92,92,0.0,0.0,0,0,0,0,0,0,,0,0,1,0,92,0,benign
5353.0,5353.0,17,1e-06,1000000.0,108000000.0,1,108,108.0,108,108,0.0,0.0,0,0,0,0,0,0,,0,0,1,0,108,0,benign
53537.0,53.0,17,1e-06,1000000.0,88000000.0,1,88,88.0,88,88,0.0,0.0,0,0,0,0,0,0,,0,0,1,0,88,0,benign
39841.0,53.0,17,1e-06,1000000.0,88000000.0,1,88,88.0,88,88,0.0,0.0,0,0,0,0,0,0,,0,0,1,0,88,0,benign
53.0,53537.0,17,1e-06,1000000.0,255000000.0,1,255,255.0,255,255,0.0,0.0,0,0,0,0,0,0,,0,0,1,0,255,0,benign
53.0,39841.0,17,1e-06,1000000.0,379000000.0,1,379,379.0,379,379,0.0,0.0,0,0,0,0,0,0,,0,0,1,0,379,0,benign
53985.0,1900.0,17,3.028597593307495,1.320743306683952,279.9975810169978,4,848,212.0,212,212,0.0,1.0095056692759197,0,0,0,0,0,0,,0,0,4,0,848,0,benign
65115.0,1900.0,17,3.0332555770874023,1.3187151225288067,279.567605976107,4,848,212.0,212,212,0.0,1.0118175347646077,0,0,0,0,0,0,,0,0,4,0,848,0,benign
54489.0,5355.0,17,0.415870189666748,4.809192987847177,360.6894740885383,2,150,75.0,75,75,0.0,0.4146528244018554,0,0,0,0,0,0,,0,0,2,0,150,0,benign
45432.0,80.0,6,1e-06,1000000.0,66000000.0,1,66,66.0,66,66,0.0,0.0,0,0,0,0,0,1,501.0,0,1,1,0,66,0,benign
45970.0,53.0,17,1e-06,1000000.0,77000000.0,1,77,77.0,77,77,0.0,0.0,0,0,0,0,0,0,,0,0,1,0,77,0,benign
51597.0,53.0,17,1e-06,1000000.0,77000000.0,1,77,77.0,77,77,0.0,0.0,0,0,0,0,0,0,,0,0,1,0,77,0,benign
53.0,51597.0,17,1e-06,1000000.0,147000000.0,1,147,147.0,147,147,0.0,0.0,0,0,0,0,0,0,,0,0,1,0,147,0,benign
53.0,45970.0,17,1e-06,1000000.0,93000000.0,1,93,93.0,93,93,0.0,0.0,0,0,0,0,0,0,,0,0,1,0,93,0,benign
34528.0,443.0,6,0.3958384990692138,25.26282820775213,3933.422351947006,10,1557,155.7,66,583,175.92804716070083,0.0442819595336914,1,0,0,0,3,9,64240.0,0,13,10,0,1557,0,benign
443.0,34528.0,6,0.2854111194610595,28.0297418513559,20528.282188386776,8,5859,732.375,66,2962,978.8110772769176,0.0408356530325753,1,0,0,0,6,8,65160.0,0,15,8,0,5859,0,benign
5353.0,5353.0,17,15.01119327545166,1.1991052056758231,234.22521684201084,18,3516,195.33333333333331,83,310,113.9267050240946,0.883036403095021,0,0,0,0,0,0,,0,0,18,0,3516,0,benign
55514.0,1900.0,17,1e-06,1000000.0,167000000.0,1,167,167.0,167,167,0.0,0.0,0,0,0,0,0,0,,0,0,1,0,167,0,benign
5353.0,5353.0,17,14.91550350189209,1.6761083524152338,135.76477654563394,25,2025,81.0,81,81,0.0,0.621101051568985,0,0,0,0,0,0,,0,0,25,0,2025,0,benign
5353.0,5353.0,17,1e-06,1000000.0,87000000.0,1,87,87.0,87,87,0.0,0.0,0,0,0,0,0,0,,0,0,1,0,87,0,benign
64711.0,1900.0,17,2.997352123260498,1.3345112070612608,284.25088710404856,4,852,213.0,213,213,0.0,1.0012651284535723,0,0,0,0,0,0,,0,0,4,0,852,0,benign
54892.0,443.0,6,0.3508872985839844,113.99671678462325,10365.151473641869,40,3637,90.925,66,583,101.59835136457676,0.0090302565158941,1,0,1,0,3,39,64240.0,0,44,40,0,3637,0,benign
443.0,54892.0,6,0.3711466789245605,126.6345697506652,402552.4367695294,47,149406,3178.851063829787,66,8754,2142.857032082284,0.0078459926273511,1,0,1,0,37,47,65160.0,0,86,47,0,149406,0,benign
54892.0,443.0,6,0.0002436637878417,8208.031311154598,443233.6908023483,2,108,54.0,54,54,0.0,0.0019021034240722,0,2,0,0,0,0,0.0,0,2,2,0,108,0,benign
54356.0,5355.0,17,0.4064643383026123,4.920480867649949,354.2746224707963,2,144,72.0,72,72,0.0,0.4065208435058594,0,0,0,0,0,0,,0,0,2,0,144,0,benign
54359.0,1900.0,17,3.089416980743408,1.2947426731102765,231.7589384867395,4,716,179.0,179,179,0.0,1.0229576428731282,0,0,0,0,0,0,,0,0,4,0,716,0,benign
5353.0,5353.0,17,0.8111755847930908,7.396672326535123,1666.7168309125811,6,1352,225.33333333333331,86,403,154.06968120518283,0.1594433784484863,0,0,0,0,0,0,,0,0,6,0,1352,0,benign
54418.0,1900.0,17,1e-06,1000000.0,167000000.0,1,167,167.0,167,167,0.0,0.0,0,0,0,0,0,0,,0,0,1,0,167,0,benign
57426.0,5355.0,17,0.4127936363220215,4.845035930834444,348.8425870200799,2,144,72.0,72,72,0.0,0.4099910259246826,0,0,0,0,0,0,,0,0,2,0,144,0,benign
59278.0,5355.0,17,0.4045906066894531,4.943268496431299,370.7451372323474,2,150,75.0,75,75,0.0,0.4157023429870605,0,0,0,0,0,0,,0,0,2,0,150,0,benign
48030.0,53.0,17,1e-06,1000000.0,99000000.0,1,99,99.0,99,99,0.0,0.0,0,0,0,0,0,0,,0,0,1,0,99,0,benign
55599.0,53.0,17,1e-06,1000000.0,99000000.0,1,99,99.0,99,99,0.0,0.0,0,0,0,0,0,0,,0,0,1,0,99,0,benign
53.0,48030.0,17,1e-06,1000000.0,220000000.0,1,220,220.0,220,220,0.0,0.0,0,0,0,0,0,0,,0,0,1,0,220,0,benign
53.0,55599.0,17,1e-06,1000000.0,300000000.0,1,300,300.0,300,300,0.0,0.0,0,0,0,0,0,0,,0,0,1,0,300,0,benign
5353.0,5353.0,17,0.7447993755340576,6.713217229021916,1366.8110278288625,5,1018,203.6,86,301,109.84671137544356,0.188914954662323,0,0,0,0,0,0,,0,0,5,0,1018,0,benign
62960.0,67.0,17,1e-06,1000000.0,60000000.0,1,60,60.0,60,60,0.0,0.0,0,0,0,0,0,0,,0,0,1,0,60,0,benign
60215.0,5355.0,17,0.4203221797943115,4.758254729690254,356.869104726769,2,150,75.0,75,75,0.0,0.4139857292175293,0,0,0,0,0,0,,0,0,2,0,150,0,benign
49523.0,5355.0,17,0.421788215637207,4.741716164304271,355.6287123228203,2,150,75.0,75,75,0.0,0.4133989810943603,0,0,0,0,0,0,,0,0,2,0,150,0,benign
50713.0,5355.0,17,0.4229843616485595,4.728307193687029,340.43811794546605,2,144,72.0,72,72,0.0,0.4250223636627197,0,0,0,0,0,0,,0,0,2,0,144,0,benign
62961.0,3702.0,17,7.813387870788574,0.8958981834461929,625.3369320454426,7,4886,698.0,698,698,0.0,1.3020986318588257,0,0,0,0,0,0,,0,0,7,0,4886,0,benign
61438.0,1900.0,17,3.0139315128326416,1.3271701705791592,281.3600761627817,4,848,212.0,212,212,0.0,1.0076549847920735,0,0,0,0,0,0,,0,0,4,0,848,0,benign
50964.0,5355.0,17,0.4222064018249511,4.73701959836509,355.27646987738177,2,150,75.0,75,75,0.0,0.4210214614868164,0,0,0,0,0,0,,0,0,2,0,150,0,benign
65217.0,5355.0,17,0.4549627304077148,4.395964474293751,316.5094421491501,2,144,72.0,72,72,0.0,0.4513638019561767,0,0,0,0,0,0,,0,0,2,0,144,0,benign
137.0,137.0,17,2.339497327804565,5.129306991455749,564.2237690601324,12,1320,110.0,110,110,0.0,0.2124504392797296,0,0,0,0,0,0,,0,0,12,0,1320,0,benign
55145.0,3702.0,17,6.144533395767212,1.1392240141166934,795.178361853452,7,4886,698.0,698,698,0.0,1.0234840710957844,0,0,0,0,0,0,,0,0,7,0,4886,0,benign
54195.0,5355.0,17,0.4156951904296875,4.81121756047425,360.8413170355688,2,150,75.0,75,75,0.0,0.4126276969909668,0,0,0,0,0,0,,0,0,2,0,150,0,benign
41938.0,443.0,6,1.915503025054932,59.514393090937965,4441.13107039131,114,8507,74.62280701754386,66,583,60.10026877722904,0.0169827220714197,1,0,1,0,3,113,64240.0,0,118,114,0,8507,0,benign
443.0,41938.0,6,1.915358304977417,69.96080036397154,604789.1911344796,134,1158388,8644.686567164179,66,37714,7698.62508417805,0.0144243222430236,1,0,1,0,106,134,65160.0,0,242,134,0,1158388,0,benign
41938.0,443.0,6,0.0003623962402343,5518.821052631579,298016.33684210526,2,108,54.0,54,54,0.0,0.0001089572906494,0,2,0,0,0,0,0.0,0,2,2,0,108,0,benign
138.0,138.0,17,1e-06,1000000.0,243000000.0,1,243,243.0,243,243,0.0,0.0,0,0,0,0,0,0,,0,0,1,0,243,0,benign
5353.0,5353.0,17,10.047030210494995,3.782212176520152,297.5008472531246,38,2989,78.65789473684211,70,81,4.055535528269063,0.270908143069293,0,0,0,0,0,0,,0,0,38,0,2989,0,benign
5353.0,5353.0,17,10.038113832473757,3.685951426482465,289.7954783685808,37,2909,78.62162162162163,70,81,3.8898111304574456,0.2784046530723572,0,0,0,0,0,0,,0,0,37,0,2909,0,benign
5353.0,5353.0,17,10.00742220878601,0.1998516659209303,17.187243269200003,2,172,86.0,86,86,0.0,10.01745343208313,0,0,0,0,0,0,,0,0,2,0,172,0,benign
5353.0,5353.0,17,1e-06,1000000.0,128000000.0,1,128,128.0,128,128,0.0,0.0,0,0,0,0,0,0,,0,0,1,0,128,0,benign
61269.0,5355.0,17,0.4259107112884521,4.695819914811865,352.18649361088984,2,150,75.0,75,75,0.0,0.4265320301055908,0,0,0,0,0,0,,0,0,2,0,150,0,benign
137.0,137.0,17,11.071341276168823,1.354849392303321,124.6461440919055,15,1380,92.0,92,92,0.0,0.7920113461358207,0,0,0,0,0,0,,0,0,15,0,1380,0,benign
5353.0,5353.0,17,10.548369407653809,0.9480138221879189,76.78911959722143,10,810,81.0,81,81,0.0,1.1751890977223711,0,0,0,0,0,0,,0,0,10,0,810,0,benign
51570.0,5355.0,17,0.3892512321472168,5.138069798693893,385.355234902042,2,150,75.0,75,75,0.0,0.4090776443481445,0,0,0,0,0,0,,0,0,2,0,150,0,benign
5353.0,5353.0,17,1e-06,1000000.0,87000000.0,1,87,87.0,87,87,0.0,0.0,0,0,0,0,0,0,,0,0,1,0,87,0,benign
60654.0,5355.0,17,0.4250330924987793,4.705515959338493,352.913696950387,2,150,75.0,75,75,0.0,0.4187929630279541,0,0,0,0,0,0,,0,0,2,0,150,0,benign
59340.0,5355.0,17,0.4004454612731933,4.994437928303931,374.5828446227948,2,150,75.0,75,75,0.0,0.4149801731109619,0,0,0,0,0,0,,0,0,2,0,150,0,benign
5353.0,5353.0,17,0.7522823810577393,7.975728464574378,1270.7994020221845,6,956,159.33333333333334,86,271,83.03172084611198,0.1511064052581787,0,0,0,0,0,0,,0,0,6,0,956,0,benign
137.0,137.0,17,14.848398685455322,1.3469465915938064,123.91908642663016,20,1840,92.0,92,92,0.0,0.7809781777231317,0,0,0,0,0,0,,0,0,20,0,1840,0,benign
45944.0,443.0,6,0.8288776874542236,12.06450620080453,2505.7979379071007,10,2077,207.7,66,589,219.2396203041574,0.0955668555365668,1,0,1,0,4,9,64240.0,0,15,10,0,2077,0,benign
443.0,45944.0,6,0.8483173847198486,12.966844954654182,8060.662345447754,11,6838,621.6363636363636,66,2862,851.9076561138857,0.0857882261276245,1,0,1,0,7,11,43338.0,0,20,11,0,6838,0,benign
54886.0,443.0,6,1e-06,1000000.0,54000000.0,1,54,54.0,54,54,0.0,0.0,0,1,0,0,0,0,0.0,0,1,1,0,54,0,benign
64689.0,1900.0,17,3.025686025619507,1.322014236153602,280.2670180645636,4,848,212.0,212,212,0.0,1.0094802379608154,0,0,0,0,0,0,,0,0,4,0,848,0,benign
54923.0,5355.0,17,0.4090075492858886,4.889885293051247,366.7413969788435,2,150,75.0,75,75,0.0,0.4173007011413574,0,0,0,0,0,0,,0,0,2,0,150,0,benign
52203.0,5355.0,17,0.4117431640625,4.857396975985769,364.3047731989327,2,150,75.0,75,75,0.0,0.4198286533355713,0,0,0,0,0,0,,0,0,2,0,150,0,benign
5353.0,5353.0,17,15.02389430999756,1.0649702180980398,207.66919252911777,16,3120,195.0,83,310,114.17647159842814,1.002146323521932,0,0,0,0,0,0,,0,0,16,0,3120,0,benign
5353.0,5353.0,17,0.1495716571807861,33.42879322354862,3603.623909498541,5,539,107.8,81,139,25.791471458604292,0.037341833114624,0,0,0,0,0,0,,0,0,5,0,539,0,benign
56910.0,5355.0,17,1e-06,1000000.0,75000000.0,1,75,75.0,75,75,0.0,0.0,0,0,0,0,0,0,,0,0,1,0,75,0,benign
58542.0,5355.0,17,0.4168531894683838,4.797852218788624,359.8389164091468,2,150,75.0,75,75,0.0,0.4144666194915771,0,0,0,0,0,0,,0,0,2,0,150,0,benign
53096.0,1900.0,17,1e-06,1000000.0,167000000.0,1,167,167.0,167,167,0.0,0.0,0,0,0,0,0,0,,0,0,1,0,167,0,benign
59167.0,5355.0,17,0.4131689071655273,4.840635307532332,363.0476480649249,2,150,75.0,75,75,0.0,0.4141972064971924,0,0,0,0,0,0,,0,0,2,0,150,0,benign
5353.0,5353.0,17,0.7639687061309814,7.853724834340673,1693.7866559394718,6,1294,215.66666666666663,82,385,147.72226191968042,0.150732946395874,0,0,0,0,0,0,,0,0,6,0,1294,0,benign
56148.0,5355.0,17,0.4070188999176025,4.913776732247281,368.5332549185461,2,150,75.0,75,75,0.0,0.4191241264343261,0,0,0,0,0,0,,0,0,2,0,150,0,benign
55528.0,5355.0,17,0.4037399291992187,4.953683932047091,371.52629490353183,2,150,75.0,75,75,0.0,0.4191236495971679,0,0,0,0,0,0,,0,0,2,0,150,0,benign
5353.0,5353.0,17,15.067700386047363,1.7919124556658894,145.14490890893703,27,2187,81.0,81,81,0.0,0.5796526670455933,0,0,0,0,0,0,,0,0,27,0,2187,0,benign
59424.0,5355.0,17,0.4151549339294433,4.817478576178755,361.3108932134066,2,150,75.0,75,75,0.0,0.4184720516204834,0,0,0,0,0,0,,0,0,2,0,150,0,benign
48034.0,443.0,6,0.1904306411743164,309.8240894226291,25626.128074278477,59,4880,82.71186440677967,66,583,83.29798003252263,0.0030550792299467,1,0,1,0,3,58,64240.0,0,63,59,0,4880,0,benign
443.0,48034.0,6,0.1799383163452148,400.1371217782583,2065174.3750178877,72,371604,5161.166666666667,66,14546,3604.121127069892,0.0025046375435842,1,0,1,0,55,72,65160.0,0,129,72,0,371604,0,benign
48034.0,443.0,6,0.0002989768981933,6689.480063795853,361231.9234449761,2,108,54.0,54,54,0.0,0.0001084804534912,0,2,0,0,0,0,0.0,0,2,2,0,108,0,benign
5353.0,5353.0,17,0.7723479270935059,7.768519587511753,1187.2887436247129,6,917,152.83333333333334,83,259,79.04534563569614,0.1546876430511474,0,0,0,0,0,0,,0,0,6,0,917,0,benign
57621.0,57621.0,17,1e-06,1000000.0,86000000.0,1,86,86.0,86,86,0.0,0.0,0,0,0,0,0,0,,0,0,1,0,86,0,benign
64479.0,5355.0,17,0.4105415344238281,4.871614276024196,365.3710707018147,2,150,75.0,75,75,0.0,0.422210693359375,0,0,0,0,0,0,,0,0,2,0,150,0,benign
27036.0,27036.0,17,1e-06,1000000.0,191000000.0,1,191,191.0,191,191,0.0,0.0,0,0,0,0,0,0,,0,0,1,0,191,0,benign
5353.0,5353.0,17,0.0010864734649658,1840.8180820715384,178559.35396093922,2,194,97.0,91,103,8.48528137423857,0.0011518001556396,0,0,0,0,0,0,,0,0,2,0,194,0,benign
5353.0,5353.0,17,1e-06,1000000.0,91000000.0,1,91,91.0,91,91,0.0,0.0,0,0,0,0,0,0,,0,0,1,0,91,0,benign
5353.0,5353.0,17,1e-06,1000000.0,136000000.0,1,136,136.0,136,136,0.0,0.0,0,0,0,0,0,0,,0,0,1,0,136,0,benign
49925.0,21027.0,17,1e-06,1000000.0,343000000.0,1,343,343.0,343,343,0.0,0.0,0,0,0,0,0,0,,0,0,1,0,343,0,benign
58986.0,5355.0,17,0.4253714084625244,4.701773462463925,352.6330096847944,2,150,75.0,75,75,0.0,0.4198694229125976,0,0,0,0,0,0,,0,0,2,0,150,0,benign
51421.0,5355.0,17,0.401813268661499,4.977436426284038,373.30773197130287,2,150,75.0,75,75,0.0,0.4077003002166748,0,0,0,0,0,0,,0,0,2,0,150,0,benign
40372.0,443.0,6,0.3989067077636719,140.3837010260971,11717.025332071033,56,4674,83.46428571428571,66,583,84.83159023205154,0.007187626578591,1,0,1,0,3,55,64240.0,0,60,56,0,4674,0,benign
443.0,40372.0,6,0.4165384769439697,180.0553950027732,890191.4721551106,75,370799,4943.986666666667,66,11650,3022.7089671054705,0.005624813002509,1,0,1,0,60,75,65160.0,0,137,75,0,370799,0,benign
40372.0,443.0,6,0.0008151531219482,2453.526762211173,132490.44515940337,2,108,54.0,54,54,0.0,0.0007743835449218,0,2,0,0,0,0,0.0,0,2,2,0,108,0,benign
50542.0,3702.0,17,5.831020832061768,1.2004759032090266,837.9321804399005,7,4886,698.0,698,698,0.0,0.9718408584594728,0,0,0,0,0,0,,0,0,7,0,4886,0,benign
57621.0,57621.0,17,1e-06,1000000.0,86000000.0,1,86,86.0,86,86,0.0,0.0,0,0,0,0,0,0,,0,0,1,0,86,0,benign
17500.0,17500.0,17,0.0049901008605957,801.5870043000477,141079.31275680842,4,704,176.0,176,176,0.0,0.0006264845530192,0,0,0,0,0,0,,0,0,4,0,704,0,benign
17500.0,17500.0,17,1e-06,1000000.0,176000000.0,1,176,176.0,176,176,0.0,0.0,0,0,0,0,0,0,,0,0,1,0,176,0,benign
60486.0,1900.0,17,3.022841453552246,1.3232582857759414,280.5307565844996,4,848,212.0,212,212,0.0,1.0101810296376543,0,0,0,0,0,0,,0,0,4,0,848,0,benign
5353.0,5353.0,17,15.284337997436523,0.9813967737769071,90.28850318747548,15,1380,92.0,92,92,0.0,1.091533132961818,0,0,0,0,0,0,,0,0,15,0,1380,0,benign
54313.0,5355.0,17,0.4196360111236572,4.766035199516386,357.4526399637289,2,150,75.0,75,75,0.0,0.4182829856872558,0,0,0,0,0,0,,0,0,2,0,150,0,benign
5353.0,5353.0,17,0.7806169986724854,7.686227702194007,1587.2060205030623,6,1239,206.5,93,363,126.54445859064712,0.1534486293792724,0,0,0,0,0,0,,0,0,6,0,1239,0,benign
5353.0,5353.0,17,6.948436975479126,1.0074208091262595,189.25119485729016,7,1315,187.8571428571429,82,363,131.69336679249588,1.1575253407160442,0,0,0,0,0,0,,0,0,7,0,1315,0,benign
56568.0,53.0,17,1e-06,1000000.0,94000000.0,1,94,94.0,94,94,0.0,0.0,0,0,0,0,0,0,,0,0,1,0,94,0,benign
38078.0,53.0,17,1e-06,1000000.0,94000000.0,1,94,94.0,94,94,0.0,0.0,0,0,0,0,0,0,,0,0,1,0,94,0,benign
53.0,56568.0,17,1e-06,1000000.0,349000000.0,1,349,349.0,349,349,0.0,0.0,0,0,0,0,0,0,,0,0,1,0,349,0,benign
53.0,38078.0,17,1e-06,1000000.0,361000000.0,1,361,361.0,361,361,0.0,0.0,0,0,0,0,0,0,,0,0,1,0,361,0,benign
62898.0,1900.0,17,1e-06,1000000.0,167000000.0,1,167,167.0,167,167,0.0,0.0,0,0,0,0,0,0,,0,0,1,0,167,0,benign
5353.0,5353.0,17,0.002659797668457,751.9368949444246,68426.25743994264,2,182,91.0,72,110,26.87005768508881,4.76837158203125e-07,0,0,0,0,0,0,,0,0,2,0,182,0,benign
49182.0,5355.0,17,1e-06,1000000.0,66000000.0,1,66,66.0,66,66,0.0,0.0,0,0,0,0,0,0,,0,0,1,0,66,0,benign
54290.0,443.0,6,0.2789041996002197,93.22197384359328,9709.427121863484,26,2708,104.15384615384616,66,583,124.20521480443315,0.0108750247955322,1,0,1,0,3,25,64240.0,0,30,26,0,2708,0,benign
443.0,54290.0,6,0.2687902450561523,126.49268574794124,452270.87751865375,34,121566,3575.470588235294,66,5810,2429.975885094137,0.0083436749198219,1,0,1,0,28,34,65160.0,0,64,34,0,121566,0,benign
54290.0,443.0,6,0.000209093093872,9565.117445838085,516516.3420752566,2,108,54.0,54,54,0.0,6.651878356933594e-05,0,2,0,0,0,0,0.0,0,2,2,0,108,0,benign
45944.0,443.0,6,1e-06,1000000.0,66000000.0,1,66,66.0,66,66,0.0,0.0,0,0,0,0,0,1,501.0,0,1,1,0,66,0,benign
137.0,137.0,17,14.09507131576538,1.1351485665846863,104.43366812579114,16,1472,92.0,92,92,0.0,0.9392277081807454,0,0,0,0,0,0,,0,0,16,0,1472,0,benign
5353.0,5353.0,17,12.959145069122314,0.6173246736053258,52.16393491965003,8,676,84.5,75,139,22.418104928192047,1.8506450993674144,0,0,0,0,0,0,,0,0,8,0,676,0,benign
138.0,138.0,17,1e-06,1000000.0,243000000.0,1,243,243.0,243,243,0.0,0.0,0,0,0,0,0,0,,0,0,1,0,243,0,benign
137.0,137.0,17,14.669168949127195,0.9543826271653232,87.80320169920975,14,1288,92.0,92,92,0.0,1.12758207321167,0,0,0,0,0,0,,0,0,14,0,1288,0,benign
5353.0,5353.0,17,14.149615287780762,0.7067329956762668,57.245372649777615,10,810,81.0,81,81,0.0,1.572221941418118,0,0,0,0,0,0,,0,0,10,0,810,0,benign
52327.0,5355.0,17,0.414180040359497,4.828817917599444,362.16134381995823,2,150,75.0,75,75,0.0,0.4146332740783691,0,0,0,0,0,0,,0,0,2,0,150,0,benign
137.0,137.0,17,3.755476474761963,1.597666778189658,146.98534359344853,6,552,92.0,92,92,0.0,0.7512288570404053,0,0,0,0,0,0,,0,0,6,0,552,0,benign
64993.0,5355.0,17,0.4183955192565918,4.780165914667572,329.8314481120625,2,138,69.0,69,69,0.0,0.4120440483093261,0,0,0,0,0,0,,0,0,2,0,138,0,benign
64748.0,5355.0,17,0.4162554740905761,4.804741617799854,331.5271716281899,2,138,69.0,69,69,0.0,0.4110643863677978,0,0,0,0,0,0,,0,0,2,0,138,0,benign
51639.0,5355.0,17,0.4234108924865722,4.723544045488689,354.2658034116517,2,150,75.0,75,75,0.0,0.4198944568634033,0,0,0,0,0,0,,0,0,2,0,150,0,benign
5353.0,5353.0,17,10.0753173828125,5.359632649599574,421.425930188885,54,4246,78.62962962962963,70,81,3.625362942384001,0.189119649383257,0,0,0,0,0,0,,0,0,54,0,4246,0,benign
5353.0,5353.0,17,10.04891300201416,5.572742045709382,439.2514891028788,56,4414,78.82142857142857,70,81,3.4277325813649244,0.1820411465384743,0,0,0,0,0,0,,0,0,56,0,4414,0,benign
5353.0,5353.0,17,1e-06,1000000.0,139000000.0,1,139,139.0,139,139,0.0,0.0,0,0,0,0,0,0,,0,0,1,0,139,0,benign
17500.0,17500.0,17,1e-06,1000000.0,176000000.0,1,176,176.0,176,176,0.0,0.0,0,0,0,0,0,0,,0,0,1,0,176,0,benign
62081.0,1900.0,17,3.0052695274353027,1.330995427692504,283.50202609850334,4,852,213.0,213,213,0.0,1.0015259583791096,0,0,0,0,0,0,,0,0,4,0,852,0,benign
5353.0,5353.0,17,1e-06,1000000.0,139000000.0,1,139,139.0,139,139,0.0,0.0,0,0,0,0,0,0,,0,0,1,0,139,0,benign
56575.0,1900.0,17,3.0162103176116943,1.3261674680455615,281.1475032256591,4,848,212.0,212,212,0.0,1.0054223537445068,0,0,0,0,0,0,,0,0,4,0,848,0,benign
5353.0,5353.0,17,15.020508289337158,1.0652102906103496,207.71600666901816,16,3120,195.0,83,310,114.17647159842814,1.001022179921468,0,0,0,0,0,0,,0,0,16,0,3120,0,benign
5353.0,5353.0,17,0.8085734844207764,7.420475832568409,1866.249671890955,6,1509,251.5,93,453,175.21843510315915,0.1586046695709228,0,0,0,0,0,0,,0,0,6,0,1509,0,benign
55321.0,5355.0,17,0.4316227436065674,4.633676120234849,347.5257090176137,2,150,75.0,75,75,0.0,0.4187600612640381,0,0,0,0,0,0,,0,0,2,0,150,0,benign
60871.0,5355.0,17,0.4124431610107422,4.849153020500465,334.5915584145321,2,138,69.0,69,69,0.0,0.4112236499786377,0,0,0,0,0,0,,0,0,2,0,138,0,benign
52775.0,5355.0,17,0.4133825302124023,4.838133819956951,333.83123357702965,2,138,69.0,69,69,0.0,0.4112238883972168,0,0,0,0,0,0,,0,0,2,0,138,0,benign
53091.0,3702.0,17,6.861010313034058,1.0202579038107404,712.1400168598968,7,4886,698.0,698,698,0.0,1.1419106324513753,0,0,0,0,0,0,,0,0,7,0,4886,0,benign
60053.0,5355.0,17,0.41705322265625,4.795551002487926,359.66632518659446,2,150,75.0,75,75,0.0,0.4172766208648681,0,0,0,0,0,0,,0,0,2,0,150,0,benign
5353.0,5353.0,17,14.10045862197876,1.4893132601564278,120.63437407267068,21,1701,81.0,81,81,0.0,0.7044443726539612,0,0,0,0,0,0,,0,0,21,0,1701,0,benign
50547.0,53.0,17,1e-06,1000000.0,99000000.0,1,99,99.0,99,99,0.0,0.0,0,0,0,0,0,0,,0,0,1,0,99,0,benign
50873.0,53.0,17,1e-06,1000000.0,99000000.0,1,99,99.0,99,99,0.0,0.0,0,0,0,0,0,0,,0,0,1,0,99,0,benign
53.0,50547.0,17,1e-06,1000000.0,220000000.0,1,220,220.0,220,220,0.0,0.0,0,0,0,0,0,0,,0,0,1,0,220,0,benign
43358.0,443.0,6,0.399874210357666,115.03617589855438,10013.148876039384,46,4004,87.04347826086956,66,583,92.51449292389914,0.0088146209716796,1,0,1,0,3,45,64240.0,0,50,46,0,4004,0,benign
443.0,43358.0,6,0.3951132297515869,124.01508304545249,465805.71375884383,49,184046,3756.0408163265306,66,7306,2249.0343294325203,0.0082363784313201,1,0,1,0,42,49,65160.0,0,93,49,0,184046,0,benign
43358.0,443.0,6,0.00034761428833,5753.503429355281,310689.1851851852,2,108,54.0,54,54,0.0,6.532669067382812e-05,0,2,0,0,0,0,0.0,0,2,2,0,108,0,benign
53.0,50873.0,17,1e-06,1000000.0,244000000.0,1,244,244.0,244,244,0.0,0.0,0,0,0,0,0,0,,0,0,1,0,244,0,benign
137.0,137.0,17,1.5276942253112793,1.963743758597194,180.66442579094183,3,276,92.0,92,92,0.0,0.7646026611328125,0,0,0,0,0,0,,0,0,3,0,276,0,benign
54404.0,5355.0,17,0.4120604991912842,4.853656208069515,364.02421560521367,2,150,75.0,75,75,0.0,0.4117574691772461,0,0,0,0,0,0,,0,0,2,0,150,0,benign
137.0,137.0,17,1.5113756656646729,1.984946607355002,182.61508787666017,3,276,92.0,92,92,0.0,0.7511649131774902,0,0,0,0,0,0,,0,0,3,0,276,0,benign
36478.0,1900.0,17,3.005373001098633,1.3309496021085483,279.4994164427952,4,840,210.0,210,210,0.0,1.0015015602111816,0,0,0,0,0,0,,0,0,4,0,840,0,benign
5353.0,5353.0,17,0.8147397041320801,7.364315215730938,1933.1327441293715,6,1575,262.5,93,475,187.16596912900596,0.1607801437377929,0,0,0,0,0,0,,0,0,6,0,1575,0,benign
57378.0,3702.0,17,6.880164384841919,1.017417551159402,710.1574507092628,7,4886,698.0,698,698,0.0,1.146515528361003,0,0,0,0,0,0,,0,0,7,0,4886,0,benign
47263.0,1900.0,17,2.999168634414673,1.3337029315727864,280.07761563028515,4,840,210.0,210,210,0.0,1.0005261103312175,0,0,0,0,0,0,,0,0,4,0,840,0,benign
57380.0,1900.0,17,3.012328624725342,1.327876370183453,281.50979047889206,4,848,212.0,212,212,0.0,1.0043456554412842,0,0,0,0,0,0,,0,0,4,0,848,0,benign
5353.0,5353.0,17,12.622381210327148,0.1584487084230728,17.35013357232648,2,219,109.5,87,132,31.81980515339464,12.63015866279602,0,0,0,0,0,0,,0,0,2,0,219,0,benign
53865.0,5355.0,17,0.4300487041473388,4.650636034272948,348.797702570471,2,150,75.0,75,75,0.0,0.4065947532653808,0,0,0,0,0,0,,0,0,2,0,150,0,benign
54167.0,5355.0,17,0.4040286540985107,4.950143955662011,371.2607966746508,2,150,75.0,75,75,0.0,0.4199168682098388,0,0,0,0,0,0,,0,0,2,0,150,0,benign
137.0,137.0,17,2.280508279800415,5.261984841839825,578.8183326023808,12,1320,110.0,110,110,0.0,0.2074276100505482,0,0,0,0,0,0,,0,0,12,0,1320,0,benign
60085.0,5355.0,17,0.4024727344512939,4.969280720908149,372.6960540681112,2,150,75.0,75,75,0.0,0.413306713104248,0,0,0,0,0,0,,0,0,2,0,150,0,benign
5353.0,5353.0,17,10.281911611557009,0.972581790020434,79.7517067816756,10,820,82.0,82,82,0.0,1.1426328553093803,0,0,0,0,0,0,,0,0,10,0,820,0,benign
54438.0,5355.0,17,0.4162061214447021,4.805311351639318,360.39835137294887,2,150,75.0,75,75,0.0,0.4151268005371094,0,0,0,0,0,0,,0,0,2,0,150,0,benign
45904.0,443.0,6,0.2560696601867676,124.96599548990068,12125.606749879427,32,3105,97.03125,66,583,112.66321046346712,0.0088980813180246,1,0,1,0,3,31,64240.0,0,36,32,0,3105,0,benign
443.0,45904.0,6,0.260934829711914,145.63023281312817,571548.8429224078,38,149137,3924.657894736842,66,7246,2496.753538327763,0.0072375374871331,1,0,1,0,32,38,65160.0,0,72,38,0,149137,0,benign
45904.0,443.0,6,0.0002202987670898,9078.580086580088,490243.3246753247,2,108,54.0,54,54,0.0,0.0001261234283447,0,2,0,0,0,0,0.0,0,2,2,0,108,0,benign
5353.0,5353.0,17,9.975687503814695,0.2004874349998635,17.241919409988263,2,172,86.0,86,86,0.0,10.01422357559204,0,0,0,0,0,0,,0,0,2,0,172,0,benign
5353.0,5353.0,17,1e-06,1000000.0,83000000.0,1,83,83.0,83,83,0.0,0.0,0,0,0,0,0,0,,0,0,1,0,83,0,benign
5353.0,5353.0,17,1e-06,1000000.0,132000000.0,1,132,132.0,132,132,0.0,0.0,0,0,0,0,0,0,,0,0,1,0,132,0,benign
5353.0,5353.0,17,1e-06,1000000.0,139000000.0,1,139,139.0,139,139,0.0,0.0,0,0,0,0,0,0,,0,0,1,0,139,0,benign
5353.0,5353.0,17,1e-06,1000000.0,139000000.0,1,139,139.0,139,139,0.0,0.0,0,0,0,0,0,0,,0,0,1,0,139,0,benign
5353.0,5353.0,17,6.964748859405518,3.445924682207212,1608.816086005492,24,11205,466.875,84,1514,521.8609103799677,0.3028126488561216,0,0,0,0,0,0,,0,0,24,0,11205,0,benign
5353.0,5353.0,17,6.16802716255188,0.3242527873649223,80.09043847913581,2,494,247.0,132,362,162.63455967290594,6.167887210845947,0,0,0,0,0,0,,0,0,2,0,494,0,benign
5353.0,5353.0,17,0.0013716220855712,1458.1275856075092,193930.9688857987,2,266,133.0,133,133,0.0,2.384185791015625e-07,0,0,0,0,0,0,,0,0,2,0,266,0,benign
58246.0,5355.0,17,0.4154226779937744,4.81437366312961,361.0780247347207,2,150,75.0,75,75,0.0,0.415255069732666,0,0,0,0,0,0,,0,0,2,0,150,0,benign
60618.0,1900.0,17,10.01260757446289,1.0986149130677456,192.25760978685548,11,1925,175.0,167,179,5.585696017507576,1.001329517364502,0,0,0,0,0,0,,0,0,11,0,1925,0,benign
59175.0,53.0,17,1e-06,1000000.0,100000000.0,1,100,100.0,100,100,0.0,0.0,0,0,0,0,0,0,,0,0,1,0,100,0,benign
59873.0,5355.0,17,0.3993823528289795,5.007732529575299,360.5567421294216,2,144,72.0,72,72,0.0,0.3994848728179931,0,0,0,0,0,0,,0,0,2,0,144,0,benign
53.0,59175.0,17,1e-06,1000000.0,436000000.0,1,436,436.0,436,436,0.0,0.0,0,0,0,0,0,0,,0,0,1,0,436,0,benign
49541.0,5355.0,17,0.419374942779541,4.769002141006239,410.1341841265365,2,172,86.0,86,86,0.0,0.4188449382781982,0,0,0,0,0,0,,0,0,2,0,172,0,benign
61923.0,5355.0,17,0.4183721542358398,4.780432874776325,411.117227230764,2,172,86.0,86,86,0.0,0.4220457077026367,0,0,0,0,0,0,,0,0,2,0,172,0,benign
61862.0,5355.0,17,0.4236066341400146,4.721361373530661,406.0370781236369,2,172,86.0,86,86,0.0,0.4241840839385986,0,0,0,0,0,0,,0,0,2,0,172,0,benign
59876.0,1900.0,17,3.093830347061157,1.2928957154355982,231.4283330629721,4,716,179.0,179,179,0.0,1.030135154724121,0,0,0,0,0,0,,0,0,4,0,716,0,benign
5353.0,5353.0,17,1e-06,1000000.0,87000000.0,1,87,87.0,87,87,0.0,0.0,0,0,0,0,0,0,,0,0,1,0,87,0,benign
51077.0,5355.0,17,0.4406826496124267,4.538413304356247,340.38099782671856,2,150,75.0,75,75,0.0,0.4186029434204101,0,0,0,0,0,0,,0,0,2,0,150,0,benign
52493.0,1900.0,17,1e-06,1000000.0,167000000.0,1,167,167.0,167,167,0.0,0.0,0,0,0,0,0,0,,0,0,1,0,167,0,benign
56360.0,5355.0,17,0.4063522815704345,4.92183775189,354.37231813608,2,144,72.0,72,72,0.0,0.4062249660491943,0,0,0,0,0,0,,0,0,2,0,144,0,benign
5353.0,5353.0,17,1.1395137310028076,10.530807723957505,968.8343106040904,12,1104,92.0,92,92,0.0,0.1036952192133123,0,0,0,0,0,0,,0,0,12,0,1104,0,benign
49299.0,5355.0,17,0.4118542671203613,4.856086629826066,417.6234501650417,2,172,86.0,86,86,0.0,0.4138853549957275,0,0,0,0,0,0,,0,0,2,0,172,0,benign
60198.0,1900.0,17,3.128897190093994,1.278405699191362,271.0220082285687,4,848,212.0,212,212,0.0,1.0018712679545083,0,0,0,0,0,0,,0,0,4,0,848,0,benign
53968.0,5355.0,17,0.4053454399108886,4.934063154724723,355.25254714018007,2,144,72.0,72,72,0.0,0.4115452766418457,0,0,0,0,0,0,,0,0,2,0,144,0,benign
55932.0,1900.0,17,1e-06,1000000.0,167000000.0,1,167,167.0,167,167,0.0,0.0,0,0,0,0,0,0,,0,0,1,0,167,0,benign
56976.0,5355.0,17,0.4108593463897705,4.867845936995327,365.08844527464953,2,150,75.0,75,75,0.0,0.4177677631378174,0,0,0,0,0,0,,0,0,2,0,150,0,benign
52193.0,3702.0,17,6.850166320800781,1.0218729987247526,713.2673531098774,7,4886,698.0,698,698,0.0,1.1417056719462078,0,0,0,0,0,0,,0,0,7,0,4886,0,benign
54696.0,5355.0,17,0.4178643226623535,4.786242547000257,315.892008102017,2,132,66.0,66,66,0.0,0.4197142124176025,0,0,0,0,0,0,,0,0,2,0,132,0,benign
54666.0,1900.0,17,1e-06,1000000.0,167000000.0,1,167,167.0,167,167,0.0,0.0,0,0,0,0,0,0,,0,0,1,0,167,0,benign
43390.0,443.0,6,0.5764861106872559,36.42759055368207,3954.9955458283393,21,2280,108.57142857142856,66,583,126.33589016133595,0.0287108421325683,1,0,1,0,3,20,64240.0,0,25,21,0,2280,0,benign
443.0,43390.0,6,0.575995922088623,38.19471485184416,66238.31617010955,22,38153,1734.2272727272727,66,2962,1330.488736976296,0.0274022760845365,1,0,1,0,18,22,65160.0,0,42,22,0,38153,0,benign
43390.0,443.0,6,0.00020432472229,9788.340723453908,528570.3990665111,2,108,54.0,54,54,0.0,7.319450378417969e-05,0,2,0,0,0,0,0.0,0,2,2,0,108,0,benign
5353.0,5353.0,17,0.7860989570617676,7.632626841824637,1576.1374428367876,6,1239,206.5,93,363,126.54445859064712,0.1573311328887939,0,0,0,0,0,0,,0,0,6,0,1239,0,benign
53379.0,5355.0,17,0.4176077842712402,4.78918275790803,359.18870684310224,2,150,75.0,75,75,0.0,0.4188785552978515,0,0,0,0,0,0,,0,0,2,0,150,0,benign
63721.0,5355.0,17,0.4464528560638428,4.479756312084159,295.6639165975545,2,132,66.0,66,66,0.0,0.4301958084106445,0,0,0,0,0,0,,0,0,2,0,132,0,benign
443.0,43390.0,6,0.2302310466766357,8.686925716013624,677.5802058490626,2,156,78.0,66,90,16.97056274847714,0.2261357307434082,0,0,2,0,1,2,504.0,0,5,2,0,156,0,benign
43390.0,443.0,6,0.2297685146331787,8.704412800826796,470.03829124464704,2,108,54.0,54,54,0.0,0.2257578372955322,0,2,0,0,0,0,0.0,0,2,2,0,108,0,benign
137.0,137.0,17,14.82839298248291,1.146449249091419,105.47333091641056,17,1564,92.0,92,92,0.0,0.92730213701725,0,0,0,0,0,0,,0,0,17,0,1564,0,benign
54524.0,5355.0,17,0.7346289157867432,2.722462942883375,196.017331887603,2,144,72.0,72,72,0.0,0.4227817058563232,0,0,0,0,0,0,,0,0,2,0,144,0,benign
137.0,137.0,17,2.295590400695801,5.227413390630472,575.0154729693519,12,1320,110.0,110,110,0.0,0.207161166451194,0,0,0,0,0,0,,0,0,12,0,1320,0,benign
137.0,137.0,17,6.164962291717529,1.4598629438644373,134.30739083552822,9,828,92.0,92,92,0.0,0.7871037125587463,0,0,0,0,0,0,,0,0,9,0,828,0,benign
5353.0,5353.0,17,5.657280445098877,1.0605802661238113,85.9070015560287,6,486,81.0,81,81,0.0,1.1573949337005616,0,0,0,0,0,0,,0,0,6,0,486,0,benign
53169.0,5355.0,17,0.2868475914001465,6.972343711298733,522.925778347405,2,150,75.0,75,75,0.0,0.4182136058807373,0,0,0,0,0,0,,0,0,2,0,150,0,benign
5353.0,5353.0,17,1e-06,1000000.0,87000000.0,1,87,87.0,87,87,0.0,0.0,0,0,0,0,0,0,,0,0,1,0,87,0,benign
5353.0,5353.0,17,1e-06,1000000.0,87000000.0,1,87,87.0,87,87,0.0,0.0,0,0,0,0,0,0,,0,0,1,0,87,0,benign
57621.0,57621.0,17,1e-06,1000000.0,86000000.0,1,86,86.0,86,86,0.0,0.0,0,0,0,0,0,0,,0,0,1,0,86,0,benign
53959.0,5355.0,17,0.4137065410614013,4.8343446416602935,319.0667463495794,2,132,66.0,66,66,0.0,0.4114866256713867,0,0,0,0,0,0,,0,0,2,0,132,0,benign
5353.0,5353.0,17,15.014583349227903,1.0656306357527243,207.79797397178123,16,3120,195.0,83,310,114.17647159842814,1.0008322715759277,0,0,0,0,0,0,,0,0,16,0,3120,0,benign
,,17,0.5002396106719971,71.96551259033524,101753.23767668482,36,50901,1413.9166666666667,313,1514,336.64745230412353,0.015408570425851,0,0,0,0,0,0,,0,0,36,0,50901,0,benign
137.0,137.0,17,2.237640619277954,5.362791458385387,589.9070604223925,12,1320,110.0,110,110,0.0,0.2069408460096879,0,0,0,0,0,0,,0,0,12,0,1320,0,benign
53285.0,5355.0,17,0.4144823551177978,4.82529587883564,361.89719091267295,2,150,75.0,75,75,0.0,0.4165282249450683,0,0,0,0,0,0,,0,0,2,0,150,0,benign
57621.0,57621.0,17,3.0689828395843506,0.9775225723993644,84.06694122634534,3,258,86.0,86,86,0.0,1.5354775190353394,0,0,0,0,0,0,,0,0,3,0,258,0,benign
137.0,137.0,17,1.5336921215057373,1.9560640352345824,179.9578912415816,3,276,92.0,92,92,0.0,0.7647535800933838,0,0,0,0,0,0,,0,0,3,0,276,0,benign
56575.0,5355.0,17,0.411320686340332,4.862386129408464,364.6789597056349,2,150,75.0,75,75,0.0,0.4151611328125,0,0,0,0,0,0,,0,0,2,0,150,0,benign
51428.0,1900.0,17,1e-06,1000000.0,167000000.0,1,167,167.0,167,167,0.0,0.0,0,0,0,0,0,0,,0,0,1,0,167,0,benign
63246.0,1900.0,17,1e-06,1000000.0,167000000.0,1,167,167.0,167,167,0.0,0.0,0,0,0,0,0,0,,0,0,1,0,167,0,benign
5353.0,5353.0,17,2.093897819519043,3.3430475617037807,495.7261955783607,7,1038,148.28571428571428,83,253,73.62905741103913,0.3492984374364217,0,0,0,0,0,0,,0,0,7,0,1038,0,benign
57843.0,3702.0,17,6.627220153808594,1.0562498057314684,737.262364400565,7,4886,698.0,698,698,0.0,1.1048853794733684,0,0,0,0,0,0,,0,0,7,0,4886,0,benign
63724.0,1900.0,17,1e-06,1000000.0,179000000.0,1,179,179.0,179,179,0.0,0.0,0,0,0,0,0,0,,0,0,1,0,179,0,benign
5353.0,5353.0,17,15.074915170669556,1.5257133947095007,123.58278497146956,23,1863,81.0,81,81,0.0,0.6854776035655629,0,0,0,0,0,0,,0,0,23,0,1863,0,benign
53289.0,1900.0,17,3.034316062927246,1.3182542349069415,279.4698978002716,4,848,212.0,212,212,0.0,1.0136977036794026,0,0,0,0,0,0,,0,0,4,0,848,0,benign
51024.0,5355.0,17,0.3997483253479004,5.003147913776506,375.236093533238,2,150,75.0,75,75,0.0,0.4140148162841797,0,0,0,0,0,0,,0,0,2,0,150,0,benign
5353.0,5353.0,17,10.03643536567688,2.8894721027323804,226.4748306727828,29,2273,78.37931034482759,70,82,4.246122543008657,0.3579036848885672,0,0,0,0,0,0,,0,0,29,0,2273,0,benign
5353.0,5353.0,17,10.0317280292511,3.09019541893564,242.63018224804347,31,2434,78.51612903225806,70,82,4.380798768428238,0.333885916074117,0,0,0,0,0,0,,0,0,31,0,2434,0,benign
5353.0,5353.0,17,1e-06,1000000.0,87000000.0,1,87,87.0,87,87,0.0,0.0,0,0,0,0,0,0,,0,0,1,0,87,0,benign
49925.0,21027.0,17,1e-06,1000000.0,343000000.0,1,343,343.0,343,343,0.0,0.0,0,0,0,0,0,0,,0,0,1,0,343,0,benign
50036.0,1900.0,17,1e-06,1000000.0,167000000.0,1,167,167.0,167,167,0.0,0.0,0,0,0,0,0,0,,0,0,1,0,167,0,benign
57621.0,57621.0,17,1e-06,1000000.0,86000000.0,1,86,86.0,86,86,0.0,0.0,0,0,0,0,0,0,,0,0,1,0,86,0,benign
51873.0,5355.0,17,0.4271137714385986,4.682593102216368,346.5118895640112,2,148,74.0,74,74,0.0,0.4110815525054931,0,0,0,0,0,0,,0,0,2,0,148,0,benign
56551.0,5355.0,17,0.4213173389434814,4.747015646247339,356.0261734685505,2,150,75.0,75,75,0.0,0.4197328090667724,0,0,0,0,0,0,,0,0,2,0,150,0,benign
57621.0,57621.0,17,1e-06,1000000.0,86000000.0,1,86,86.0,86,86,0.0,0.0,0,0,0,0,0,0,,0,0,1,0,86,0,benign
56059.0,53.0,17,1e-06,1000000.0,99000000.0,1,99,99.0,99,99,0.0,0.0,0,0,0,0,0,0,,0,0,1,0,99,0,benign
58955.0,53.0,17,1e-06,1000000.0,99000000.0,1,99,99.0,99,99,0.0,0.0,0,0,0,0,0,0,,0,0,1,0,99,0,benign
53.0,56059.0,17,1e-06,1000000.0,220000000.0,1,220,220.0,220,220,0.0,0.0,0,0,0,0,0,0,,0,0,1,0,220,0,benign
53.0,58955.0,17,1e-06,1000000.0,244000000.0,1,244,244.0,244,244,0.0,0.0,0,0,0,0,0,0,,0,0,1,0,244,0,benign
51355.0,5355.0,17,0.4179675579071045,4.785060376491016,358.8795282368262,2,150,75.0,75,75,0.0,0.4147355556488037,0,0,0,0,0,0,,0,0,2,0,150,0,benign
33648.0,443.0,6,1.0266993045806885,10.71394511608487,1599.2998073283052,11,1642,149.27272727272728,66,583,171.52148023445395,0.1026031017303466,1,0,1,0,3,10,64240.0,0,15,11,0,1642,0,benign
443.0,33648.0,6,1.0263304710388184,10.717795398655715,5958.1198966163365,11,6115,555.9090909090909,66,2962,874.8681563007599,0.1026086330413818,1,0,1,0,7,11,65160.0,0,20,11,0,6115,0,benign
33648.0,443.0,6,0.0140690803527832,142.15570242331808,7676.407930859176,2,108,54.0,54,54,0.0,0.0001015663146972,0,2,0,0,0,0,0.0,0,2,2,0,108,0,benign
17500.0,17500.0,17,0.0020451545715332,1955.8423875029143,344228.26020051294,4,704,176.0,176,176,0.0,0.0006826718648274,0,0,0,0,0,0,,0,0,4,0,704,0,benign
17500.0,17500.0,17,1e-06,1000000.0,176000000.0,1,176,176.0,176,176,0.0,0.0,0,0,0,0,0,0,,0,0,1,0,176,0,benign
52734.0,1900.0,17,3.021151542663574,1.323998463338728,280.6876742278104,4,848,212.0,212,212,0.0,1.0073796113332112,0,0,0,0,0,0,,0,0,4,0,848,0,benign
57621.0,57621.0,17,3.110180377960205,0.96457428040477,82.95338811481021,3,258,86.0,86,86,0.0,1.5547548532485962,0,0,0,0,0,0,,0,0,3,0,258,0,benign
55755.0,5355.0,17,0.4074726104736328,4.908305364807871,368.12290236059033,2,150,75.0,75,75,0.0,0.4154527187347412,0,0,0,0,0,0,,0,0,2,0,150,0,benign
64869.0,1947.0,17,1e-06,1000000.0,82000000.0,1,82,82.0,82,82,0.0,0.0,0,0,0,0,0,0,,0,0,1,0,82,0,benign
64870.0,1947.0,17,1e-06,1000000.0,82000000.0,1,82,82.0,82,82,0.0,0.0,0,0,0,0,0,0,,0,0,1,0,82,0,benign
5353.0,5353.0,17,0.8079111576080322,7.426559150097754,1672.213568630344,6,1351,225.16666666666663,91,401,148.7338786782173,0.1575923919677734,0,0,0,0,0,0,,0,0,6,0,1351,0,benign
47153.0,53.0,17,1e-06,1000000.0,88000000.0,1,88,88.0,88,88,0.0,0.0,0,0,0,0,0,0,,0,0,1,0,88,0,benign
60176.0,53.0,17,1e-06,1000000.0,88000000.0,1,88,88.0,88,88,0.0,0.0,0,0,0,0,0,0,,0,0,1,0,88,0,benign
53.0,47153.0,17,1e-06,1000000.0,255000000.0,1,255,255.0,255,255,0.0,0.0,0,0,0,0,0,0,,0,0,1,0,255,0,benign
53.0,60176.0,17,1e-06,1000000.0,379000000.0,1,379,379.0,379,379,0.0,0.0,0,0,0,0,0,0,,0,0,1,0,379,0,benign
5353.0,5353.0,17,1e-06,1000000.0,87000000.0,1,87,87.0,87,87,0.0,0.0,0,0,0,0,0,0,,0,0,1,0,87,0,benign
60219.0,1900.0,17,1e-06,1000000.0,167000000.0,1,167,167.0,167,167,0.0,0.0,0,0,0,0,0,0,,0,0,1,0,167,0,benign
51796.0,443.0,6,0.8596701622009277,22.101499895443848,2769.666907950095,19,2381,125.3157894736842,66,583,138.0748800999656,0.0471645593643188,1,0,1,0,4,18,64240.0,0,24,19,0,2381,0,benign
443.0,51796.0,6,0.8528287410736084,26.96907232634512,43836.46821393097,23,37385,1625.4347826086955,66,2962,1353.0899259938665,0.0383763855153864,1,0,1,0,18,23,65160.0,0,43,23,0,37385,0,benign
51796.0,443.0,6,0.0003740787506103,5346.4678138942,288709.2619502868,2,108,54.0,54,54,0.0,0.0001015663146972,0,2,0,0,0,0,0.0,0,2,2,0,108,0,benign
137.0,137.0,17,14.083074808120728,1.1361155300243038,104.52262876223594,16,1472,92.0,92,92,0.0,0.9390586694081624,0,0,0,0,0,0,,0,0,16,0,1472,0,benign
57621.0,57621.0,17,1e-06,1000000.0,86000000.0,1,86,86.0,86,86,0.0,0.0,0,0,0,0,0,0,,0,0,1,0,86,0,benign
5353.0,5353.0,17,10.010529279708862,0.1997896359040634,17.181908687749456,2,172,86.0,86,86,0.0,10.008011102676392,0,0,0,0,0,0,,0,0,2,0,172,0,benign
5353.0,5353.0,17,12.534722328186035,0.1595567853547682,14.280332289251758,2,179,89.5,87,92,3.5355339059327378,12.548758029937744,0,0,0,0,0,0,,0,0,2,0,179,0,benign
5353.0,5353.0,17,1e-06,1000000.0,108000000.0,1,108,108.0,108,108,0.0,0.0,0,0,0,0,0,0,,0,0,1,0,108,0,benign
17500.0,17500.0,17,1e-06,1000000.0,176000000.0,1,176,176.0,176,176,0.0,0.0,0,0,0,0,0,0,,0,0,1,0,176,0,benign
57621.0,57621.0,17,1e-06,1000000.0,86000000.0,1,86,86.0,86,86,0.0,0.0,0,0,0,0,0,0,,0,0,1,0,86,0,benign
60224.0,1900.0,17,3.021334648132324,1.323918223515111,280.6706633852036,4,848,212.0,212,212,0.0,1.0085265636444092,0,0,0,0,0,0,,0,0,4,0,848,0,benign
57621.0,57621.0,17,1e-06,1000000.0,86000000.0,1,86,86.0,86,86,0.0,0.0,0,0,0,0,0,0,,0,0,1,0,86,0,benign
56979.0,1900.0,17,3.021719694137573,1.3237495217575557,285.929896699632,4,864,216.0,216,216,0.0,1.006928284962972,0,0,0,0,0,0,,0,0,4,0,864,0,benign
53984.0,5355.0,17,0.4231815338134765,4.726104142534559,354.4578106900919,2,150,75.0,75,75,0.0,0.4191343784332275,0,0,0,0,0,0,,0,0,2,0,150,0,benign
5353.0,5353.0,17,15.000943183898926,1.5332369250412707,315.0468568584803,23,4726,205.4782608695652,83,385,117.37038094898844,0.6822525913065131,0,0,0,0,0,0,,0,0,23,0,4726,0,benign
60610.0,1900.0,17,2.997673511505127,1.334368130701334,282.8860437086828,4,848,212.0,212,212,0.0,1.0016225179036458,0,0,0,0,0,0,,0,0,4,0,848,0,benign
51804.0,443.0,6,0.7520496845245361,29.25338638218953,3138.090539180332,22,2360,107.27272727272728,66,583,124.99264047599031,0.0358079160962786,1,0,1,0,3,21,64240.0,0,26,22,0,2360,0,benign
443.0,51804.0,6,0.7502686977386475,30.655683849430623,54776.37561565436,23,41097,1786.8260869565215,66,2962,1325.392965815796,0.0341369563883001,1,0,1,0,19,23,65160.0,0,44,23,0,41097,0,benign
51804.0,443.0,6,0.0002145767211914,9320.675555555556,503316.48,2,108,54.0,54,54,0.0,7.081031799316406e-05,0,2,0,0,0,0,0.0,0,2,2,0,108,0,benign
53389.0,5355.0,17,0.4108333587646484,4.868153856867616,365.1115392650712,2,150,75.0,75,75,0.0,0.420255184173584,0,0,0,0,0,0,,0,0,2,0,150,0,benign
50836.0,1900.0,17,3.0411899089813232,1.3152746522626204,278.8382262796755,4,848,212.0,212,212,0.0,1.010722001393636,0,0,0,0,0,0,,0,0,4,0,848,0,benign
137.0,137.0,17,14.899786710739136,1.409416148545542,129.66628566618985,21,1932,92.0,92,92,0.0,0.7443219065666199,0,0,0,0,0,0,,0,0,21,0,1932,0,benign
5353.0,5353.0,17,14.366666555404665,0.9744779657834596,78.93271522846024,14,1134,81.0,81,81,0.0,1.10573253264794,0,0,0,0,0,0,,0,0,14,0,1134,0,benign
59372.0,5355.0,17,0.4045431613922119,4.943848248768106,370.7886186576079,2,150,75.0,75,75,0.0,0.4088320732116699,0,0,0,0,0,0,,0,0,2,0,150,0,benign
52314.0,443.0,6,1.364081621170044,16.12806716150127,2188.285476230968,22,2985,135.6818181818182,66,583,147.1916102563938,0.0648113205319359,1,0,0,0,5,21,64240.0,0,27,22,0,2985,0,benign
443.0,52314.0,6,1.2981715202331543,17.717227378296784,28087.96790847112,23,36463,1585.3478260869565,66,2962,1307.872234818331,0.0587284456599842,1,0,0,0,18,23,65160.0,0,42,23,0,36463,0,benign
57621.0,57621.0,17,1e-06,1000000.0,86000000.0,1,86,86.0,86,86,0.0,0.0,0,0,0,0,0,0,,0,0,1,0,86,0,benign
5353.0,5353.0,17,14.078372478485107,1.4916496940319404,120.82362521658716,21,1701,81.0,81,81,0.0,0.7040992259979248,0,0,0,0,0,0,,0,0,21,0,1701,0,benign
65511.0,1900.0,17,3.0213584899902344,1.3239077763370373,280.6684485834519,4,848,212.0,212,212,0.0,1.006966511408488,0,0,0,0,0,0,,0,0,4,0,848,0,benign
5353.0,5353.0,17,1e-06,1000000.0,87000000.0,1,87,87.0,87,87,0.0,0.0,0,0,0,0,0,0,,0,0,1,0,87,0,benign
60112.0,5355.0,17,0.4082951545715332,4.898417180823048,352.6860370192594,2,144,72.0,72,72,0.0,0.4122354984283447,0,0,0,0,0,0,,0,0,2,0,144,0,benign
57458.0,1900.0,17,1e-06,1000000.0,167000000.0,1,167,167.0,167,167,0.0,0.0,0,0,0,0,0,0,,0,0,1,0,167,0,benign
65022.0,1900.0,17,3.0755257606506348,1.3005906343485774,232.80572354839532,4,716,179.0,179,179,0.0,1.02605938911438,0,0,0,0,0,0,,0,0,4,0,716,0,benign
49198.0,5355.0,17,0.3998177051544189,5.002279724524839,375.1709793393629,2,150,75.0,75,75,0.0,0.4070911407470703,0,0,0,0,0,0,,0,0,2,0,150,0,benign
59127.0,5355.0,17,0.4239301681518554,4.717758136249418,353.8318602187064,2,150,75.0,75,75,0.0,0.4224574565887451,0,0,0,0,0,0,,0,0,2,0,150,0,benign
59269.0,5355.0,17,0.4186422824859619,4.7773483082590085,343.9690781946486,2,144,72.0,72,72,0.0,0.4120619297027588,0,0,0,0,0,0,,0,0,2,0,144,0,benign
50956.0,443.0,6,0.8537087440490723,2.3427193570891167,154.61947756788172,2,132,66.0,66,66,0.0,0.8552193641662598,0,0,1,0,0,2,2208.0,0,3,2,0,132,0,benign
54362.0,443.0,6,12.109050989151,5.533051273797432,555.1219501860647,67,6722,100.32835820895522,66,589,119.11267749993311,0.1833686756365227,1,0,1,0,6,66,64240.0,0,74,67,0,6722,0,benign
443.0,52314.0,6,0.0023472309112548,852.0678517013713,66461.29243270696,2,156,78.0,66,90,16.97056274847714,2.384185791015625e-07,0,0,1,0,1,2,501.0,0,4,2,0,156,0,benign
52314.0,443.0,6,0.0381786823272705,52.38525475698326,3143.1152854189954,2,120,60.0,54,66,8.48528137423857,0.0189208984375,0,1,1,0,0,1,524.0,0,3,2,0,120,0,benign
57718.0,443.0,6,0.5486364364624023,34.63131271869519,4492.95715008335,19,2465,129.73684210526315,66,583,145.45592769146535,0.0294286410013834,1,0,1,0,4,18,64240.0,0,24,19,0,2465,0,benign
443.0,34528.0,6,0.0007100105285644,2816.859637340497,219715.05171255875,2,156,78.0,66,90,16.97056274847714,4.76837158203125e-07,0,0,1,0,1,2,504.0,0,4,2,0,156,0,benign
443.0,57718.0,6,0.5228307247161865,42.07862881804141,68132.95071619413,22,35622,1619.1818181818182,66,2962,1315.945817250617,0.0252783525557745,1,0,1,0,17,22,65160.0,0,41,22,0,35622,0,benign
443.0,54362.0,6,12.117679595947266,5.85920756839831,16015.35990973932,71,194069,2733.3661971830984,66,5658,1400.7461403474183,0.1730837958199637,1,0,1,0,63,71,43338.0,0,136,71,0,194069,0,benign
34528.0,443.0,6,0.0522131919860839,38.304495931469695,2298.2697558881814,2,120,60.0,54,66,8.48528137423857,0.0495932102203369,0,1,1,0,0,1,501.0,0,3,2,0,120,0,benign
58768.0,5355.0,17,0.4332354068756103,4.616427854831902,332.3828055478969,2,144,72.0,72,72,0.0,0.4328939914703369,0,0,0,0,0,0,,0,0,2,0,144,0,benign
5353.0,5353.0,17,0.783442497253418,7.658507192339857,1683.5951644493784,6,1319,219.83333333333331,89,391,145.01367751583527,0.1572003841400146,0,0,0,0,0,0,,0,0,6,0,1319,0,benign
60936.0,5355.0,17,0.417008638381958,4.796063716474154,359.70477873556155,2,150,75.0,75,75,0.0,0.4174010753631592,0,0,0,0,0,0,,0,0,2,0,150,0,benign
57621.0,57621.0,17,1e-06,1000000.0,86000000.0,1,86,86.0,86,86,0.0,0.0,0,0,0,0,0,0,,0,0,1,0,86,0,benign
65400.0,5355.0,17,0.4081721305847168,4.899893574642026,352.7923373742259,2,144,72.0,72,72,0.0,0.4093165397644043,0,0,0,0,0,0,,0,0,2,0,144,0,benign
137.0,137.0,17,2.2636959552764893,5.301065265425327,583.1171791967859,12,1320,110.0,110,110,0.0,0.206367861140858,0,0,0,0,0,0,,0,0,12,0,1320,0,benign
55010.0,5355.0,17,0.424173355102539,4.71505335245898,353.62900143442346,2,150,75.0,75,75,0.0,0.4223730564117431,0,0,0,0,0,0,,0,0,2,0,150,0,benign
41050.0,53.0,17,1e-06,1000000.0,87000000.0,1,87,87.0,87,87,0.0,0.0,0,0,0,0,0,0,,0,0,1,0,87,0,benign
35774.0,53.0,17,1e-06,1000000.0,87000000.0,1,87,87.0,87,87,0.0,0.0,0,0,0,0,0,0,,0,0,1,0,87,0,benign
53.0,41050.0,17,1e-06,1000000.0,182000000.0,1,182,182.0,182,182,0.0,0.0,0,0,0,0,0,0,,0,0,1,0,182,0,benign
5353.0,5353.0,17,0.2439374923706054,12.298232513771223,3111.4528259841195,3,759,253.0,93,365,142.21111067704942,0.1222244501113891,0,0,0,0,0,0,,0,0,3,0,759,0,benign
53.0,35774.0,17,1e-06,1000000.0,306000000.0,1,306,306.0,306,306,0.0,0.0,0,0,0,0,0,0,,0,0,1,0,306,0,benign
42771.0,53.0,17,1e-06,1000000.0,92000000.0,1,92,92.0,92,92,0.0,0.0,0,0,0,0,0,0,,0,0,1,0,92,0,benign
55384.0,53.0,17,1e-06,1000000.0,92000000.0,1,92,92.0,92,92,0.0,0.0,0,0,0,0,0,0,,0,0,1,0,92,0,benign
53.0,55384.0,17,1e-06,1000000.0,346000000.0,1,346,346.0,346,346,0.0,0.0,0,0,0,0,0,0,,0,0,1,0,346,0,benign
53.0,42771.0,17,1e-06,1000000.0,334000000.0,1,334,334.0,334,334,0.0,0.0,0,0,0,0,0,0,,0,0,1,0,334,0,benign
5353.0,5353.0,17,10.05053162574768,4.07938619833455,318.19212347009494,41,3198,78.0,70,81,4.631414470763764,0.25056973695755,0,0,0,0,0,0,,0,0,41,0,3198,0,benign
5353.0,5353.0,17,10.038137435913086,3.984802983160345,310.6153925373489,40,3118,77.95,70,81,4.50612119290285,0.2567852827218863,0,0,0,0,0,0,,0,0,40,0,3118,0,benign
5353.0,5353.0,17,1e-06,1000000.0,128000000.0,1,128,128.0,128,128,0.0,0.0,0,0,0,0,0,0,,0,0,1,0,128,0,benign
39920.0,443.0,6,0.2984123229980469,30.15961241003745,4912.665754790545,9,1466,162.88888888888889,66,583,180.46983435220167,0.0362966656684875,1,0,1,0,3,8,64240.0,0,13,9,0,1466,0,benign
443.0,39920.0,6,0.2864999771118164,24.43281172503553,23326.35439405893,7,6683,954.7142857142856,66,2866,1164.6199257391106,0.0483291149139404,1,0,1,0,3,7,65535.0,0,12,7,0,6683,0,benign
54983.0,5355.0,17,0.4197010993957519,4.765296071131147,357.3972053348361,2,150,75.0,75,75,0.0,0.4173958301544189,0,0,0,0,0,0,,0,0,2,0,150,0,benign
50806.0,5355.0,17,0.4153022766113281,4.815769410943427,361.18270582075706,2,150,75.0,75,75,0.0,0.4158265590667724,0,0,0,0,0,0,,0,0,2,0,150,0,benign
64871.0,5355.0,17,0.4195067882537842,4.767503306263743,357.5627479697808,2,150,75.0,75,75,0.0,0.4237406253814697,0,0,0,0,0,0,,0,0,2,0,150,0,benign
57621.0,57621.0,17,3.0140092372894287,0.6635679729364892,57.06684567253807,2,172,86.0,86,86,0.0,3.012825727462769,0,0,0,0,0,0,,0,0,2,0,172,0,benign
50175.0,5355.0,17,0.4214882850646972,4.745090364001471,355.8817773001103,2,150,75.0,75,75,0.0,0.4152414798736572,0,0,0,0,0,0,,0,0,2,0,150,0,benign
57071.0,5355.0,17,0.4041948318481445,4.948108789157891,371.1081591868419,2,150,75.0,75,75,0.0,0.4053552150726318,0,0,0,0,0,0,,0,0,2,0,150,0,benign
137.0,137.0,17,14.805354356765749,1.350862635102037,124.2793624293874,20,1840,92.0,92,92,0.0,0.7800091442308927,0,0,0,0,0,0,,0,0,20,0,1840,0,benign
57096.0,443.0,6,0.3061435222625732,78.3946033632411,8966.3827596707,24,2745,114.375,66,583,127.2067172481213,0.0135102168373439,1,0,1,0,4,23,64240.0,0,29,24,0,2745,0,benign
443.0,57096.0,6,0.3153584003448486,82.44587736229208,166448.71340861823,26,52491,2018.8846153846157,66,2962,1296.160339677868,0.0129912567138671,1,0,1,0,21,26,65160.0,0,49,26,0,52491,0,benign
57096.0,443.0,6,0.026280403137207,76.10233334542947,4109.526000653192,2,108,54.0,54,54,0.0,0.0191750526428222,0,2,0,0,0,0,0.0,0,2,2,0,108,0,benign
5353.0,5353.0,17,15.031075477600098,1.1309902624954595,213.2914577388496,17,3206,188.58823529411765,83,310,113.66785980628462,0.9394160211086272,0,0,0,0,0,0,,0,0,17,0,3206,0,benign
5353.0,5353.0,17,1e-06,1000000.0,87000000.0,1,87,87.0,87,87,0.0,0.0,0,0,0,0,0,0,,0,0,1,0,87,0,benign
58989.0,5355.0,17,0.4265284538269043,4.689018943649769,351.6764207737327,2,150,75.0,75,75,0.0,0.4220423698425293,0,0,0,0,0,0,,0,0,2,0,150,0,benign
51253.0,5355.0,17,0.4168617725372314,4.79775343233559,359.8315074251692,2,150,75.0,75,75,0.0,0.4173977375030517,0,0,0,0,0,0,,0,0,2,0,150,0,benign
61312.0,3702.0,17,7.001927137374878,0.9997247704329012,693.8089906804333,7,4858,694.0,694,694,0.0,1.167387048403422,0,0,0,0,0,0,,0,0,7,0,4858,0,benign
5353.0,5353.0,17,1e-06,1000000.0,87000000.0,1,87,87.0,87,87,0.0,0.0,0,0,0,0,0,0,,0,0,1,0,87,0,benign
60642.0,1900.0,17,1e-06,1000000.0,167000000.0,1,167,167.0,167,167,0.0,0.0,0,0,0,0,0,0,,0,0,1,0,167,0,benign
137.0,137.0,17,1.5143005847930908,1.9811126206557663,182.2623611003305,3,276,92.0,92,92,0.0,0.7596864700317383,0,0,0,0,0,0,,0,0,3,0,276,0,benign
5353.0,5353.0,17,1.0047767162322998,1.9904919846267703,161.22985075476842,2,162,81.0,81,81,0.0,1.008433818817139,0,0,0,0,0,0,,0,0,2,0,162,0,benign
61570.0,5355.0,17,0.4129683971405029,4.842985598531276,363.22391988984566,2,150,75.0,75,75,0.0,0.4153974056243896,0,0,0,0,0,0,,0,0,2,0,150,0,benign
57108.0,443.0,6,0.1601297855377197,149.87842467538076,15306.33411997326,24,2451,102.125,66,583,116.29733725315432,0.0069807094076405,1,0,1,0,3,23,64240.0,0,28,24,0,2451,0,benign
443.0,57108.0,6,0.1429393291473388,174.8993796817846,350029.62654474913,25,50033,2001.32,66,2962,1332.587324218067,0.0065575341383616,1,0,1,0,20,25,65160.0,0,47,25,0,50033,0,benign
57108.0,443.0,6,0.0002331733703613,8577.308793456034,463174.67484662577,2,108,54.0,54,54,0.0,0.0003740787506103,0,2,0,0,0,0,0.0,0,2,2,0,108,0,benign
56359.0,1900.0,17,1e-06,1000000.0,167000000.0,1,167,167.0,167,167,0.0,0.0,0,0,0,0,0,0,,0,0,1,0,167,0,benign
5353.0,5353.0,17,9.999662160873411,0.20000675701081,17.20058110292966,2,172,86.0,86,86,0.0,10.018390417099,0,0,0,0,0,0,,0,0,2,0,172,0,benign
5353.0,5353.0,17,0.0070080757141113,285.3850445669184,27682.34932299109,2,194,97.0,91,103,8.48528137423857,0.0044460296630859,0,0,0,0,0,0,,0,0,2,0,194,0,benign
5353.0,5353.0,17,1e-06,1000000.0,91000000.0,1,91,91.0,91,91,0.0,0.0,0,0,0,0,0,0,,0,0,1,0,91,0,benign
5353.0,5353.0,17,1e-06,1000000.0,136000000.0,1,136,136.0,136,136,0.0,0.0,0,0,0,0,0,0,,0,0,1,0,136,0,benign
5353.0,5353.0,17,14.25525951385498,2.1746359629490057,176.56641028202088,31,2517,81.19354838709677,81,87,1.0776318121606494,0.4752389669418335,0,0,0,0,0,0,,0,0,31,0,2517,0,benign
64315.0,5355.0,17,0.4174273014068603,4.791253454815666,359.34400911117496,2,150,75.0,75,75,0.0,0.4188849925994873,0,0,0,0,0,0,,0,0,2,0,150,0,benign
54674.0,5355.0,17,0.4174914360046386,4.790517427470724,359.2888070603043,2,150,75.0,75,75,0.0,0.4188847541809082,0,0,0,0,0,0,,0,0,2,0,150,0,benign
60645.0,5355.0,17,0.4156661033630371,4.811554235042417,360.8665676281812,2,150,75.0,75,75,0.0,0.4161171913146972,0,0,0,0,0,0,,0,0,2,0,150,0,benign
49680.0,1900.0,17,1e-06,1000000.0,167000000.0,1,167,167.0,167,167,0.0,0.0,0,0,0,0,0,0,,0,0,1,0,167,0,benign
443.0,50956.0,6,0.943279266357422,2.1202628652310183,139.9373491052472,2,132,66.0,66,66,0.0,0.9359824657440186,0,0,1,0,0,2,1046.0,0,3,2,0,132,0,benign
49925.0,21027.0,17,1e-06,1000000.0,343000000.0,1,343,343.0,343,343,0.0,0.0,0,0,0,0,0,0,,0,0,1,0,343,0,benign
49232.0,53.0,17,1e-06,1000000.0,88000000.0,1,88,88.0,88,88,0.0,0.0,0,0,0,0,0,0,,0,0,1,0,88,0,benign
52627.0,53.0,17,1e-06,1000000.0,88000000.0,1,88,88.0,88,88,0.0,0.0,0,0,0,0,0,0,,0,0,1,0,88,0,benign
53.0,49232.0,17,1e-06,1000000.0,255000000.0,1,255,255.0,255,255,0.0,0.0,0,0,0,0,0,0,,0,0,1,0,255,0,benign
53.0,52627.0,17,1e-06,1000000.0,379000000.0,1,379,379.0,379,379,0.0,0.0,0,0,0,0,0,0,,0,0,1,0,379,0,benign
45770.0,443.0,6,1e-06,1000000.0,66000000.0,1,66,66.0,66,66,0.0,0.0,0,1,0,0,0,1,501.0,0,2,1,0,66,0,benign
38038.0,443.0,6,1e-06,1000000.0,66000000.0,1,66,66.0,66,66,0.0,0.0,0,1,0,0,0,1,501.0,0,2,1,0,66,0,benign
36272.0,443.0,6,1e-06,1000000.0,66000000.0,1,66,66.0,66,66,0.0,0.0,0,1,0,0,0,1,501.0,0,2,1,0,66,0,benign
36276.0,443.0,6,1e-06,1000000.0,66000000.0,1,66,66.0,66,66,0.0,0.0,0,1,0,0,0,1,501.0,0,2,1,0,66,0,benign
56582.0,443.0,6,1e-06,1000000.0,66000000.0,1,66,66.0,66,66,0.0,0.0,0,1,0,0,0,1,501.0,0,2,1,0,66,0,benign
52036.0,443.0,6,1e-06,1000000.0,66000000.0,1,66,66.0,66,66,0.0,0.0,0,1,0,0,0,1,6280.0,0,2,1,0,66,0,benign
48178.0,443.0,6,1e-06,1000000.0,66000000.0,1,66,66.0,66,66,0.0,0.0,0,1,0,0,0,1,501.0,0,2,1,0,66,0,benign
55008.0,443.0,6,1e-06,1000000.0,66000000.0,1,66,66.0,66,66,0.0,0.0,0,1,0,0,0,1,6006.0,0,2,1,0,66,0,benign
57356.0,443.0,6,0.0585277080535888,34.17184896713825,2255.3420318311246,2,132,66.0,66,66,0.0,0.0385646820068359,0,0,1,0,0,2,501.0,0,3,2,0,132,0,benign
47320.0,443.0,6,0.1176533699035644,16.99908809785318,1121.93981445831,2,132,66.0,66,66,0.0,0.1168253421783447,0,0,1,0,0,2,6877.0,0,3,2,0,132,0,benign
51994.0,443.0,6,0.0556046962738037,35.968184956029205,2373.900207097928,2,132,66.0,66,66,0.0,0.0359127521514892,0,0,1,0,0,2,2551.0,0,3,2,0,132,0,benign
38174.0,443.0,6,0.0535359382629394,37.35808253097361,2465.633447044258,2,132,66.0,66,66,0.0,0.0324087142944335,0,0,1,0,0,2,501.0,0,3,2,0,132,0,benign
443.0,38174.0,6,1e-06,1000000.0,66000000.0,1,66,66.0,66,66,0.0,0.0,0,0,1,0,0,1,135.0,0,2,1,0,66,0,benign
52314.0,443.0,6,1e-06,1000000.0,54000000.0,1,54,54.0,54,54,0.0,0.0,0,1,0,0,0,0,0.0,0,1,1,0,54,0,benign
443.0,57356.0,6,1e-06,1000000.0,66000000.0,1,66,66.0,66,66,0.0,0.0,0,0,1,0,0,1,1050.0,0,2,1,0,66,0,benign
443.0,51994.0,6,1e-06,1000000.0,66000000.0,1,66,66.0,66,66,0.0,0.0,0,0,1,0,0,1,1046.0,0,2,1,0,66,0,benign
34528.0,443.0,6,1e-06,1000000.0,54000000.0,1,54,54.0,54,54,0.0,0.0,0,1,0,0,0,0,0.0,0,1,1,0,54,0,benign
57718.0,443.0,6,1e-06,1000000.0,54000000.0,1,54,54.0,54,54,0.0,0.0,0,1,0,0,0,0,0.0,0,1,1,0,54,0,benign
54362.0,443.0,6,1e-06,1000000.0,66000000.0,1,66,66.0,66,66,0.0,0.0,0,0,0,0,0,1,2557.0,0,1,1,0,66,0,benign
443.0,47320.0,6,1e-06,1000000.0,66000000.0,1,66,66.0,66,66,0.0,0.0,0,0,1,0,0,1,76.0,0,2,1,0,66,0,benign
5353.0,5353.0,17,6.9320337772369385,1.1540624666703148,179.31245575890014,8,1243,155.375,85,312,93.25071811289942,0.990128653390067,0,0,0,0,0,0,,0,0,8,0,1243,0,benign
59325.0,5355.0,17,0.4205658435821533,4.755497933367763,356.66234500258224,2,150,75.0,75,75,0.0,0.4157853126525879,0,0,0,0,0,0,,0,0,2,0,150,0,benign
5353.0,5353.0,17,1e-06,1000000.0,87000000.0,1,87,87.0,87,87,0.0,0.0,0,0,0,0,0,0,,0,0,1,0,87,0,benign
5353.0,5353.0,17,0.7732579708099365,7.759376852870197,1866.1301331152824,6,1443,240.5,93,431,163.28594550664795,0.1549761295318603,0,0,0,0,0,0,,0,0,6,0,1443,0,benign
37193.0,53.0,17,1e-06,1000000.0,90000000.0,1,90,90.0,90,90,0.0,0.0,0,0,0,0,0,0,,0,0,1,0,90,0,benign
58236.0,53.0,17,1e-06,1000000.0,90000000.0,1,90,90.0,90,90,0.0,0.0,0,0,0,0,0,0,,0,0,1,0,90,0,benign
53.0,37193.0,17,1e-06,1000000.0,106000000.0,1,106,106.0,106,106,0.0,0.0,0,0,0,0,0,0,,0,0,1,0,106,0,benign
53.0,58236.0,17,1e-06,1000000.0,155000000.0,1,155,155.0,155,155,0.0,0.0,0,0,0,0,0,0,,0,0,1,0,155,0,benign
49167.0,1900.0,17,1e-06,1000000.0,167000000.0,1,167,167.0,167,167,0.0,0.0,0,0,0,0,0,0,,0,0,1,0,167,0,benign
60412.0,443.0,6,2.3564696311950684,12.730908814974072,1466.6006954850134,30,3456,115.2,66,583,142.4871198050716,0.0810598833807583,1,0,1,0,4,29,64240.0,0,35,30,0,3456,0,benign
443.0,60412.0,6,2.3564891815185547,14.0038835140055,27862.21151148664,33,65657,1989.6060606060605,66,2962,1222.2666172779657,0.073606826364994,1,0,1,0,27,33,65160.0,0,62,33,0,65657,0,benign
60412.0,443.0,6,0.000201940536499,9903.905548996458,534810.8996458087,2,108,54.0,54,54,0.0,6.341934204101562e-05,0,2,0,0,0,0,0.0,0,2,2,0,108,0,benign
39920.0,443.0,6,1e-06,1000000.0,66000000.0,1,66,66.0,66,66,0.0,0.0,0,0,0,0,0,1,501.0,0,1,1,0,66,0,benign
17500.0,17500.0,17,0.0030112266540527,1328.3623119556612,233791.76690419635,4,704,176.0,176,176,0.0,3.178914388020833e-07,0,0,0,0,0,0,,0,0,4,0,704,0,benign
17500.0,17500.0,17,1e-06,1000000.0,176000000.0,1,176,176.0,176,176,0.0,0.0,0,0,0,0,0,0,,0,0,1,0,176,0,benign
56014.0,5355.0,17,0.3972465991973877,5.034656065126491,377.5992048844868,2,150,75.0,75,75,0.0,0.4136362075805664,0,0,0,0,0,0,,0,0,2,0,150,0,benign
64276.0,1900.0,17,3.022845268249512,1.3232566158824084,280.5304025670706,4,848,212.0,212,212,0.0,1.0089641412099202,0,0,0,0,0,0,,0,0,4,0,848,0,benign
60113.0,1900.0,17,0.0279896259307861,285.82018279853827,102537.99057897562,8,2870,358.75,322,396,34.84967718645325,0.0039936474391392,0,0,0,0,0,0,,0,0,8,0,2870,0,benign
5353.0,5353.0,17,1e-06,1000000.0,87000000.0,1,87,87.0,87,87,0.0,0.0,0,0,0,0,0,0,,0,0,1,0,87,0,benign
51176.0,1900.0,17,1e-06,1000000.0,167000000.0,1,167,167.0,167,167,0.0,0.0,0,0,0,0,0,0,,0,0,1,0,167,0,benign
59525.0,5355.0,17,0.414135217666626,4.829340550336815,362.2005412752611,2,150,75.0,75,75,0.0,0.4144754409790039,0,0,0,0,0,0,,0,0,2,0,150,0,benign
5353.0,5353.0,17,10.877152442932127,0.4596791325885069,40.359827841270906,5,439,87.8,75,139,28.621670111997307,2.719239592552185,0,0,0,0,0,0,,0,0,5,0,439,0,benign
63574.0,1900.0,17,3.019554853439331,1.3246985711963215,280.8360970936202,4,848,212.0,212,212,0.0,1.006947120030721,0,0,0,0,0,0,,0,0,4,0,848,0,benign
5353.0,5353.0,17,10.05437684059143,4.873499449729961,383.4151097695714,49,3855,78.6734693877551,72,81,3.262078549419838,0.2088719606399536,0,0,0,0,0,0,,0,0,49,0,3855,0,benign
5353.0,5353.0,17,10.04261040687561,4.879209489840655,383.7647627315487,49,3854,78.65306122448979,72,81,3.443296751226476,0.2087413767973581,0,0,0,0,0,0,,0,0,49,0,3854,0,benign
57686.0,5355.0,17,1e-06,1000000.0,69000000.0,1,69,69.0,69,69,0.0,0.0,0,0,0,0,0,0,,0,0,1,0,69,0,benign
52972.0,5355.0,17,1e-06,1000000.0,69000000.0,1,69,69.0,69,69,0.0,0.0,0,0,0,0,0,0,,0,0,1,0,69,0,benign
5353.0,5353.0,17,1e-06,1000000.0,139000000.0,1,139,139.0,139,139,0.0,0.0,0,0,0,0,0,0,,0,0,1,0,139,0,benign
5353.0,5353.0,17,1e-06,1000000.0,139000000.0,1,139,139.0,139,139,0.0,0.0,0,0,0,0,0,0,,0,0,1,0,139,0,benign
17500.0,17500.0,17,1e-06,1000000.0,176000000.0,1,176,176.0,176,176,0.0,0.0,0,0,0,0,0,0,,0,0,1,0,176,0,benign
57621.0,57621.0,17,1e-06,1000000.0,86000000.0,1,86,86.0,86,86,0.0,0.0,0,0,0,0,0,0,,0,0,1,0,86,0,benign
137.0,137.0,17,3.014284372329712,1.6587685109933896,152.60670301139183,5,460,92.0,92,92,0.0,0.7525368332862854,0,0,0,0,0,0,,0,0,5,0,460,0,benign
60452.0,53.0,17,1e-06,1000000.0,90000000.0,1,90,90.0,90,90,0.0,0.0,0,0,0,0,0,0,,0,0,1,0,90,0,benign
42491.0,53.0,17,1e-06,1000000.0,90000000.0,1,90,90.0,90,90,0.0,0.0,0,0,0,0,0,0,,0,0,1,0,90,0,benign
53.0,60452.0,17,1e-06,1000000.0,295000000.0,1,295,295.0,295,295,0.0,0.0,0,0,0,0,0,0,,0,0,1,0,295,0,benign
53.0,42491.0,17,1e-06,1000000.0,335000000.0,1,335,335.0,335,335,0.0,0.0,0,0,0,0,0,0,,0,0,1,0,335,0,benign
137.0,137.0,17,14.058532238006592,1.1380988946160924,104.70509830468048,16,1472,92.0,92,92,0.0,0.93726274172465,0,0,0,0,0,0,,0,0,16,0,1472,0,benign
35698.0,443.0,6,1.272430658340454,19.64743605958522,2362.407711804527,25,3006,120.24,66,583,142.88931613898453,0.05287566781044,1,0,1,0,4,24,64240.0,0,30,25,0,3006,0,benign
443.0,35698.0,6,1.2529261112213137,21.5495548845105,35551.1786378056,27,44543,1649.7407407407406,66,2962,1276.578015712095,0.0482163887757521,1,0,1,0,22,27,65160.0,0,51,27,0,44543,0,benign
35698.0,443.0,6,0.0032956600189208,606.858713737973,32770.37054185054,2,108,54.0,54,54,0.0,6.723403930664062e-05,0,2,0,0,0,0,0.0,0,2,2,0,108,0,benign
5353.0,5353.0,17,15.02465009689331,1.0649166467649296,207.6587461191613,16,3120,195.0,83,310,114.17647159842814,1.0009637037913004,0,0,0,0,0,0,,0,0,16,0,3120,0,benign
64710.0,5355.0,17,0.4098124504089355,4.880281206694134,366.0210905020601,2,150,75.0,75,75,0.0,0.4135808944702148,0,0,0,0,0,0,,0,0,2,0,150,0,benign
64679.0,5355.0,17,0.4100730419158935,4.877179905940275,336.52541350987894,2,138,69.0,69,69,0.0,0.4104125499725342,0,0,0,0,0,0,,0,0,2,0,138,0,benign
53534.0,5355.0,17,0.4100570678710937,4.877369899715333,336.53852308035795,2,138,69.0,69,69,0.0,0.4104940891265869,0,0,0,0,0,0,,0,0,2,0,138,0,benign
5353.0,5353.0,17,0.7795252799987793,7.696992200188037,1766.4597099431546,6,1377,229.5,93,409,151.37205818776462,0.1532021522521972,0,0,0,0,0,0,,0,0,6,0,1377,0,benign
5353.0,5353.0,17,6.826611757278442,1.0253988726598804,223.2439831333797,7,1524,217.7142857142857,84,417,153.8665160517543,1.1362916231155396,0,0,0,0,0,0,,0,0,7,0,1524,0,benign
60345.0,1900.0,17,3.0500779151916504,1.3114419077876776,278.0256844509876,4,848,212.0,212,212,0.0,1.015668551127116,0,0,0,0,0,0,,0,0,4,0,848,0,benign
5353.0,5353.0,17,0.7713909149169922,7.778157460728777,2298.4455296453534,6,1773,295.5,93,541,223.07465118206505,0.1505229949951171,0,0,0,0,0,0,,0,0,6,0,1773,0,benign
50925.0,5355.0,17,0.4186248779296875,4.777546929105157,358.3160196828868,2,150,75.0,75,75,0.0,0.4207460880279541,0,0,0,0,0,0,,0,0,2,0,150,0,benign
5353.0,5353.0,17,0.7972691059112549,7.525689827328978,1967.967889846528,6,1569,261.5,93,473,186.07928417747095,0.1595817565917968,0,0,0,0,0,0,,0,0,6,0,1569,0,benign
57621.0,57621.0,17,1e-06,1000000.0,86000000.0,1,86,86.0,86,86,0.0,0.0,0,0,0,0,0,0,,0,0,1,0,86,0,benign
58796.0,1900.0,17,1e-06,1000000.0,167000000.0,1,167,167.0,167,167,0.0,0.0,0,0,0,0,0,0,,0,0,1,0,167,0,benign
5353.0,5353.0,17,14.61324143409729,2.32665696747248,188.4592143652709,34,2754,81.0,81,81,0.0,0.442973079103412,0,0,0,0,0,0,,0,0,34,0,2754,0,benign
5353.0,5353.0,17,0.7888195514678955,7.606302339787018,1138.4099168547905,6,898,149.66666666666666,82,253,76.65681096071415,0.1558704853057861,0,0,0,0,0,0,,0,0,6,0,898,0,benign
56818.0,443.0,6,0.2984876632690429,36.85244435072383,8130.989312655158,11,2427,220.63636363636363,54,753,270.1574625018797,0.0302395105361938,1,0,1,0,4,10,64240.0,0,16,11,0,2427,0,benign
60776.0,443.0,6,0.8449802398681641,13.018055903551364,2062.770130899093,11,1743,158.45454545454547,66,583,186.94136173483045,0.0850407838821411,1,0,1,0,3,10,64240.0,0,15,11,0,1743,0,benign
443.0,60776.0,6,0.8699116706848145,11.495419979970803,8087.027955909461,10,7035,703.5,66,2962,950.4020494272704,0.0961749288770887,1,0,1,0,7,10,65160.0,0,19,10,0,7035,0,benign
443.0,56818.0,6,0.3234786987304687,21.639755654614497,66424.77567867166,7,21487,3069.5714285714284,60,17094,6344.225428349334,0.0515847206115722,1,0,1,0,4,7,65535.0,0,13,7,0,21487,0,benign
60776.0,443.0,6,0.0006265640258789,3192.0121765601216,172368.65753424657,2,108,54.0,54,54,0.0,0.002018928527832,0,2,0,0,0,0,0.0,0,2,2,0,108,0,benign
5353.0,5353.0,17,1e-06,1000000.0,87000000.0,1,87,87.0,87,87,0.0,0.0,0,0,0,0,0,0,,0,0,1,0,87,0,benign
137.0,137.0,17,13.481898307800291,1.7801647403106573,163.7751561085805,24,2208,92.0,92,92,0.0,0.5862141277479089,0,0,0,0,0,0,,0,0,24,0,2208,0,benign
5353.0,5353.0,17,12.97263479232788,1.233365484817512,99.90260427021846,16,1296,81.0,81,81,0.0,0.8647960186004638,0,0,0,0,0,0,,0,0,16,0,1296,0,benign
60825.0,5355.0,17,0.4154250621795654,4.814346032728063,361.0759524546048,2,150,75.0,75,75,0.0,0.4139342308044433,0,0,0,0,0,0,,0,0,2,0,150,0,benign
34981.0,53.0,17,1e-06,1000000.0,98000000.0,1,98,98.0,98,98,0.0,0.0,0,0,0,0,0,0,,0,0,1,0,98,0,benign
33674.0,53.0,17,1e-06,1000000.0,98000000.0,1,98,98.0,98,98,0.0,0.0,0,0,0,0,0,0,,0,0,1,0,98,0,benign
53.0,33674.0,17,1e-06,1000000.0,276000000.0,1,276,276.0,276,276,0.0,0.0,0,0,0,0,0,0,,0,0,1,0,276,0,benign
53.0,34981.0,17,1e-06,1000000.0,236000000.0,1,236,236.0,236,236,0.0,0.0,0,0,0,0,0,0,,0,0,1,0,236,0,benign
57621.0,57621.0,17,1e-06,1000000.0,86000000.0,1,86,86.0,86,86,0.0,0.0,0,0,0,0,0,0,,0,0,1,0,86,0,benign
63755.0,5355.0,17,0.4074900150299072,4.9080957231632105,368.1071792372408,2,150,75.0,75,75,0.0,0.4122629165649414,0,0,0,0,0,0,,0,0,2,0,150,0,benign
57621.0,57621.0,17,1e-06,1000000.0,86000000.0,1,86,86.0,86,86,0.0,0.0,0,0,0,0,0,0,,0,0,1,0,86,0,benign
53799.0,1900.0,17,1e-06,1000000.0,167000000.0,1,167,167.0,167,167,0.0,0.0,0,0,0,0,0,0,,0,0,1,0,167,0,benign
5353.0,5353.0,17,10.892429113388062,1.652523951510128,270.18766607190594,18,2943,163.5,92,563,164.55081460823976,0.6403081136591294,0,0,0,0,0,0,,0,0,18,0,2943,0,benign
57621.0,57621.0,17,1e-06,1000000.0,86000000.0,1,86,86.0,86,86,0.0,0.0,0,0,0,0,0,0,,0,0,1,0,86,0,benign
57621.0,57621.0,17,1e-06,1000000.0,86000000.0,1,86,86.0,86,86,0.0,0.0,0,0,0,0,0,0,,0,0,1,0,86,0,benign
57621.0,57621.0,17,1e-06,1000000.0,86000000.0,1,86,86.0,86,86,0.0,0.0,0,0,0,0,0,0,,0,0,1,0,86,0,benign
5353.0,5353.0,17,1e-06,1000000.0,86000000.0,1,86,86.0,86,86,0.0,0.0,0,0,0,0,0,0,,0,0,1,0,86,0,benign
5353.0,5353.0,17,1e-06,1000000.0,83000000.0,1,83,83.0,83,83,0.0,0.0,0,0,0,0,0,0,,0,0,1,0,83,0,benign
5353.0,5353.0,17,1e-06,1000000.0,132000000.0,1,132,132.0,132,132,0.0,0.0,0,0,0,0,0,0,,0,0,1,0,132,0,benign
5353.0,5353.0,17,1e-06,1000000.0,139000000.0,1,139,139.0,139,139,0.0,0.0,0,0,0,0,0,0,,0,0,1,0,139,0,benign
5353.0,5353.0,17,1e-06,1000000.0,132000000.0,1,132,132.0,132,132,0.0,0.0,0,0,0,0,0,0,,0,0,1,0,132,0,benign
5353.0,5353.0,17,1e-06,1000000.0,133000000.0,1,133,133.0,133,133,0.0,0.0,0,0,0,0,0,0,,0,0,1,0,133,0,benign
5353.0,5353.0,17,1e-06,1000000.0,139000000.0,1,139,139.0,139,139,0.0,0.0,0,0,0,0,0,0,,0,0,1,0,139,0,benign
61393.0,5355.0,17,0.4249820709228515,4.706080883969966,352.95606629774744,2,150,75.0,75,75,0.0,0.4176003932952881,0,0,0,0,0,0,,0,0,2,0,150,0,benign
51838.0,5355.0,17,0.4155423641204834,4.812987008516212,360.974025638716,2,150,75.0,75,75,0.0,0.4154775142669678,0,0,0,0,0,0,,0,0,2,0,150,0,benign
56703.0,5355.0,17,0.4203240871429443,4.758233137659412,356.86748532445586,2,150,75.0,75,75,0.0,0.4199814796447754,0,0,0,0,0,0,,0,0,2,0,150,0,benign
60778.0,443.0,6,0.5297441482543945,24.540148376980504,3280.829067630163,13,1738,133.69230769230768,66,583,155.40505387287368,0.0424992044766744,1,0,1,0,3,12,64240.0,0,17,13,0,1738,0,benign
443.0,60778.0,6,0.5213205814361572,23.01846584867581,23242.895890700394,12,12117,1009.75,66,2962,1125.6888900902982,0.0470423698425293,1,0,1,0,9,12,65160.0,0,23,12,0,12117,0,benign
60778.0,443.0,6,0.0006334781646728,3157.172751223184,170487.32856605193,2,108,54.0,54,54,0.0,0.0001063346862792,0,2,0,0,0,0,0.0,0,2,2,0,108,0,benign
61308.0,5355.0,17,0.4045314788818359,4.943991022721379,355.9673536359393,2,144,72.0,72,72,0.0,0.4032816886901855,0,0,0,0,0,0,,0,0,2,0,144,0,benign
5353.0,5353.0,17,1.0113699436187744,1.977515757333876,177.97641816004884,2,180,90.0,90,90,0.0,1.006253004074097,0,0,0,0,0,0,,0,0,2,0,180,0,benign
61311.0,1900.0,17,3.0779683589935303,1.2995585183039264,232.6209747764028,4,716,179.0,179,179,0.0,1.0258195400238037,0,0,0,0,0,0,,0,0,4,0,716,0,benign
57156.0,5355.0,17,0.4318304061889648,4.631447835391238,347.3585876543428,2,150,75.0,75,75,0.0,0.4293720722198486,0,0,0,0,0,0,,0,0,2,0,150,0,benign
60608.0,5355.0,17,0.4257173538208008,4.697952719216303,352.3464539412227,2,150,75.0,75,75,0.0,0.4200494289398193,0,0,0,0,0,0,,0,0,2,0,150,0,benign
63596.0,5355.0,17,0.4194834232330322,4.767768853857561,343.2793574777443,2,144,72.0,72,72,0.0,0.4211747646331787,0,0,0,0,0,0,,0,0,2,0,144,0,benign
51081.0,1900.0,17,3.0307037830352783,1.3198254551931046,279.8029965009381,4,848,212.0,212,212,0.0,1.0097215970357258,0,0,0,0,0,0,,0,0,4,0,848,0,benign
63101.0,5355.0,17,0.4228849411010742,4.729418822038351,340.5181551867613,2,144,72.0,72,72,0.0,0.427086591720581,0,0,0,0,0,0,,0,0,2,0,144,0,benign
57621.0,57621.0,17,1e-06,1000000.0,86000000.0,1,86,86.0,86,86,0.0,0.0,0,0,0,0,0,0,,0,0,1,0,86,0,benign
57621.0,57621.0,17,1e-06,1000000.0,86000000.0,1,86,86.0,86,86,0.0,0.0,0,0,0,0,0,0,,0,0,1,0,86,0,benign
57621.0,57621.0,17,1e-06,1000000.0,86000000.0,1,86,86.0,86,86,0.0,0.0,0,0,0,0,0,0,,0,0,1,0,86,0,benign
53925.0,5355.0,17,0.3985180854797363,5.018592813905544,376.3944610429158,2,150,75.0,75,75,0.0,0.4036827087402344,0,0,0,0,0,0,,0,0,2,0,150,0,benign
50716.0,443.0,6,0.105994701385498,216.99197883816868,22746.420042557595,23,2411,104.82608695652172,66,583,120.98559349770574,0.0047935355793346,1,0,1,0,3,22,64240.0,0,27,23,0,2411,0,benign
60818.0,80.0,6,0.1285762786865234,38.88742193410571,4573.160819450832,5,588,117.6,66,316,110.9630569153536,0.0338243246078491,1,0,1,0,1,4,64240.0,0,7,5,0,588,0,benign
80.0,60818.0,6,0.1289000511169433,31.03179529673761,5283.163149269578,4,681,170.25,66,475,203.20166501942515,0.0449837843577067,1,0,1,0,1,4,65160.0,0,7,4,0,681,0,benign
443.0,50716.0,6,0.103738784790039,240.98990604717864,463307.9141738219,25,48063,1922.52,66,2962,1266.8983818759891,0.0043373604615529,1,0,1,0,20,25,65160.0,0,47,25,0,48063,0,benign
50716.0,443.0,6,0.0005929470062255,3372.982710092481,182141.066344994,2,108,54.0,54,54,0.0,6.270408630371094e-05,0,2,0,0,0,0,0.0,0,2,2,0,108,0,benign
51045.0,5355.0,17,0.3922278881072998,5.09907648242715,367.1335067347548,2,144,72.0,72,72,0.0,0.3952856063842773,0,0,0,0,0,0,,0,0,2,0,144,0,benign
137.0,137.0,17,2.2789535522460938,5.265574626640822,579.2132089304904,12,1320,110.0,110,110,0.0,0.2065874663266268,0,0,0,0,0,0,,0,0,12,0,1320,0,benign
443.0,50724.0,6,0.2861394882202148,38.44278910408313,24722.20819293492,11,7074,643.0909090909091,66,2962,969.1145912166894,0.0281763792037963,1,0,1,0,6,11,65160.0,0,19,11,0,7074,0,benign
50724.0,443.0,6,0.304511547088623,32.839477174537706,5142.6621255326045,10,1566,156.6,66,583,177.09708574049935,0.0335653887854682,1,0,1,0,3,9,64240.0,0,14,10,0,1566,0,benign
54135.0,5355.0,17,0.426311731338501,4.691402682540668,351.8552011905501,2,150,75.0,75,75,0.0,0.4259655475616455,0,0,0,0,0,0,,0,0,2,0,150,0,benign
137.0,137.0,17,14.82026982307434,1.956779488241746,180.02371291824062,29,2668,92.0,92,92,0.0,0.529363351208823,0,0,0,0,0,0,,0,0,29,0,2668,0,benign
5353.0,5353.0,17,14.989765167236328,1.9346533902603325,284.8610336693662,29,4270,147.24137931034485,70,310,108.58231083653077,0.5359963944980076,0,0,0,0,0,0,,0,0,29,0,4270,0,benign
443.0,50734.0,6,0.694331169128418,17.282819112187337,9792.15726198014,12,6799,566.5833333333334,66,2962,896.689006424426,0.0614938735961914,2,0,1,0,6,12,65160.0,0,21,12,0,6799,0,benign
50734.0,443.0,6,0.7216534614562988,15.242773141837311,2752.013405426264,11,1986,180.54545454545453,66,721,236.31562099715865,0.0715342760086059,1,0,1,0,3,10,64240.0,0,15,11,0,1986,0,benign
64605.0,1900.0,17,3.029128074645996,1.3205120092082825,279.9485459521558,4,848,212.0,212,212,0.0,1.011065165201823,0,0,0,0,0,0,,0,0,4,0,848,0,benign
60832.0,80.0,6,1.7392144203186035,3.449833401738281,392.70603556454097,6,683,113.83333333333331,66,345,113.2932772350887,0.3467233657836914,1,0,1,0,1,5,64240.0,0,8,6,0,683,0,benign
80.0,60832.0,6,1.7370848655700684,2.8783855637122966,504.2931507623944,5,876,175.2,66,442,164.3630128709011,0.4332436323165893,1,0,1,0,2,5,65160.0,0,9,5,0,876,0,benign
56298.0,5355.0,17,0.4295737743377685,4.655777702172816,349.18332766296123,2,150,75.0,75,75,0.0,0.4190118312835693,0,0,0,0,0,0,,0,0,2,0,150,0,benign
49300.0,5355.0,17,0.4317481517791748,4.632330194717163,347.4247646037872,2,150,75.0,75,75,0.0,0.426243782043457,0,0,0,0,0,0,,0,0,2,0,150,0,benign
63855.0,5355.0,17,0.431755781173706,4.632248338547088,347.4186253910316,2,150,75.0,75,75,0.0,0.4257600307464599,0,0,0,0,0,0,,0,0,2,0,150,0,benign
57621.0,57621.0,17,1e-06,1000000.0,86000000.0,1,86,86.0,86,86,0.0,0.0,0,0,0,0,0,0,,0,0,1,0,86,0,benign
59240.0,5355.0,17,0.4088978767395019,4.891196833663549,420.6429276950652,2,172,86.0,86,86,0.0,0.4099256992340088,0,0,0,0,0,0,,0,0,2,0,172,0,benign
51319.0,5355.0,17,0.4126477241516113,4.846749134778162,416.820425590922,2,172,86.0,86,86,0.0,0.4135777950286865,0,0,0,0,0,0,,0,0,2,0,172,0,benign
60211.0,5355.0,17,0.401024580001831,4.987225471293725,374.0419103470294,2,150,75.0,75,75,0.0,0.4070782661437988,0,0,0,0,0,0,,0,0,2,0,150,0,benign
5353.0,5353.0,17,1.016784429550171,1.9669852742383236,167.1937483102575,2,170,85.0,85,85,0.0,1.0150001049041748,0,0,0,0,0,0,,0,0,2,0,170,0,benign
59223.0,5355.0,17,0.4151461124420166,4.817580943334353,414.3119611267544,2,172,86.0,86,86,0.0,0.4175813198089599,0,0,0,0,0,0,,0,0,2,0,172,0,benign
5353.0,5353.0,17,1e-06,1000000.0,87000000.0,1,87,87.0,87,87,0.0,0.0,0,0,0,0,0,0,,0,0,1,0,87,0,benign
56903.0,1900.0,17,6.019861698150635,0.4983503193971436,89.2047071720887,3,537,179.0,179,179,0.0,3.0094932317733765,0,0,0,0,0,0,,0,0,3,0,537,0,benign
58930.0,5355.0,17,0.4088602066040039,4.891647481695555,366.8735611271666,2,150,75.0,75,75,0.0,0.4090135097503662,0,0,0,0,0,0,,0,0,2,0,150,0,benign
49933.0,3544.0,17,1e-06,1000000.0,82000000.0,1,82,82.0,82,82,0.0,0.0,0,0,0,0,0,0,,0,0,1,0,82,0,benign
5353.0,5353.0,17,10.036786794662476,3.3875383322958568,263.82945599763025,34,2648,77.88235294117646,70,82,4.551155070717583,0.3037777163765647,0,0,0,0,0,0,,0,0,34,0,2648,0,benign
5353.0,5353.0,17,10.025264501571655,3.09218774179376,240.4924079182179,31,2411,77.7741935483871,70,82,4.484861034037025,0.3338706811269124,0,0,0,0,0,0,,0,0,31,0,2411,0,benign
5353.0,5353.0,17,5.887016534805298,1.189057302389845,237.4717298201433,7,1398,199.7142857142857,87,387,136.6854226386441,0.9828152259190878,0,0,0,0,0,0,,0,0,7,0,1398,0,benign
5353.0,5353.0,17,1e-06,1000000.0,132000000.0,1,132,132.0,132,132,0.0,0.0,0,0,0,0,0,0,,0,0,1,0,132,0,benign
53304.0,5355.0,17,0.4130282402038574,4.842283905364109,363.17129290230815,2,150,75.0,75,75,0.0,0.4136006832122803,0,0,0,0,0,0,,0,0,2,0,150,0,benign
49167.0,5355.0,17,0.4126739501953125,4.846441116657423,363.48308374930673,2,150,75.0,75,75,0.0,0.4136800765991211,0,0,0,0,0,0,,0,0,2,0,150,0,benign
50528.0,1900.0,17,1e-06,1000000.0,167000000.0,1,167,167.0,167,167,0.0,0.0,0,0,0,0,0,0,,0,0,1,0,167,0,benign
64264.0,1900.0,17,3.033943891525269,1.3184159440697705,279.5041801427913,4,848,212.0,212,212,0.0,1.0111040274302163,0,0,0,0,0,0,,0,0,4,0,848,0,benign
49925.0,21027.0,17,1e-06,1000000.0,343000000.0,1,343,343.0,343,343,0.0,0.0,0,0,0,0,0,0,,0,0,1,0,343,0,benign
5353.0,5353.0,17,14.279701948165894,2.941237860037726,238.24026666305585,42,3402,81.0,81,81,0.0,0.3482858029807486,0,0,0,0,0,0,,0,0,42,0,3402,0,benign
50758.0,443.0,6,0.1136291027069091,211.2134957353728,21561.37768965264,24,2450,102.08333333333331,66,583,116.21304149919128,0.0049805744834568,1,0,1,0,3,23,64240.0,0,28,24,0,2450,0,benign
443.0,50758.0,6,0.1150734424591064,217.25256032802037,418080.82709524233,25,48110,1924.4,66,2962,1319.48209536924,0.0047867198785146,1,0,1,0,20,25,65160.0,0,47,25,0,48110,0,benign
50758.0,443.0,6,0.0002679824829101,7463.174377224199,403011.41637010674,2,108,54.0,54,54,0.0,0.0002334117889404,0,2,0,0,0,0,0.0,0,2,2,0,108,0,benign
55579.0,5355.0,17,0.439326524734497,4.552422600043741,341.4316950032806,2,150,75.0,75,75,0.0,0.4288573265075683,0,0,0,0,0,0,,0,0,2,0,150,0,benign
34798.0,53.0,17,1e-06,1000000.0,96000000.0,1,96,96.0,96,96,0.0,0.0,0,0,0,0,0,0,,0,0,1,0,96,0,benign
53.0,34798.0,17,1e-06,1000000.0,330000000.0,1,330,330.0,330,330,0.0,0.0,0,0,0,0,0,0,,0,0,1,0,330,0,benign
52830.0,53.0,17,1e-06,1000000.0,96000000.0,1,96,96.0,96,96,0.0,0.0,0,0,0,0,0,0,,0,0,1,0,96,0,benign
53.0,52830.0,17,1e-06,1000000.0,426000000.0,1,426,426.0,426,426,0.0,0.0,0,0,0,0,0,0,,0,0,1,0,426,0,benign
5353.0,5353.0,17,0.7732686996459961,7.759269194197064,1695.4003189320586,6,1311,218.5,93,387,139.48153999723405,0.1546725749969482,0,0,0,0,0,0,,0,0,6,0,1311,0,benign
137.0,137.0,17,1.5248548984527588,1.967400310051824,181.0008285247678,3,276,92.0,92,92,0.0,0.7581841945648193,0,0,0,0,0,0,,0,0,3,0,276,0,benign
56818.0,443.0,6,1e-06,1000000.0,54000000.0,1,54,54.0,54,54,0.0,0.0,0,0,0,0,0,1,501.0,0,1,1,0,54,0,benign
57621.0,57621.0,17,1e-06,1000000.0,86000000.0,1,86,86.0,86,86,0.0,0.0,0,0,0,0,0,0,,0,0,1,0,86,0,benign
55082.0,3702.0,17,6.880818605422974,1.017320816230077,710.0899297285938,7,4886,698.0,698,698,0.0,1.1449800332387288,0,0,0,0,0,0,,0,0,7,0,4886,0,benign
5353.0,5353.0,17,1e-06,1000000.0,87000000.0,1,87,87.0,87,87,0.0,0.0,0,0,0,0,0,0,,0,0,1,0,87,0,benign
58680.0,5355.0,17,0.3994381427764892,5.007033094280947,375.5274820710711,2,150,75.0,75,75,0.0,0.4031007289886474,0,0,0,0,0,0,,0,0,2,0,150,0,benign
50633.0,5355.0,17,0.3998615741729736,5.001730921848551,375.12981913864127,2,150,75.0,75,75,0.0,0.4031009674072265,0,0,0,0,0,0,,0,0,2,0,150,0,benign
56184.0,5355.0,17,0.4082741737365722,4.8986689059848425,367.4001679488632,2,150,75.0,75,75,0.0,0.4108388423919678,0,0,0,0,0,0,,0,0,2,0,150,0,benign
5353.0,5353.0,17,12.6652193069458,2.7634736637213586,452.3411605559904,35,5729,163.68571428571428,81,516,139.0018559818053,0.3723093832240385,0,0,0,0,0,0,,0,0,35,0,5729,0,benign
56211.0,5355.0,17,1e-06,1000000.0,75000000.0,1,75,75.0,75,75,0.0,0.0,0,0,0,0,0,0,,0,0,1,0,75,0,benign
36044.0,443.0,6,0.1265466213226318,181.75119777683577,18981.14682869389,23,2402,104.43478260869566,66,583,120.1547585737042,0.0058046904477206,1,0,1,0,3,22,64240.0,0,27,23,0,2402,0,benign
443.0,36044.0,6,0.1332664489746093,187.59410333476453,351311.2291970803,25,46818,1872.72,66,2962,1308.5570144246676,0.0055016676584879,1,0,1,0,20,25,65160.0,0,47,25,0,46818,0,benign
36044.0,443.0,6,0.0004856586456298,4118.118802160039,222378.4153166421,2,108,54.0,54,54,0.0,0.0004112720489501,0,2,0,0,0,0,0.0,0,2,2,0,108,0,benign
56218.0,6646.0,17,1e-06,1000000.0,212000000.0,1,212,212.0,212,212,0.0,0.0,0,0,0,0,0,0,,0,0,1,0,212,0,benign
62653.0,1900.0,17,1e-06,1000000.0,167000000.0,1,167,167.0,167,167,0.0,0.0,0,0,0,0,0,0,,0,0,1,0,167,0,benign
137.0,137.0,17,1.506227970123291,1.991730375153263,183.23919451410015,3,276,92.0,92,92,0.0,0.7588313817977905,0,0,0,0,0,0,,0,0,3,0,276,0,benign
58073.0,5355.0,17,0.4047145843505859,4.941754207373685,316.27226927191583,2,128,64.0,64,64,0.0,0.4158360958099365,0,0,0,0,0,0,,0,0,2,0,128,0,benign
61670.0,5355.0,17,0.4030139446258545,4.962607439940415,317.60687615618656,2,128,64.0,64,64,0.0,0.408017635345459,0,0,0,0,0,0,,0,0,2,0,128,0,benign
57808.0,5355.0,17,0.4274740219116211,4.678646882578267,350.89851619337,2,150,75.0,75,75,0.0,0.423135757446289,0,0,0,0,0,0,,0,0,2,0,150,0,benign
65336.0,1900.0,17,0.2802894115447998,35.67740909257166,13814.292800643743,10,3872,387.2,349,415,29.592791915149427,0.0307602882385253,0,0,0,0,0,0,,0,0,10,0,3872,0,benign
17500.0,17500.0,17,0.0066735744476318,599.378943231753,105490.69400878856,4,704,176.0,176,176,0.0,0.0011892318725585,0,0,0,0,0,0,,0,0,4,0,704,0,benign
17500.0,17500.0,17,1e-06,1000000.0,176000000.0,1,176,176.0,176,176,0.0,0.0,0,0,0,0,0,0,,0,0,1,0,176,0,benign
51548.0,5355.0,17,1e-06,1000000.0,75000000.0,1,75,75.0,75,75,0.0,0.0,0,0,0,0,0,0,,0,0,1,0,75,0,benign
5353.0,5353.0,17,11.61997652053833,1.462997792633442,134.7679143096453,17,1566,92.11764705882354,92,93,0.3321055820775357,0.7263713330030441,0,0,0,0,0,0,,0,0,17,0,1566,0,benign
62653.0,5355.0,17,1e-06,1000000.0,75000000.0,1,75,75.0,75,75,0.0,0.0,0,0,0,0,0,0,,0,0,1,0,75,0,benign
137.0,137.0,17,2.269798517227173,5.28681286419176,581.5494150610937,12,1320,110.0,110,110,0.0,0.2059087970040061,0,0,0,0,0,0,,0,0,12,0,1320,0,benign
65005.0,5355.0,17,0.4102427959442138,4.875161781687853,365.637133626589,2,150,75.0,75,75,0.0,0.415520429611206,0,0,0,0,0,0,,0,0,2,0,150,0,benign
5353.0,5353.0,17,0.7964115142822266,7.53379363859092,1804.343576442525,6,1437,239.5,93,429,162.20203451251774,0.1582978725433349,0,0,0,0,0,0,,0,0,6,0,1437,0,benign
80.0,54302.0,6,0.2329790592193603,17.168925024432426,2330.681572066702,4,543,135.75,66,337,134.21965827205292,0.0700474580128987,1,0,1,0,1,4,65160.0,0,7,4,0,543,0,benign
54302.0,80.0,6,0.2429451942443847,20.5807734355526,1753.4818967090814,5,426,85.2,66,154,38.61605883567094,0.0546669363975524,1,0,1,0,1,4,64240.0,0,7,5,0,426,0,benign
55755.0,3702.0,17,7.150147676467896,0.9790007586889355,679.4265265301214,7,4858,694.0,694,694,0.0,1.1921952962875366,0,0,0,0,0,0,,0,0,7,0,4858,0,benign
443.0,36054.0,6,0.2876665592193603,38.238716484288815,24521.446007288483,11,7054,641.2727272727273,66,2962,966.4014787767132,0.0282475471496582,1,0,1,0,6,11,65160.0,0,19,11,0,7054,0,benign
36054.0,443.0,6,0.3045759201049804,32.83253645446831,5105.459418669823,10,1555,155.5,66,583,175.6734660290696,0.0330868826972113,1,0,1,0,3,9,64240.0,0,14,10,0,1555,0,benign
443.0,36070.0,6,0.2768278121948242,39.73589182671604,24202.7704762725,11,6700,609.0909090909091,66,2962,923.5909759785936,0.0273729801177978,1,0,1,0,6,11,65160.0,0,19,11,0,6700,0,benign
36070.0,443.0,6,0.287799596786499,34.74640031347365,6633.08781984212,10,1909,190.9,66,710,243.23945677733565,0.0322823524475097,1,0,1,0,3,9,64240.0,0,14,10,0,1909,0,benign
56113.0,1900.0,17,1e-06,1000000.0,167000000.0,1,167,167.0,167,167,0.0,0.0,0,0,0,0,0,0,,0,0,1,0,167,0,benign
61295.0,5355.0,17,0.4186983108520508,4.776709024524129,358.2531768393097,2,150,75.0,75,75,0.0,0.4163267612457275,0,0,0,0,0,0,,0,0,2,0,150,0,benign
5353.0,5353.0,17,9.992355346679688,0.2001530100372752,17.213158863205667,2,172,86.0,86,86,0.0,10.004342317581177,0,0,0,0,0,0,,0,0,2,0,172,0,benign
5353.0,5353.0,17,1e-06,1000000.0,92000000.0,1,92,92.0,92,92,0.0,0.0,0,0,0,0,0,0,,0,0,1,0,92,0,benign
5353.0,5353.0,17,1e-06,1000000.0,108000000.0,1,108,108.0,108,108,0.0,0.0,0,0,0,0,0,0,,0,0,1,0,108,0,benign
57621.0,57621.0,17,1e-06,1000000.0,86000000.0,1,86,86.0,86,86,0.0,0.0,0,0,0,0,0,0,,0,0,1,0,86,0,benign
5353.0,5353.0,17,0.7915806770324707,7.579770671630328,1898.7325532433968,6,1503,250.5,93,451,174.13299515025864,0.1586421012878417,0,0,0,0,0,0,,0,0,6,0,1503,0,benign
50059.0,53.0,17,1e-06,1000000.0,84000000.0,1,84,84.0,84,84,0.0,0.0,0,0,0,0,0,0,,0,0,1,0,84,0,benign
59967.0,53.0,17,1e-06,1000000.0,84000000.0,1,84,84.0,84,84,0.0,0.0,0,0,0,0,0,0,,0,0,1,0,84,0,benign
53.0,50059.0,17,1e-06,1000000.0,214000000.0,1,214,214.0,214,214,0.0,0.0,0,0,0,0,0,0,,0,0,1,0,214,0,benign
53.0,59967.0,17,1e-06,1000000.0,254000000.0,1,254,254.0,254,254,0.0,0.0,0,0,0,0,0,0,,0,0,1,0,254,0,benign
17500.0,17500.0,17,1e-06,1000000.0,176000000.0,1,176,176.0,176,176,0.0,0.0,0,0,0,0,0,0,,0,0,1,0,176,0,benign
54088.0,1900.0,17,3.0330564975738525,1.3188016785047054,279.5859558429976,4,848,212.0,212,212,0.0,1.0109961032867432,0,0,0,0,0,0,,0,0,4,0,848,0,benign
60818.0,80.0,6,1e-06,1000000.0,66000000.0,1,66,66.0,66,66,0.0,0.0,0,0,0,0,0,1,501.0,0,1,1,0,66,0,benign
60594.0,1900.0,17,3.013486385345459,1.3273662092690852,281.4016363650461,4,848,212.0,212,212,0.0,1.0045111974080403,0,0,0,0,0,0,,0,0,4,0,848,0,benign
443.0,50724.0,6,1e-06,1000000.0,66000000.0,1,66,66.0,66,66,0.0,0.0,0,0,0,0,0,1,504.0,0,1,1,0,66,0,benign
5353.0,5353.0,17,5.203853368759155,1.345157041131067,228.86886228387152,7,1191,170.14285714285714,86,301,106.34445381468116,0.8652428388595581,0,0,0,0,0,0,,0,0,7,0,1191,0,benign
137.0,137.0,17,14.04280424118042,1.139373569922745,104.82236843289256,16,1472,92.0,92,92,0.0,0.9361885865529378,0,0,0,0,0,0,,0,0,16,0,1472,0,benign
443.0,50734.0,6,1e-06,1000000.0,66000000.0,1,66,66.0,66,66,0.0,0.0,0,0,0,0,0,1,501.0,0,1,1,0,66,0,benign
50744.0,443.0,6,0.3541421890258789,87.53546163271352,9318.291077030794,31,3300,106.4516129032258,66,715,146.54097008679346,0.0118236144383748,1,0,0,0,3,30,64240.0,0,34,31,0,3300,0,benign
443.0,50744.0,6,0.2978057861328125,104.0946866834042,236365.4545268228,31,70391,2270.6774193548385,66,2962,1154.5568381301623,0.0098195552825927,1,0,0,0,27,31,65160.0,0,59,31,0,70391,0,benign
55514.0,1900.0,17,1e-06,1000000.0,167000000.0,1,167,167.0,167,167,0.0,0.0,0,0,0,0,0,0,,0,0,1,0,167,0,benign
60832.0,80.0,6,1e-06,1000000.0,66000000.0,1,66,66.0,66,66,0.0,0.0,0,0,0,0,0,1,501.0,0,1,1,0,66,0,benign
53777.0,5355.0,17,0.4204332828521728,4.756997320555169,356.7747990416377,2,150,75.0,75,75,0.0,0.4195606708526611,0,0,0,0,0,0,,0,0,2,0,150,0,benign
57589.0,3702.0,17,6.887476921081543,1.0163373438790104,709.4034660275493,7,4886,698.0,698,698,0.0,1.1466457446416218,0,0,0,0,0,0,,0,0,7,0,4886,0,benign
5353.0,5353.0,17,1e-06,1000000.0,87000000.0,1,87,87.0,87,87,0.0,0.0,0,0,0,0,0,0,,0,0,1,0,87,0,benign
53347.0,1900.0,17,3.0057199001312256,1.3307959932744782,283.45954656746386,4,852,213.0,213,213,0.0,1.0018800099690754,0,0,0,0,0,0,,0,0,4,0,852,0,benign
54418.0,1900.0,17,1e-06,1000000.0,167000000.0,1,167,167.0,167,167,0.0,0.0,0,0,0,0,0,0,,0,0,1,0,167,0,benign
40226.0,443.0,6,0.1957011222839355,102.19665460570398,12907.437476700414,20,2526,126.3,66,583,141.75148750727914,0.0103306142907393,1,0,1,0,4,19,64240.0,0,25,20,0,2526,0,benign
443.0,40226.0,6,0.2047903537750244,107.42693488467935,170242.39353724825,22,34864,1584.7272727272727,66,2962,1287.4795673577255,0.009711844580514,1,0,1,0,16,22,65160.0,0,40,22,0,34864,0,benign
40226.0,443.0,6,0.0002105236053466,9500.122310305776,513006.6047565119,2,108,54.0,54,54,0.0,0.0003597736358642,0,2,0,0,0,0,0.0,0,2,2,0,108,0,benign
5353.0,5353.0,17,0.7827017307281494,7.6657553758290335,1727.3502113534755,6,1352,225.33333333333331,86,403,154.06968120518283,0.1575789928436279,0,0,0,0,0,0,,0,0,6,0,1352,0,benign
5353.0,5353.0,17,15.011629581451416,1.1324553345631072,213.36790803562545,17,3203,188.41176470588235,83,310,113.83928299555112,0.9382370263338088,0,0,0,0,0,0,,0,0,17,0,3203,0,benign
51473.0,5355.0,17,0.4158387184143066,4.809556954259773,360.7167715694829,2,150,75.0,75,75,0.0,0.4176599979400635,0,0,0,0,0,0,,0,0,2,0,150,0,benign
5353.0,5353.0,17,14.074767112731934,1.5630809251613802,126.6095549380718,22,1782,81.0,81,81,0.0,0.6701970441000802,0,0,0,0,0,0,,0,0,22,0,1782,0,benign
57470.0,5355.0,17,1e-06,1000000.0,72000000.0,1,72,72.0,72,72,0.0,0.0,0,0,0,0,0,0,,0,0,1,0,72,0,benign
54399.0,1900.0,17,3.02431321144104,1.322614332691441,280.3942385305855,4,848,212.0,212,212,0.0,1.0081480344136555,0,0,0,0,0,0,,0,0,4,0,848,0,benign
59444.0,1900.0,17,3.0565218925476074,1.308677032463852,234.25318881102956,4,716,179.0,179,179,0.0,1.0213408470153809,0,0,0,0,0,0,,0,0,4,0,716,0,benign
49868.0,5355.0,17,0.4233376979827881,4.724360739735763,340.15397326097496,2,144,72.0,72,72,0.0,0.4240953922271728,0,0,0,0,0,0,,0,0,2,0,144,0,benign
137.0,137.0,17,13.486964225769045,1.7794960821608832,163.71363955880125,24,2208,92.0,92,92,0.0,0.5861520767211914,0,0,0,0,0,0,,0,0,24,0,2208,0,benign
5353.0,5353.0,17,12.9802725315094,1.1555997737018036,93.6035816698461,15,1215,81.0,81,81,0.0,0.9267815010888236,0,0,0,0,0,0,,0,0,15,0,1215,0,benign
51132.0,5355.0,17,0.415626049041748,4.812017929605533,360.90134472041495,2,150,75.0,75,75,0.0,0.4159770011901855,0,0,0,0,0,0,,0,0,2,0,150,0,benign
61577.0,5355.0,17,0.4201538562774658,4.760160998449145,357.01207488368584,2,150,75.0,75,75,0.0,0.4195113182067871,0,0,0,0,0,0,,0,0,2,0,150,0,benign
59406.0,5355.0,17,0.4161863327026367,4.805539833594178,345.9988680187808,2,144,72.0,72,72,0.0,0.4160568714141845,0,0,0,0,0,0,,0,0,2,0,144,0,benign
40238.0,443.0,6,0.1196491718292236,225.6597315904313,22198.231374229093,27,2656,98.37037037037037,66,583,110.5619033525313,0.0044957582767193,1,0,1,0,3,26,64240.0,0,31,27,0,2656,0,benign
443.0,40238.0,6,0.1187493801116943,227.3696079474613,517830.0715520478,27,61492,2277.4814814814813,66,4410,1397.2506622311594,0.0045435245220477,1,0,1,0,23,27,65160.0,0,52,27,0,61492,0,benign
40238.0,443.0,6,0.0037348270416259,535.5000319182892,28917.00172358761,2,108,54.0,54,54,0.0,6.699562072753906e-05,0,2,0,0,0,0,0.0,0,2,2,0,108,0,benign
59777.0,5355.0,17,0.4103527069091797,4.873855993455516,350.9176315287972,2,144,72.0,72,72,0.0,0.4097201824188232,0,0,0,0,0,0,,0,0,2,0,144,0,benign
137.0,137.0,17,2.301508903503418,5.213970704928963,573.5367775421859,12,1320,110.0,110,110,0.0,0.2100225795399058,0,0,0,0,0,0,,0,0,12,0,1320,0,benign
5353.0,5353.0,17,10.02519679069519,3.890197949649981,304.5326753918306,39,3053,78.28205128205128,70,83,4.198675968926131,0.2636424679505197,0,0,0,0,0,0,,0,0,39,0,3053,0,benign
5353.0,5353.0,17,10.018078804016112,3.992781528526661,312.73461322185074,40,3133,78.325,70,83,4.340551187969636,0.2568115882384471,0,0,0,0,0,0,,0,0,40,0,3133,0,benign
5353.0,5353.0,17,1e-06,1000000.0,128000000.0,1,128,128.0,128,128,0.0,0.0,0,0,0,0,0,0,,0,0,1,0,128,0,benign
59212.0,5355.0,17,0.4299566745758056,4.6516314742018965,348.87236056514223,2,150,75.0,75,75,0.0,0.4202685356140136,0,0,0,0,0,0,,0,0,2,0,150,0,benign
53008.0,5355.0,17,0.4073455333709717,4.909836578909016,368.2377434181762,2,150,75.0,75,75,0.0,0.4122152328491211,0,0,0,0,0,0,,0,0,2,0,150,0,benign
5353.0,5353.0,17,3.2123119831085205,0.6226045323482625,195.4978231573544,2,628,314.0,112,516,285.6711395993652,3.2198708057403564,0,0,0,0,0,0,,0,0,2,0,628,0,benign
5353.0,5353.0,17,1e-06,1000000.0,87000000.0,1,87,87.0,87,87,0.0,0.0,0,0,0,0,0,0,,0,0,1,0,87,0,benign
50419.0,5355.0,17,0.4207105636596679,4.753862091321033,356.5396568490775,2,150,75.0,75,75,0.0,0.4181263446807861,0,0,0,0,0,0,,0,0,2,0,150,0,benign
57621.0,57621.0,17,1e-06,1000000.0,86000000.0,1,86,86.0,86,86,0.0,0.0,0,0,0,0,0,0,,0,0,1,0,86,0,benign
63680.0,5355.0,17,0.4093029499053955,4.886356183023532,366.4767137267648,2,150,75.0,75,75,0.0,0.4137940406799316,0,0,0,0,0,0,,0,0,2,0,150,0,benign
47015.0,53.0,17,1e-06,1000000.0,100000000.0,1,100,100.0,100,100,0.0,0.0,0,0,0,0,0,0,,0,0,1,0,100,0,benign
53.0,47015.0,17,1e-06,1000000.0,292000000.0,1,292,292.0,292,292,0.0,0.0,0,0,0,0,0,0,,0,0,1,0,292,0,benign
80.0,54302.0,6,1e-06,1000000.0,66000000.0,1,66,66.0,66,66,0.0,0.0,0,0,0,0,0,1,509.0,0,1,1,0,66,0,benign
64401.0,5355.0,17,0.4008388519287109,4.989536294639671,374.2152220979753,2,150,75.0,75,75,0.0,0.4151206016540527,0,0,0,0,0,0,,0,0,2,0,150,0,benign
5353.0,5353.0,17,0.8000938892364502,7.499119891699149,1194.8597694107311,6,956,159.33333333333334,86,271,83.03172084611198,0.157936429977417,0,0,0,0,0,0,,0,0,6,0,956,0,benign
443.0,36054.0,6,1e-06,1000000.0,66000000.0,1,66,66.0,66,66,0.0,0.0,0,0,0,0,0,1,504.0,0,1,1,0,66,0,benign
36084.0,443.0,6,0.1398975849151611,207.29450059903917,22530.76778924729,29,3152,108.6896551724138,66,699,148.99571025662735,0.0049654671124049,1,0,0,0,3,28,64240.0,0,32,29,0,3152,0,benign
443.0,36070.0,6,1e-06,1000000.0,66000000.0,1,66,66.0,66,66,0.0,0.0,0,0,0,0,0,1,501.0,0,1,1,0,66,0,benign
443.0,36084.0,6,0.1081693172454834,258.8534411884636,591655.7636650172,28,63999,2285.678571428572,66,2962,1104.320473264875,0.0040575839855052,1,0,0,0,25,28,65160.0,0,54,28,0,63999,0,benign
53532.0,1900.0,17,3.03955626487732,1.3159815615919994,278.9880910575039,4,848,212.0,212,212,0.0,1.0126877625783284,0,0,0,0,0,0,,0,0,4,0,848,0,benign
53503.0,5355.0,17,0.4128870964050293,4.843939220706628,363.2954415529971,2,150,75.0,75,75,0.0,0.4071557521820068,0,0,0,0,0,0,,0,0,2,0,150,0,benign
48198.0,443.0,6,0.6460433006286621,32.50556112812405,3549.297698418497,21,2293,109.1904761904762,66,583,127.62900103331494,0.0321788072586059,1,0,1,0,3,20,64240.0,0,25,21,0,2293,0,benign
443.0,48198.0,6,0.632209062576294,37.962125854694975,72842.99249418387,24,46052,1918.8333333333333,66,4410,1435.894923691862,0.0281512633613918,1,0,1,0,19,24,65160.0,0,45,24,0,46052,0,benign
48198.0,443.0,6,0.0004260540008544,4694.240626748741,253488.993844432,2,108,54.0,54,54,0.0,8.058547973632812e-05,0,2,0,0,0,0,0.0,0,2,2,0,108,0,benign
52683.0,5355.0,17,0.4189467430114746,4.773876473232832,358.0407354924624,2,150,75.0,75,75,0.0,0.419980525970459,0,0,0,0,0,0,,0,0,2,0,150,0,benign
57621.0,57621.0,17,1e-06,1000000.0,86000000.0,1,86,86.0,86,86,0.0,0.0,0,0,0,0,0,0,,0,0,1,0,86,0,benign
5353.0,5353.0,17,1e-06,1000000.0,87000000.0,1,87,87.0,87,87,0.0,0.0,0,0,0,0,0,0,,0,0,1,0,87,0,benign
51553.0,1900.0,17,1e-06,1000000.0,167000000.0,1,167,167.0,167,167,0.0,0.0,0,0,0,0,0,0,,0,0,1,0,167,0,benign
57980.0,1900.0,17,6.753194332122803,0.7403903625602164,132.5298748982787,5,895,179.0,179,179,0.0,1.6883841156959534,0,0,0,0,0,0,,0,0,5,0,895,0,benign
50646.0,1900.0,17,3.028611421585083,1.320737276327949,279.9963025815252,4,848,212.0,212,212,0.0,1.00906499226888,0,0,0,0,0,0,,0,0,4,0,848,0,benign
61584.0,5355.0,17,0.4096841812133789,4.881809187937195,366.1356890952897,2,150,75.0,75,75,0.0,0.4165699481964111,0,0,0,0,0,0,,0,0,2,0,150,0,benign
137.0,137.0,17,14.855705261230469,1.3462841143055526,123.85813851611084,20,1840,92.0,92,92,0.0,0.7818873305069772,0,0,0,0,0,0,,0,0,20,0,1840,0,benign
53096.0,1900.0,17,1e-06,1000000.0,167000000.0,1,167,167.0,167,167,0.0,0.0,0,0,0,0,0,0,,0,0,1,0,167,0,benign
52437.0,5355.0,17,0.4267258644104004,4.686849724385384,351.5137293289038,2,150,75.0,75,75,0.0,0.4158196449279785,0,0,0,0,0,0,,0,0,2,0,150,0,benign
5353.0,5353.0,17,0.7783691883087158,7.708424344284666,1662.4501835840597,6,1294,215.66666666666663,82,385,147.72226191968042,0.1521615982055664,0,0,0,0,0,0,,0,0,6,0,1294,0,benign
5353.0,5353.0,17,0.7775735855102539,7.71631150003986,1179.3096075894252,6,917,152.83333333333334,83,259,79.04534563569614,0.1550792217254638,0,0,0,0,0,0,,0,0,6,0,917,0,benign
51988.0,5355.0,17,0.4243326187133789,4.713283664273113,353.49627482048345,2,150,75.0,75,75,0.0,0.4252426624298095,0,0,0,0,0,0,,0,0,2,0,150,0,benign
56901.0,5355.0,17,0.4026045799255371,4.967653374360286,372.5740030770215,2,150,75.0,75,75,0.0,0.4146139621734619,0,0,0,0,0,0,,0,0,2,0,150,0,benign
48212.0,443.0,6,0.536923885345459,48.42399585794455,4872.1989678608825,26,2616,100.6153846153846,66,583,114.82580787369255,0.0213024997711181,1,0,1,0,3,25,64240.0,0,30,26,0,2616,0,benign
443.0,48212.0,6,0.5336802005767822,52.46587744821452,105441.4234202117,28,56272,2009.7142857142856,66,2962,1316.4517083923365,0.0197929982785825,1,0,1,0,23,28,65160.0,0,53,28,0,56272,0,benign
48212.0,443.0,6,0.0044898986816406,445.4443500424809,24053.99490229397,2,108,54.0,54,54,0.0,6.604194641113281e-05,0,2,0,0,0,0,0.0,0,2,2,0,108,0,benign
5353.0,5353.0,17,15.026185989379885,1.0648077969558198,207.63752040638488,16,3120,195.0,83,310,114.17647159842814,1.000954802831014,0,0,0,0,0,0,,0,0,16,0,3120,0,benign
5353.0,5353.0,17,10.017915487289429,0.19964233103559,17.16924046906074,2,172,86.0,86,86,0.0,10.004114866256714,0,0,0,0,0,0,,0,0,2,0,172,0,benign
5353.0,5353.0,17,0.000922679901123,2167.598966408269,210257.09974160203,2,194,97.0,91,103,8.48528137423857,0.0004506111145019,0,0,0,0,0,0,,0,0,2,0,194,0,benign
5353.0,5353.0,17,1e-06,1000000.0,91000000.0,1,91,91.0,91,91,0.0,0.0,0,0,0,0,0,0,,0,0,1,0,91,0,benign
5353.0,5353.0,17,1e-06,1000000.0,136000000.0,1,136,136.0,136,136,0.0,0.0,0,0,0,0,0,0,,0,0,1,0,136,0,benign
49925.0,21027.0,17,1e-06,1000000.0,343000000.0,1,343,343.0,343,343,0.0,0.0,0,0,0,0,0,0,,0,0,1,0,343,0,benign
57621.0,57621.0,17,10.643763065338137,0.5637104061005693,48.47909492464896,6,516,86.0,86,86,0.0,2.128829002380371,0,0,0,0,0,0,,0,0,6,0,516,0,benign
5353.0,5353.0,17,15.079329013824465,2.0557943905580776,166.5193456352043,31,2511,81.0,81,81,0.0,0.5025098403294881,0,0,0,0,0,0,,0,0,31,0,2511,0,benign
56171.0,5355.0,17,0.4193694591522217,4.769064499935474,357.6798374951605,2,150,75.0,75,75,0.0,0.4184110164642334,0,0,0,0,0,0,,0,0,2,0,150,0,benign
55877.0,5355.0,17,0.3952634334564209,5.059916578952924,379.4937434214693,2,150,75.0,75,75,0.0,0.4150052070617676,0,0,0,0,0,0,,0,0,2,0,150,0,benign
63995.0,5355.0,17,0.3923373222351074,5.097654203801452,382.3240652851089,2,150,75.0,75,75,0.0,0.4089934825897217,0,0,0,0,0,0,,0,0,2,0,150,0,benign
57621.0,57621.0,17,1e-06,1000000.0,86000000.0,1,86,86.0,86,86,0.0,0.0,0,0,0,0,0,0,,0,0,1,0,86,0,benign
56780.0,53.0,17,1e-06,1000000.0,84000000.0,1,84,84.0,84,84,0.0,0.0,0,0,0,0,0,0,,0,0,1,0,84,0,benign
47731.0,53.0,17,1e-06,1000000.0,84000000.0,1,84,84.0,84,84,0.0,0.0,0,0,0,0,0,0,,0,0,1,0,84,0,benign
53.0,56780.0,17,1e-06,1000000.0,214000000.0,1,214,214.0,214,214,0.0,0.0,0,0,0,0,0,0,,0,0,1,0,214,0,benign
53.0,47731.0,17,1e-06,1000000.0,254000000.0,1,254,254.0,254,254,0.0,0.0,0,0,0,0,0,0,,0,0,1,0,254,0,benign
5353.0,5353.0,17,6.993893623352051,0.5719274863781628,130.9713943805993,4,916,229.0,229,229,0.0,2.333422581354777,0,0,0,0,0,0,,0,0,4,0,916,0,benign
51218.0,5355.0,17,0.4257524013519287,4.697565988234537,352.31744911759023,2,150,75.0,75,75,0.0,0.426471471786499,0,0,0,0,0,0,,0,0,2,0,150,0,benign
59608.0,1900.0,17,3.0260157585144043,1.3218701815233656,280.2364784829535,4,848,212.0,212,212,0.0,1.0083017349243164,0,0,0,0,0,0,,0,0,4,0,848,0,benign
55930.0,443.0,6,0.4761178493499756,48.30736766412133,5030.267198068286,23,2395,104.1304347826087,66,583,119.5249324876028,0.0216395204717462,1,0,1,0,3,22,64240.0,0,27,23,0,2395,0,benign
443.0,55930.0,6,0.4688670635223388,53.320017431356405,100431.45203300568,25,47089,1883.56,66,2962,1316.625012421279,0.0195275048414866,1,0,1,0,20,25,65160.0,0,47,25,0,47089,0,benign
55930.0,443.0,6,0.0002930164337158,6825.555736371033,368580.0097640358,2,108,54.0,54,54,0.0,0.0002355575561523,0,2,0,0,0,0,0.0,0,2,2,0,108,0,benign
17500.0,17500.0,17,0.0015110969543457,2647.0836225938783,465886.71757652255,4,704,176.0,176,176,0.0,0.0005616346995035,0,0,0,0,0,0,,0,0,4,0,704,0,benign
17500.0,17500.0,17,1e-06,1000000.0,176000000.0,1,176,176.0,176,176,0.0,0.0,0,0,0,0,0,0,,0,0,1,0,176,0,benign
5353.0,5353.0,17,7.761049270629883,0.9019398996073998,169.43585256910438,7,1315,187.8571428571429,82,363,131.69336679249588,1.288935303688049,0,0,0,0,0,0,,0,0,7,0,1315,0,benign
61653.0,5355.0,17,0.424030065536499,4.716646678035728,353.7485008526796,2,150,75.0,75,75,0.0,0.4241073131561279,0,0,0,0,0,0,,0,0,2,0,150,0,benign
137.0,137.0,17,2.3033242225646973,5.209861417876413,573.0847559664054,12,1320,110.0,110,110,0.0,0.2057531530206853,0,0,0,0,0,0,,0,0,12,0,1320,0,benign
62898.0,1900.0,17,1e-06,1000000.0,167000000.0,1,167,167.0,167,167,0.0,0.0,0,0,0,0,0,0,,0,0,1,0,167,0,benign
60056.0,5355.0,17,0.4110620021820068,4.865446062597767,364.9084546948325,2,150,75.0,75,75,0.0,0.4152321815490722,0,0,0,0,0,0,,0,0,2,0,150,0,benign
5353.0,5353.0,17,0.7625565528869629,7.868268887447888,1624.7975252579888,6,1239,206.5,93,363,126.54445859064712,0.1528908729553222,0,0,0,0,0,0,,0,0,6,0,1239,0,benign
55946.0,443.0,6,0.2383904457092285,109.06477364328993,10864.529374466189,26,2590,99.6153846153846,66,583,112.55827892183744,0.009541015625,1,0,1,0,3,25,64240.0,0,30,26,0,2590,0,benign
443.0,55946.0,6,0.2360994815826416,118.59407658292209,237344.866767043,28,56037,2001.321428571429,66,2962,1325.1108424237557,0.0088443491193983,1,0,1,0,23,28,65160.0,0,53,28,0,56037,0,benign
55946.0,443.0,6,0.0002362728118896,8464.791120080727,457098.7204843593,2,108,54.0,54,54,0.0,6.67572021484375e-05,0,2,0,0,0,0,0.0,0,2,2,0,108,0,benign
60150.0,5355.0,17,0.4314179420471191,4.635875806439134,347.69068548293507,2,150,75.0,75,75,0.0,0.4259753227233886,0,0,0,0,0,0,,0,0,2,0,150,0,benign
5353.0,5353.0,17,9.452276706695557,1.0579461763869504,86.75158646372994,10,820,82.0,82,82,0.0,1.049640761481391,0,0,0,0,0,0,,0,0,10,0,820,0,benign
5353.0,5353.0,17,12.959717750549316,0.617297394432908,52.161629829580725,8,676,84.5,75,139,22.418104928192047,1.8509159769330703,0,0,0,0,0,0,,0,0,8,0,676,0,benign
137.0,137.0,17,3.752673149108887,1.0659068458839385,98.06342982132232,4,368,92.0,92,92,0.0,1.2512223720550537,0,0,0,0,0,0,,0,0,4,0,368,0,benign
56931.0,5355.0,17,0.4210572242736816,4.749948189227663,327.74642505670874,2,138,69.0,69,69,0.0,0.4102110862731933,0,0,0,0,0,0,,0,0,2,0,138,0,benign
51318.0,5355.0,17,0.4199941158294678,4.761971476791046,328.57603189858213,2,138,69.0,69,69,0.0,0.4098701477050781,0,0,0,0,0,0,,0,0,2,0,138,0,benign
57621.0,57621.0,17,1e-06,1000000.0,86000000.0,1,86,86.0,86,86,0.0,0.0,0,0,0,0,0,0,,0,0,1,0,86,0,benign
5353.0,5353.0,17,10.048421621322632,5.373978325651925,420.7625992751174,54,4228,78.29629629629629,70,81,3.804811401021674,0.1890386770356376,0,0,0,0,0,0,,0,0,54,0,4228,0,benign
5353.0,5353.0,17,10.043007135391235,5.576019138994514,438.1157894924261,56,4400,78.57142857142857,70,81,3.5360848553019912,0.1821522495963356,0,0,0,0,0,0,,0,0,56,0,4400,0,benign
55914.0,1900.0,17,2.98410439491272,1.3404356787313378,285.512799569775,4,852,213.0,213,213,0.0,0.9976522922515868,0,0,0,0,0,0,,0,0,4,0,852,0,benign
5353.0,5353.0,17,1e-06,1000000.0,139000000.0,1,139,139.0,139,139,0.0,0.0,0,0,0,0,0,0,,0,0,1,0,139,0,benign
5353.0,5353.0,17,1e-06,1000000.0,139000000.0,1,139,139.0,139,139,0.0,0.0,0,0,0,0,0,0,,0,0,1,0,139,0,benign
17500.0,17500.0,17,1e-06,1000000.0,176000000.0,1,176,176.0,176,176,0.0,0.0,0,0,0,0,0,0,,0,0,1,0,176,0,benign
57701.0,1900.0,17,10.017256259918211,1.098105081329906,192.1683892327336,11,1925,175.0,167,179,5.585696017507576,1.0015406608581543,0,0,0,0,0,0,,0,0,11,0,1925,0,benign
58902.0,5355.0,17,0.4137356281280517,4.834004770265995,362.5503577699496,2,150,75.0,75,75,0.0,0.4162986278533935,0,0,0,0,0,0,,0,0,2,0,150,0,benign
5353.0,5353.0,17,7.820681095123291,0.2557322023074347,80.29991152453452,2,628,314.0,112,516,285.6711395993652,7.824110269546509,0,0,0,0,0,0,,0,0,2,0,628,0,benign
65329.0,1900.0,17,3.003669261932373,1.331704542405794,282.3213629900283,4,848,212.0,212,212,0.0,1.0021042823791504,0,0,0,0,0,0,,0,0,4,0,848,0,benign
55863.0,5355.0,17,1e-06,1000000.0,69000000.0,1,69,69.0,69,69,0.0,0.0,0,0,0,0,0,0,,0,0,1,0,69,0,benign
57852.0,5355.0,17,1e-06,1000000.0,69000000.0,1,69,69.0,69,69,0.0,0.0,0,0,0,0,0,0,,0,0,1,0,69,0,benign
5353.0,5353.0,17,0.8145751953125,7.365802487636745,1852.4993256406412,6,1509,251.5,93,453,175.21843510315915,0.1594210147857666,0,0,0,0,0,0,,0,0,6,0,1509,0,benign
137.0,137.0,17,14.076516151428224,1.1366448791646944,104.57132888315188,16,1472,92.0,92,92,0.0,0.9384352525075276,0,0,0,0,0,0,,0,0,16,0,1472,0,benign
443.0,55948.0,6,0.2524604797363281,43.57117601728593,27766.72217101585,11,7010,637.2727272727273,66,2962,960.5389207011958,0.0233466625213623,1,0,1,0,6,11,65160.0,0,19,11,0,7010,0,benign
55948.0,443.0,6,0.2689173221588135,37.18615044847999,5875.411770859839,10,1580,158.0,66,583,178.9903783882127,0.0298593044281005,1,0,1,0,3,9,64240.0,0,14,10,0,1580,0,benign
443.0,55962.0,6,0.2371361255645752,46.38685891409894,28300.200924774363,11,6711,610.0909090909091,66,2962,924.7656410729644,0.0226720333099365,1,0,1,0,6,11,65160.0,0,19,11,0,6711,0,benign
55962.0,443.0,6,0.2691123485565185,37.15920155146584,7011.941332761604,10,1887,188.7,66,688,238.0672407348628,0.0294688807593451,1,0,1,0,3,9,64240.0,0,14,10,0,1887,0,benign
5353.0,5353.0,17,1e-06,1000000.0,77000000.0,1,77,77.0,77,77,0.0,0.0,0,0,0,0,0,0,,0,0,1,0,77,0,benign
5353.0,5353.0,17,2.040848970413208,9.799843246583125,1179.901126888608,20,2408,120.4,94,138,22.11548635780152,0.1073155277653744,0,0,0,0,0,0,,0,0,20,0,2408,0,benign
54723.0,5355.0,17,0.419830322265625,4.763829323253616,419.2169804463183,2,176,88.0,88,88,0.0,0.4158036708831787,0,0,0,0,0,0,,0,0,2,0,176,0,benign
62151.0,5355.0,17,0.4311451911926269,4.638808551865398,408.215152564155,2,176,88.0,88,88,0.0,0.4210221767425537,0,0,0,0,0,0,,0,0,2,0,176,0,benign
27036.0,27036.0,17,8.029997110366821,0.6226652302956549,90.41099143892907,5,726,145.2,84,237,83.80155129829042,2.0073744654655457,0,0,0,0,0,0,,0,0,5,0,726,0,benign
53599.0,5355.0,17,0.4207077026367187,4.753894419962642,627.5140634350688,2,264,132.0,132,132,0.0,0.4207713603973388,0,0,0,0,0,0,,0,0,2,0,264,0,benign
52299.0,5355.0,17,0.4169032573699951,4.7972760218206485,633.2404348803256,2,264,132.0,132,132,0.0,0.4209799766540527,0,0,0,0,0,0,,0,0,2,0,264,0,benign
51767.0,5355.0,17,0.3958404064178467,5.05254129586966,666.9354510547952,2,264,132.0,132,132,0.0,0.4152464866638183,0,0,0,0,0,0,,0,0,2,0,264,0,benign
5353.0,5353.0,17,15.084835529327393,1.1932513261417437,232.48513337661635,18,3507,194.83333333333331,83,310,113.412443554229,0.8884225031908821,0,0,0,0,0,0,,0,0,18,0,3507,0,benign
56679.0,1900.0,17,3.003704309463501,1.3316890039400882,279.6546908274185,4,840,210.0,210,210,0.0,1.001189390818278,0,0,0,0,0,0,,0,0,4,0,840,0,benign
65426.0,5355.0,17,0.4234182834625244,4.723461593686741,354.2596195265056,2,150,75.0,75,75,0.0,0.4222066402435303,0,0,0,0,0,0,,0,0,2,0,150,0,benign
47975.0,1900.0,17,3.002868413925171,1.3320597004686725,279.7325370984212,4,840,210.0,210,210,0.0,0.9999640782674154,0,0,0,0,0,0,,0,0,4,0,840,0,benign
5353.0,5353.0,17,0.0069959163665771,571.762123845551,57176.21238455509,4,400,100.0,81,119,21.93931022920578,0.0026273727416992,0,0,0,0,0,0,,0,0,4,0,400,0,benign
56591.0,5355.0,17,1e-06,1000000.0,75000000.0,1,75,75.0,75,75,0.0,0.0,0,0,0,0,0,0,,0,0,1,0,75,0,benign
57621.0,57621.0,17,1e-06,1000000.0,86000000.0,1,86,86.0,86,86,0.0,0.0,0,0,0,0,0,0,,0,0,1,0,86,0,benign
60308.0,1900.0,17,3.0364341735839844,1.317334666695143,279.2749493393703,4,848,212.0,212,212,0.0,1.0118520259857178,0,0,0,0,0,0,,0,0,4,0,848,0,benign
5353.0,5353.0,17,0.7951533794403076,7.545714015858524,1980.7499291628624,6,1575,262.5,93,475,187.16596912900596,0.1594983100891113,0,0,0,0,0,0,,0,0,6,0,1575,0,benign
5353.0,5353.0,17,12.791462659835815,0.1563542851342436,17.12079422219968,2,219,109.5,87,132,31.81980515339464,12.788329362869264,0,0,0,0,0,0,,0,0,2,0,219,0,benign
5353.0,5353.0,17,14.079314947128296,1.4915498430755176,120.81553728911692,21,1701,81.0,81,81,0.0,0.7038413405418396,0,0,0,0,0,0,,0,0,21,0,1701,0,benign
137.0,137.0,17,13.6763014793396,1.754860408441282,161.44715757659796,24,2208,92.0,92,92,0.0,0.5945512833802596,0,0,0,0,0,0,,0,0,24,0,2208,0,benign
5353.0,5353.0,17,13.16771125793457,1.2150934727064853,98.42257128922532,16,1296,81.0,81,81,0.0,0.8776291211446127,0,0,0,0,0,0,,0,0,16,0,1296,0,benign
62965.0,5355.0,17,0.4141209125518799,4.829507371834176,362.2130528875632,2,150,75.0,75,75,0.0,0.4164938926696777,0,0,0,0,0,0,,0,0,2,0,150,0,benign
51946.0,443.0,6,0.3234965801239013,95.82790639742402,9959.91981975807,31,3222,103.93548387096774,66,583,114.35410952646782,0.0107280731201171,1,0,1,0,4,30,64240.0,0,36,31,0,3222,0,benign
443.0,51946.0,6,0.3434038162231445,99.00880069983477,193230.23468347752,34,66356,1951.6470588235293,66,2962,1282.9942223907549,0.0105464891953901,1,0,1,0,27,34,65160.0,0,63,34,0,66356,0,benign
51946.0,443.0,6,0.000248908996582,8035.065134099616,433893.5172413793,2,108,54.0,54,54,0.0,8.058547973632812e-05,0,2,0,0,0,0,0.0,0,2,2,0,108,0,benign
50511.0,3702.0,17,7.524218082427978,0.9303292280094546,649.3698011505993,7,4886,698.0,698,698,0.0,1.2538798650105794,0,0,0,0,0,0,,0,0,7,0,4886,0,benign
58434.0,5355.0,17,0.410938024520874,4.866913939959352,365.01854549695145,2,150,75.0,75,75,0.0,0.4160327911376953,0,0,0,0,0,0,,0,0,2,0,150,0,benign
5353.0,5353.0,17,1e-06,1000000.0,86000000.0,1,86,86.0,86,86,0.0,0.0,0,0,0,0,0,0,,0,0,1,0,86,0,benign
5353.0,5353.0,17,1e-06,1000000.0,83000000.0,1,83,83.0,83,83,0.0,0.0,0,0,0,0,0,0,,0,0,1,0,83,0,benign
5353.0,5353.0,17,1e-06,1000000.0,133000000.0,1,133,133.0,133,133,0.0,0.0,0,0,0,0,0,0,,0,0,1,0,133,0,benign
5353.0,5353.0,17,7.667730331420898,3.130000529837698,1461.3189973679753,24,11205,466.875,84,1514,521.8609103799677,0.3325106786644977,0,0,0,0,0,0,,0,0,24,0,11205,0,benign
5353.0,5353.0,17,1e-06,1000000.0,132000000.0,1,132,132.0,132,132,0.0,0.0,0,0,0,0,0,0,,0,0,1,0,132,0,benign
5353.0,5353.0,17,6.828270435333252,0.2928999398809532,72.34628515059545,2,494,247.0,132,362,162.63455967290594,6.825475454330444,0,0,0,0,0,0,,0,0,2,0,494,0,benign
5353.0,5353.0,17,1e-06,1000000.0,139000000.0,1,139,139.0,139,139,0.0,0.0,0,0,0,0,0,0,,0,0,1,0,139,0,benign
5353.0,5353.0,17,1e-06,1000000.0,139000000.0,1,139,139.0,139,139,0.0,0.0,0,0,0,0,0,0,,0,0,1,0,139,0,benign
62018.0,5355.0,17,0.4198520183563232,4.763583149676857,357.2687362257643,2,150,75.0,75,75,0.0,0.4203841686248779,0,0,0,0,0,0,,0,0,2,0,150,0,benign
5353.0,5353.0,17,1e-06,1000000.0,87000000.0,1,87,87.0,87,87,0.0,0.0,0,0,0,0,0,0,,0,0,1,0,87,0,benign
57621.0,57621.0,17,1e-06,1000000.0,86000000.0,1,86,86.0,86,86,0.0,0.0,0,0,0,0,0,0,,0,0,1,0,86,0,benign
52493.0,1900.0,17,1e-06,1000000.0,167000000.0,1,167,167.0,167,167,0.0,0.0,0,0,0,0,0,0,,0,0,1,0,167,0,benign
64221.0,1900.0,17,3.006815195083618,1.33031122316407,282.0259793107829,4,848,212.0,212,212,0.0,1.0008912086486816,0,0,0,0,0,0,,0,0,4,0,848,0,benign
53093.0,5355.0,17,0.4203510284423828,4.757928171155024,356.8446128366268,2,150,75.0,75,75,0.0,0.4174239635467529,0,0,0,0,0,0,,0,0,2,0,150,0,benign
49746.0,5355.0,17,0.4175856113433838,4.78943705355639,344.8394678560601,2,144,72.0,72,72,0.0,0.4138309955596924,0,0,0,0,0,0,,0,0,2,0,144,0,benign
49749.0,1900.0,17,3.0712645053863525,1.3023951512430272,233.1287320725019,4,716,179.0,179,179,0.0,1.0235559940338137,0,0,0,0,0,0,,0,0,4,0,716,0,benign
55932.0,1900.0,17,1e-06,1000000.0,167000000.0,1,167,167.0,167,167,0.0,0.0,0,0,0,0,0,0,,0,0,1,0,167,0,benign
443.0,51948.0,6,0.4126882553100586,215.65915398569564,1924995.416705374,89,794423,8926.101123595505,66,53642,10797.870478231243,0.0046819583936171,1,0,1,0,67,89,65160.0,0,158,89,0,794423,0,benign
51948.0,443.0,6,0.4207987785339355,99.81017565290506,8842.70627629666,42,3721,88.5952380952381,54,583,96.16932717330572,0.0103532686466124,1,1,0,0,3,40,64240.0,0,45,42,0,3721,0,benign
61226.0,5355.0,17,0.4268162250518799,4.685857478255186,351.439310869139,2,150,75.0,75,75,0.0,0.4256608486175537,0,0,0,0,0,0,,0,0,2,0,150,0,benign
64125.0,5355.0,17,0.4211969375610351,4.748372605890997,341.8828276241518,2,144,72.0,72,72,0.0,0.4222335815429687,0,0,0,0,0,0,,0,0,2,0,144,0,benign
54666.0,1900.0,17,1e-06,1000000.0,167000000.0,1,167,167.0,167,167,0.0,0.0,0,0,0,0,0,0,,0,0,1,0,167,0,benign
57621.0,57621.0,17,1e-06,1000000.0,86000000.0,1,86,86.0,86,86,0.0,0.0,0,0,0,0,0,0,,0,0,1,0,86,0,benign
58562.0,5355.0,17,0.4077234268188476,4.90528595720992,353.18058891911426,2,144,72.0,72,72,0.0,0.4078812599182129,0,0,0,0,0,0,,0,0,2,0,144,0,benign
5353.0,5353.0,17,0.7665355205535889,7.827425917153616,1616.3634518922215,6,1239,206.5,93,363,126.54445859064712,0.1536398887634277,0,0,0,0,0,0,,0,0,6,0,1239,0,benign
56348.0,5355.0,17,0.4183967113494873,4.780152295053289,358.5114221289966,2,150,75.0,75,75,0.0,0.4157886505126953,0,0,0,0,0,0,,0,0,2,0,150,0,benign
5353.0,5353.0,17,1e-06,1000000.0,87000000.0,1,87,87.0,87,87,0.0,0.0,0,0,0,0,0,0,,0,0,1,0,87,0,benign
5353.0,5353.0,17,1e-06,1000000.0,87000000.0,1,87,87.0,87,87,0.0,0.0,0,0,0,0,0,0,,0,0,1,0,87,0,benign
57621.0,57621.0,17,1e-06,1000000.0,86000000.0,1,86,86.0,86,86,0.0,0.0,0,0,0,0,0,0,,0,0,1,0,86,0,benign
61664.0,5355.0,17,0.4430074691772461,4.514596568121982,325.0509529047827,2,144,72.0,72,72,0.0,0.4402086734771728,0,0,0,0,0,0,,0,0,2,0,144,0,benign
137.0,137.0,17,2.2968807220458984,5.224476780540546,574.69244585946,12,1320,110.0,110,110,0.0,0.2079220901836048,0,0,0,0,0,0,,0,0,12,0,1320,0,benign
59308.0,443.0,6,0.4521880149841308,356.04658828839183,30383.37935710693,161,13739,85.33540372670808,66,583,50.541683799040925,0.0027768075466156,1,0,1,0,3,160,64240.0,0,165,161,0,13739,0,benign
443.0,59308.0,6,0.5143294334411621,416.0757407333583,3698170.620479554,214,1902078,8888.214953271028,66,65226,12182.445348803452,0.002414325033555,1,0,1,0,130,214,65160.0,0,346,214,0,1902078,0,benign
59308.0,443.0,6,0.0002634525299072,7591.500452488688,409941.02443438914,2,108,54.0,54,54,0.0,9.202957153320312e-05,0,2,0,0,0,0,0.0,0,2,2,0,108,0,benign
57300.0,1947.0,17,1e-06,1000000.0,82000000.0,1,82,82.0,82,82,0.0,0.0,0,0,0,0,0,0,,0,0,1,0,82,0,benign
57301.0,1947.0,17,1e-06,1000000.0,82000000.0,1,82,82.0,82,82,0.0,0.0,0,0,0,0,0,0,,0,0,1,0,82,0,benign
57621.0,57621.0,17,1e-06,1000000.0,86000000.0,1,86,86.0,86,86,0.0,0.0,0,0,0,0,0,0,,0,0,1,0,86,0,benign
,,17,0.4782004356384277,75.28224007562379,106442.81394692574,36,50901,1413.9166666666667,313,1514,336.64745230412353,0.014571053641183,0,0,0,0,0,0,,0,0,36,0,50901,0,benign
61288.0,5355.0,17,0.4183464050292969,4.780727110251944,358.55453326889585,2,150,75.0,75,75,0.0,0.4158980846405029,0,0,0,0,0,0,,0,0,2,0,150,0,benign
51428.0,1900.0,17,1e-06,1000000.0,167000000.0,1,167,167.0,167,167,0.0,0.0,0,0,0,0,0,0,,0,0,1,0,167,0,benign
56078.0,5355.0,17,0.4237897396087646,4.719321430118542,353.9491072588907,2,150,75.0,75,75,0.0,0.4233763217926025,0,0,0,0,0,0,,0,0,2,0,150,0,benign
52188.0,5355.0,17,0.4020929336547851,4.973974503409428,373.0480877557071,2,150,75.0,75,75,0.0,0.4067826271057129,0,0,0,0,0,0,,0,0,2,0,150,0,benign
137.0,137.0,17,14.854314088821411,1.144448669817297,105.28927762319134,17,1564,92.0,92,92,0.0,0.928350195288658,0,0,0,0,0,0,,0,0,17,0,1564,0,benign
34413.0,53.0,17,1e-06,1000000.0,84000000.0,1,84,84.0,84,84,0.0,0.0,0,0,0,0,0,0,,0,0,1,0,84,0,benign
40258.0,53.0,17,1e-06,1000000.0,84000000.0,1,84,84.0,84,84,0.0,0.0,0,0,0,0,0,0,,0,0,1,0,84,0,benign
53.0,34413.0,17,1e-06,1000000.0,214000000.0,1,214,214.0,214,214,0.0,0.0,0,0,0,0,0,0,,0,0,1,0,214,0,benign
53.0,40258.0,17,1e-06,1000000.0,254000000.0,1,254,254.0,254,254,0.0,0.0,0,0,0,0,0,0,,0,0,1,0,254,0,benign
443.0,55948.0,6,1e-06,1000000.0,66000000.0,1,66,66.0,66,66,0.0,0.0,0,0,0,0,0,1,504.0,0,1,1,0,66,0,benign
443.0,55962.0,6,1e-06,1000000.0,66000000.0,1,66,66.0,66,66,0.0,0.0,0,0,0,0,0,1,502.0,0,1,1,0,66,0,benign
55964.0,443.0,6,0.3249669075012207,86.16261949655542,9453.270253336366,28,3072,109.71428571428572,66,685,149.49392583792113,0.0120819144778781,1,0,0,0,3,27,64240.0,0,31,28,0,3072,0,benign
443.0,55964.0,6,0.2512412071228027,115.4269251135434,254265.61483115103,29,63882,2202.8275862068967,66,2962,1206.5532984783413,0.0091988359178815,1,0,0,0,25,29,65160.0,0,55,29,0,63882,0,benign
63246.0,1900.0,17,1e-06,1000000.0,167000000.0,1,167,167.0,167,167,0.0,0.0,0,0,0,0,0,0,,0,0,1,0,167,0,benign
51095.0,3702.0,17,5.581179618835449,1.254215144120482,875.4421705960965,7,4886,698.0,698,698,0.0,0.9317040046056112,0,0,0,0,0,0,,0,0,7,0,4886,0,benign
57621.0,57621.0,17,1e-06,1000000.0,86000000.0,1,86,86.0,86,86,0.0,0.0,0,0,0,0,0,0,,0,0,1,0,86,0,benign
5353.0,5353.0,17,13.52739119529724,0.5174685864362029,113.39954451330505,7,1534,219.14285714285717,93,487,145.10505225689488,2.253301461537679,0,0,0,0,0,0,,0,0,7,0,1534,0,benign
61427.0,1900.0,17,3.0190422534942627,1.3249234903454463,280.8837799532346,4,848,212.0,212,212,0.0,1.0054423014322915,0,0,0,0,0,0,,0,0,4,0,848,0,benign
61257.0,5355.0,17,0.4153339862823486,4.815401739457887,361.1551304593416,2,150,75.0,75,75,0.0,0.4141397476196289,0,0,0,0,0,0,,0,0,2,0,150,0,benign
60327.0,5355.0,17,0.4239797592163086,4.717206320643311,353.7904740482483,2,150,75.0,75,75,0.0,0.4166281223297119,0,0,0,0,0,0,,0,0,2,0,150,0,benign
5353.0,5353.0,17,10.031114339828491,3.190074294432489,251.91617943846563,32,2527,78.96875,70,93,5.012786070993693,0.323084492837229,0,0,0,0,0,0,,0,0,32,0,2527,0,benign
5353.0,5353.0,17,10.018336057662964,2.8946922755518942,228.58087279358065,29,2290,78.96551724137932,70,93,5.010579939492959,0.3574255619730268,0,0,0,0,0,0,,0,0,29,0,2290,0,benign
5353.0,5353.0,17,15.0074942111969,1.0661340111037727,207.89613216523568,16,3120,195.0,83,310,114.17647159842814,1.000819412867228,0,0,0,0,0,0,,0,0,16,0,3120,0,benign
59322.0,443.0,6,1.1733074188232422,407.3953614640958,32509.808928214374,478,38144,79.79916317991632,66,583,29.9149990658463,0.0024635166991931,1,0,1,0,3,477,64240.0,0,482,478,0,38144,0,benign
443.0,59322.0,6,1.1830840110778809,846.939009079415,9883222.907684352,1002,11692683,11669.344311377246,66,65226,11815.918661213109,0.0011698137391935,1,0,1,0,487,1002,65160.0,0,1491,1002,0,11692683,0,benign
59322.0,443.0,6,0.0004346370697021,4601.5403181568845,248483.1771804717,2,108,54.0,54,54,0.0,9.202957153320312e-05,0,2,0,0,0,0,0.0,0,2,2,0,108,0,benign
53186.0,5355.0,17,0.4258208274841308,4.696811125506852,352.2608344130139,2,150,75.0,75,75,0.0,0.4105494022369385,0,0,0,0,0,0,,0,0,2,0,150,0,benign
5353.0,5353.0,17,1e-06,1000000.0,87000000.0,1,87,87.0,87,87,0.0,0.0,0,0,0,0,0,0,,0,0,1,0,87,0,benign
49925.0,21027.0,17,1e-06,1000000.0,343000000.0,1,343,343.0,343,343,0.0,0.0,0,0,0,0,0,0,,0,0,1,0,343,0,benign
50036.0,1900.0,17,1e-06,1000000.0,167000000.0,1,167,167.0,167,167,0.0,0.0,0,0,0,0,0,0,,0,0,1,0,167,0,benign
5353.0,5353.0,17,14.700546741485596,4.013456168504222,441.0040057697096,59,6483,109.8813559322034,70,318,68.42516293197758,0.2533627296316212,0,0,0,0,0,0,,0,0,59,0,6483,0,benign
58952.0,5355.0,17,1e-06,1000000.0,72000000.0,1,72,72.0,72,72,0.0,0.0,0,0,0,0,0,0,,0,0,1,0,72,0,benign
60910.0,5355.0,17,1e-06,1000000.0,72000000.0,1,72,72.0,72,72,0.0,0.0,0,0,0,0,0,0,,0,0,1,0,72,0,benign
64948.0,5355.0,17,1e-06,1000000.0,72000000.0,1,72,72.0,72,72,0.0,0.0,0,0,0,0,0,0,,0,0,1,0,72,0,benign
5353.0,5353.0,17,14.086284875869753,1.490811820508732,120.75575746120728,21,1701,81.0,81,81,0.0,0.7043752670288086,0,0,0,0,0,0,,0,0,21,0,1701,0,benign
50615.0,5355.0,17,0.4218251705169678,4.741300756303613,355.597556722771,2,150,75.0,75,75,0.0,0.4230239391326904,0,0,0,0,0,0,,0,0,2,0,150,0,benign
61102.0,5355.0,17,0.4202172756195068,4.759442593242967,304.60432596754987,2,128,64.0,64,64,0.0,0.418860912322998,0,0,0,0,0,0,,0,0,2,0,128,0,benign
137.0,137.0,17,14.15774703025818,1.2713887288372996,116.96776305303156,18,1656,92.0,92,92,0.0,0.832822280771592,0,0,0,0,0,0,,0,0,18,0,1656,0,benign
59326.0,443.0,6,0.3221595287322998,173.82692425817862,14449.363078961098,56,4655,83.125,66,583,83.40984517865546,0.0057098215276544,1,0,1,0,3,55,64240.0,0,60,56,0,4655,0,benign
443.0,59326.0,6,0.3186099529266357,182.0407663578397,624004.3607356473,58,198814,3427.8275862068967,66,10202,2137.558166956021,0.0055563282548335,1,0,1,0,50,58,65160.0,0,110,58,0,198814,0,benign
59326.0,443.0,6,0.0006444454193115,3103.4435812060674,167585.95338512765,2,108,54.0,54,54,0.0,7.867813110351562e-05,0,2,0,0,0,0,0.0,0,2,2,0,108,0,benign
64818.0,5355.0,17,1e-06,1000000.0,72000000.0,1,72,72.0,72,72,0.0,0.0,0,0,0,0,0,0,,0,0,1,0,72,0,benign
55867.0,5355.0,17,0.4150125980377197,4.819130815441472,361.4348111581104,2,150,75.0,75,75,0.0,0.416668176651001,0,0,0,0,0,0,,0,0,2,0,150,0,benign
17500.0,17500.0,17,0.0060322284698486,663.1048575155132,116706.45492273032,4,704,176.0,176,176,0.0,0.0027923583984375,0,0,0,0,0,0,,0,0,4,0,704,0,benign
17500.0,17500.0,17,1e-06,1000000.0,176000000.0,1,176,176.0,176,176,0.0,0.0,0,0,0,0,0,0,,0,0,1,0,176,0,benign
60273.0,1900.0,17,3.0242574214935303,1.322638731601293,280.3994110994741,4,848,212.0,212,212,0.0,1.009033997853597,0,0,0,0,0,0,,0,0,4,0,848,0,benign
50707.0,1900.0,17,6.014080286026001,0.4988293899186283,89.29046079543447,3,537,179.0,179,179,0.0,3.008403897285461,0,0,0,0,0,0,,0,0,3,0,537,0,benign
137.0,137.0,17,1.5116212368011477,1.984624141923621,182.58542105697316,3,276,92.0,92,92,0.0,0.7556489706039429,0,0,0,0,0,0,,0,0,3,0,276,0,benign
35460.0,443.0,6,0.1096601486206054,182.3816605355388,20134.93532312348,20,2208,110.4,66,583,128.63960264405767,0.0057785009082994,1,0,1,0,3,19,64240.0,0,24,20,0,2208,0,benign
443.0,35460.0,6,0.0923151969909668,227.4815055862892,368433.3794286128,21,34012,1619.6190476190477,66,2962,1390.5585380051598,0.0050311207771301,2,0,1,0,15,21,65160.0,0,39,21,0,34012,0,benign
35460.0,443.0,6,0.0005533695220947,3614.2214562688496,195167.95863851788,2,108,54.0,54,54,0.0,6.914138793945312e-05,0,2,0,0,0,0,0.0,0,2,2,0,108,0,benign
54135.0,5355.0,17,0.4201612472534179,4.760077263369582,304.64494485565325,2,128,64.0,64,64,0.0,0.4162566661834717,0,0,0,0,0,0,,0,0,2,0,128,0,benign
61928.0,5355.0,17,0.4127342700958252,4.845732823532334,310.12690070606936,2,128,64.0,64,64,0.0,0.4157106876373291,0,0,0,0,0,0,,0,0,2,0,128,0,benign
27036.0,27036.0,17,1e-06,1000000.0,237000000.0,1,237,237.0,237,237,0.0,0.0,0,0,0,0,0,0,,0,0,1,0,237,0,benign
5353.0,5353.0,17,5.37471866607666,3.907181250721947,429.231768829311,21,2307,109.85714285714286,92,138,22.625838579565876,0.2712421536445618,0,0,0,0,0,0,,0,0,21,0,2307,0,benign
57251.0,5355.0,17,0.3600564002990722,5.554685316907984,477.7029372540866,2,172,86.0,86,86,0.0,0.4089877605438232,0,0,0,0,0,0,,0,0,2,0,172,0,benign
53779.0,5355.0,17,0.3655140399932861,5.471746037544103,470.5701592287928,2,172,86.0,86,86,0.0,0.4161815643310547,0,0,0,0,0,0,,0,0,2,0,172,0,benign
51948.0,443.0,6,1e-06,1000000.0,54000000.0,1,54,54.0,54,54,0.0,0.0,0,1,0,0,0,0,0.0,0,1,1,0,54,0,benign
5353.0,5353.0,17,1e-06,1000000.0,87000000.0,1,87,87.0,87,87,0.0,0.0,0,0,0,0,0,0,,0,0,1,0,87,0,benign
5353.0,5353.0,17,0.7741451263427734,7.750484755158608,1745.15081736988,6,1351,225.16666666666663,91,401,148.7338786782173,0.1569402694702148,0,0,0,0,0,0,,0,0,6,0,1351,0,benign
56760.0,5355.0,17,0.4288151264190674,4.66401457593514,349.8010931951355,2,150,75.0,75,75,0.0,0.41912841796875,0,0,0,0,0,0,,0,0,2,0,150,0,benign
60219.0,1900.0,17,1e-06,1000000.0,167000000.0,1,167,167.0,167,167,0.0,0.0,0,0,0,0,0,0,,0,0,1,0,167,0,benign
5353.0,5353.0,17,10.027895212173462,0.1994436477130395,17.152153703321403,2,172,86.0,86,86,0.0,10.010992050170898,0,0,0,0,0,0,,0,0,2,0,172,0,benign
5353.0,5353.0,17,12.433059453964232,0.1608614522761176,14.397099978712523,2,179,89.5,87,92,3.5355339059327378,12.43888783454895,0,0,0,0,0,0,,0,0,2,0,179,0,benign
5353.0,5353.0,17,1e-06,1000000.0,108000000.0,1,108,108.0,108,108,0.0,0.0,0,0,0,0,0,0,,0,0,1,0,108,0,benign
54921.0,1900.0,17,3.031348466873169,1.3195447648834624,279.743490155294,4,848,212.0,212,212,0.0,1.0099206765492756,0,0,0,0,0,0,,0,0,4,0,848,0,benign
17500.0,17500.0,17,1e-06,1000000.0,176000000.0,1,176,176.0,176,176,0.0,0.0,0,0,0,0,0,0,,0,0,1,0,176,0,benign
63233.0,1900.0,17,2.9968180656433105,1.3347490279298426,288.305790032846,4,864,216.0,216,216,0.0,0.9998292128245037,0,0,0,0,0,0,,0,0,4,0,864,0,benign
5353.0,5353.0,17,10.82883906364441,0.6464220179890802,119.9574573382593,7,1299,185.57142857142856,77,473,175.61212671002835,1.804576317469279,0,0,0,0,0,0,,0,0,7,0,1299,0,benign
49437.0,5355.0,17,0.4242041110992431,4.714711497767868,410.17990030580455,2,174,87.0,87,87,0.0,0.4238307476043701,0,0,0,0,0,0,,0,0,2,0,174,0,benign
62877.0,5355.0,17,0.4128792285919189,4.84403152665439,421.430742818932,2,174,87.0,87,87,0.0,0.4100418090820312,0,0,0,0,0,0,,0,0,2,0,174,0,benign
54266.0,5355.0,17,0.409907579421997,4.8791486188671165,644.0476176904594,2,264,132.0,132,132,0.0,0.4105215072631836,0,0,0,0,0,0,,0,0,2,0,264,0,benign
54406.0,5355.0,17,0.4197273254394531,4.76499831862509,357.3748738968817,2,150,75.0,75,75,0.0,0.4246509075164795,0,0,0,0,0,0,,0,0,2,0,150,0,benign
57621.0,57621.0,17,1e-06,1000000.0,86000000.0,1,86,86.0,86,86,0.0,0.0,0,0,0,0,0,0,,0,0,1,0,86,0,benign
61652.0,5355.0,17,0.4088413715362549,4.89187283685317,645.7272144646184,2,264,132.0,132,132,0.0,0.4140174388885498,0,0,0,0,0,0,,0,0,2,0,264,0,benign
57216.0,443.0,6,0.3899369239807129,25.64517332165912,3941.6631395390073,10,1537,153.7,66,583,173.469209563734,0.0433680481380886,1,0,1,0,3,9,64240.0,0,14,10,0,1537,0,benign
443.0,57216.0,6,0.3761353492736816,26.58617441649669,40397.69202586672,10,15195,1519.5,66,7306,2395.165327163126,0.0433516767289903,1,0,1,0,5,10,26847.0,0,17,10,0,15195,0,benign
49238.0,3702.0,17,5.63156795501709,1.2429930804197775,867.6091701330048,7,4886,698.0,698,698,0.0,0.938511331876119,0,0,0,0,0,0,,0,0,7,0,4886,0,benign
51613.0,1900.0,17,3.0017545223236084,0.999415501064274,211.87608622562607,3,636,212.0,212,212,0.0,1.5016472339630127,0,0,0,0,0,0,,0,0,3,0,636,0,benign
56877.0,1900.0,17,3.024463653564453,1.3225485435362525,280.3802912296855,4,848,212.0,212,212,0.0,1.0094101428985596,0,0,0,0,0,0,,0,0,4,0,848,0,benign
137.0,137.0,17,14.060528755187988,1.066816210198736,98.1470913382837,15,1380,92.0,92,92,0.0,1.0042916706630165,0,0,0,0,0,0,,0,0,15,0,1380,0,benign
50401.0,5355.0,17,1e-06,1000000.0,75000000.0,1,75,75.0,75,75,0.0,0.0,0,0,0,0,0,0,,0,0,1,0,75,0,benign
51591.0,1900.0,17,3.02845311164856,1.3208063168006494,280.01093916173767,4,848,212.0,212,212,0.0,1.006995439529419,0,0,0,0,0,0,,0,0,4,0,848,0,benign
5353.0,5353.0,17,15.002880811691284,1.4663850413885895,294.9433549156595,22,4425,201.13636363636363,83,385,118.22669727287466,0.7145073527381534,0,0,0,0,0,0,,0,0,22,0,4425,0,benign
5353.0,5353.0,17,1e-06,1000000.0,87000000.0,1,87,87.0,87,87,0.0,0.0,0,0,0,0,0,0,,0,0,1,0,87,0,benign
57621.0,57621.0,17,3.11763072013855,0.9622691939174496,82.75515067690066,3,258,86.0,86,86,0.0,1.5588263273239136,0,0,0,0,0,0,,0,0,3,0,258,0,benign
57458.0,1900.0,17,1e-06,1000000.0,167000000.0,1,167,167.0,167,167,0.0,0.0,0,0,0,0,0,0,,0,0,1,0,167,0,benign
53898.0,5355.0,17,0.4052889347076416,4.934751059618037,315.8240678155544,2,128,64.0,64,64,0.0,0.4115710258483886,0,0,0,0,0,0,,0,0,2,0,128,0,benign
50890.0,5355.0,17,0.4035096168518066,4.95651136050748,317.2167270724787,2,128,64.0,64,64,0.0,0.411280870437622,0,0,0,0,0,0,,0,0,2,0,128,0,benign
60672.0,443.0,6,0.3895273208618164,25.67214021824022,3966.3456637181134,10,1545,154.5,66,583,174.42938717747967,0.0430534945593939,1,0,1,0,3,9,64240.0,0,14,10,0,1545,0,benign
443.0,60672.0,6,0.389794111251831,23.089112278008336,32801.93217629051,9,12786,1420.6666666666667,66,6117,2210.97161899469,0.04864963889122,1,0,1,0,5,9,26847.0,0,16,9,0,12786,0,benign
57621.0,57621.0,17,1e-06,1000000.0,86000000.0,1,86,86.0,86,86,0.0,0.0,0,0,0,0,0,0,,0,0,1,0,86,0,benign
64466.0,3702.0,17,6.537716627120972,1.070710218757616,747.3557326928161,7,4886,698.0,698,698,0.0,1.0885692834854126,0,0,0,0,0,0,,0,0,7,0,4886,0,benign
5353.0,5353.0,17,6.5375893115997314,0.9177694887248607,107.684953343717,6,704,117.33333333333331,70,318,99.35525485180273,1.3071576595306396,0,0,0,0,0,0,,0,0,6,0,704,0,benign
137.0,137.0,17,14.43732452392578,1.316033311332226,121.0750646425648,19,1748,92.0,92,92,0.0,0.8021070427364774,0,0,0,0,0,0,,0,0,19,0,1748,0,benign
5353.0,5353.0,17,14.43694305419922,0.9004676371718969,72.93787861092365,13,1053,81.0,81,81,0.0,1.203160583972931,0,0,0,0,0,0,,0,0,13,0,1053,0,benign
64082.0,5355.0,17,0.41835618019104,4.780615405482264,358.5461554111698,2,150,75.0,75,75,0.0,0.4140641689300537,0,0,0,0,0,0,,0,0,2,0,150,0,benign
5353.0,5353.0,17,14.063018560409546,1.5643867570462278,126.71532732074444,22,1782,81.0,81,81,0.0,0.6696782339186895,0,0,0,0,0,0,,0,0,22,0,1782,0,benign
5353.0,5353.0,17,0.7801368236541748,7.690958583259656,1690.729061886581,6,1319,219.83333333333331,89,391,145.01367751583527,0.1565278530120849,0,0,0,0,0,0,,0,0,6,0,1319,0,benign
36131.0,53.0,17,1e-06,1000000.0,84000000.0,1,84,84.0,84,84,0.0,0.0,0,0,0,0,0,0,,0,0,1,0,84,0,benign
46581.0,53.0,17,1e-06,1000000.0,84000000.0,1,84,84.0,84,84,0.0,0.0,0,0,0,0,0,0,,0,0,1,0,84,0,benign
51134.0,5355.0,17,0.4194297790527344,4.768378641394803,343.32326218042584,2,144,72.0,72,72,0.0,0.4199345111846924,0,0,0,0,0,0,,0,0,2,0,144,0,benign
53.0,36131.0,17,1e-06,1000000.0,214000000.0,1,214,214.0,214,214,0.0,0.0,0,0,0,0,0,0,,0,0,1,0,214,0,benign
53.0,46581.0,17,1e-06,1000000.0,254000000.0,1,254,254.0,254,254,0.0,0.0,0,0,0,0,0,0,,0,0,1,0,254,0,benign
61706.0,1900.0,17,3.0672004222869877,1.3041208428816962,233.4376308758236,4,716,179.0,179,179,0.0,1.0225327014923096,0,0,0,0,0,0,,0,0,4,0,716,0,benign
55176.0,5355.0,17,0.4167773723602295,4.798725009167143,345.5082006600343,2,144,72.0,72,72,0.0,0.4175441265106201,0,0,0,0,0,0,,0,0,2,0,144,0,benign
5353.0,5353.0,17,0.7552855014801025,7.944015856576145,1648.38329023955,6,1245,207.5,93,365,127.62092304947492,0.1511824131011963,0,0,0,0,0,0,,0,0,6,0,1245,0,benign
57579.0,6646.0,17,1e-06,1000000.0,212000000.0,1,212,212.0,212,212,0.0,0.0,0,0,0,0,0,0,,0,0,1,0,212,0,benign
5353.0,5353.0,17,10.026874542236328,3.6900830706661822,288.2254074114937,37,2890,78.10810810810811,70,93,5.242898815349004,0.278134736749861,0,0,0,0,0,0,,0,0,37,0,2890,0,benign
5353.0,5353.0,17,10.005629539489746,3.7978619786014858,296.8328967485898,38,2970,78.15789473684211,70,93,5.339937826287887,0.2704626611761144,0,0,0,0,0,0,,0,0,38,0,2970,0,benign
5353.0,5353.0,17,1e-06,1000000.0,128000000.0,1,128,128.0,128,128,0.0,0.0,0,0,0,0,0,0,,0,0,1,0,128,0,benign
60815.0,5355.0,17,0.4209949970245361,4.750650278828462,356.2987709121346,2,150,75.0,75,75,0.0,0.4237034320831299,0,0,0,0,0,0,,0,0,2,0,150,0,benign
60405.0,5355.0,17,0.4184253215789795,4.779825447591827,358.4869085693871,2,150,75.0,75,75,0.0,0.4145562648773193,0,0,0,0,0,0,,0,0,2,0,150,0,benign
63818.0,5355.0,17,0.4142262935638428,4.828278723672449,313.8381170387092,2,130,65.0,65,65,0.0,0.4159183502197265,0,0,0,0,0,0,,0,0,2,0,130,0,benign
61512.0,5355.0,17,0.4234707355499267,4.7228765345561925,340.04711048804586,2,144,72.0,72,72,0.0,0.4233918190002441,0,0,0,0,0,0,,0,0,2,0,144,0,benign
57621.0,57621.0,17,1e-06,1000000.0,86000000.0,1,86,86.0,86,86,0.0,0.0,0,0,0,0,0,0,,0,0,1,0,86,0,benign
50511.0,5355.0,17,0.4156241416931152,4.812040012528295,346.46688090203725,2,144,72.0,72,72,0.0,0.4155628681182861,0,0,0,0,0,0,,0,0,2,0,144,0,benign
137.0,137.0,17,2.2565293312072754,5.317901183043709,584.969130134808,12,1320,110.0,110,110,0.0,0.205226182937622,0,0,0,0,0,0,,0,0,12,0,1320,0,benign
47436.0,443.0,6,0.3889675140380859,25.709087877762578,3990.050438628752,10,1552,155.2,66,583,175.29517962568167,0.0420598718855116,1,0,1,0,3,9,64240.0,0,14,10,0,1552,0,benign
443.0,47436.0,6,0.3790905475616455,23.741029835455,36447.75658183131,9,13817,1535.2222222222222,66,7148,2493.3876943717446,0.0473711490631103,1,0,1,0,5,9,26847.0,0,16,9,0,13817,0,benign
57621.0,57621.0,17,1e-06,1000000.0,86000000.0,1,86,86.0,86,86,0.0,0.0,0,0,0,0,0,0,,0,0,1,0,86,0,benign
49568.0,5355.0,17,0.4130728244781494,4.841761262137435,363.1320946603077,2,150,75.0,75,75,0.0,0.4166700839996338,0,0,0,0,0,0,,0,0,2,0,150,0,benign
56873.0,3702.0,17,6.863019943237305,1.019959151786769,711.9314879471647,7,4886,698.0,698,698,0.0,1.144141713778178,0,0,0,0,0,0,,0,0,7,0,4886,0,benign
52932.0,5355.0,17,0.4165358543395996,4.801507431265232,360.11305734489247,2,150,75.0,75,75,0.0,0.4176242351531982,0,0,0,0,0,0,,0,0,2,0,150,0,benign
5353.0,5353.0,17,1.0047578811645508,1.99052929814487,169.19499034231396,2,170,85.0,85,85,0.0,1.0002493858337402,0,0,0,0,0,0,,0,0,2,0,170,0,benign
57621.0,57621.0,17,1e-06,1000000.0,86000000.0,1,86,86.0,86,86,0.0,0.0,0,0,0,0,0,0,,0,0,1,0,86,0,benign
49705.0,5355.0,17,0.4097402095794678,4.881141643512794,366.0856232634595,2,150,75.0,75,75,0.0,0.4147622585296631,0,0,0,0,0,0,,0,0,2,0,150,0,benign
42312.0,443.0,6,0.3724243640899658,26.8510896821571,4151.178464861488,10,1546,154.6,66,583,174.55161605286463,0.0415585835774739,1,0,1,0,3,9,64240.0,0,14,10,0,1546,0,benign
53275.0,5355.0,17,0.4203975200653076,4.7574019934496885,356.8051495087267,2,150,75.0,75,75,0.0,0.4221730232238769,0,0,0,0,0,0,,0,0,2,0,150,0,benign
443.0,42312.0,6,0.3689260482788086,27.10570328838016,36321.64240642942,10,13400,1340.0,66,5858,2026.941099840403,0.0414422353108724,1,0,1,0,5,10,26847.0,0,17,10,0,13400,0,benign
5353.0,5353.0,17,1e-06,1000000.0,87000000.0,1,87,87.0,87,87,0.0,0.0,0,0,0,0,0,0,,0,0,1,0,87,0,benign
60456.0,5355.0,17,0.4138360023498535,4.832832302273248,362.46242267049365,2,150,75.0,75,75,0.0,0.4170815944671631,0,0,0,0,0,0,,0,0,2,0,150,0,benign
49509.0,53.0,17,1e-06,1000000.0,87000000.0,1,87,87.0,87,87,0.0,0.0,0,0,0,0,0,0,,0,0,1,0,87,0,benign
37098.0,53.0,17,1e-06,1000000.0,87000000.0,1,87,87.0,87,87,0.0,0.0,0,0,0,0,0,0,,0,0,1,0,87,0,benign
53.0,49509.0,17,1e-06,1000000.0,197000000.0,1,197,197.0,197,197,0.0,0.0,0,0,0,0,0,0,,0,0,1,0,197,0,benign
53.0,37098.0,17,1e-06,1000000.0,218000000.0,1,218,218.0,218,218,0.0,0.0,0,0,0,0,0,0,,0,0,1,0,218,0,benign
41081.0,53.0,17,1e-06,1000000.0,97000000.0,1,97,97.0,97,97,0.0,0.0,0,0,0,0,0,0,,0,0,1,0,97,0,benign
53.0,41081.0,17,1e-06,1000000.0,166000000.0,1,166,166.0,166,166,0.0,0.0,0,0,0,0,0,0,,0,0,1,0,166,0,benign
57621.0,57621.0,17,1e-06,1000000.0,86000000.0,1,86,86.0,86,86,0.0,0.0,0,0,0,0,0,0,,0,0,1,0,86,0,benign
57216.0,443.0,6,1e-06,1000000.0,66000000.0,1,66,66.0,66,66,0.0,0.0,0,0,0,0,0,1,501.0,0,1,1,0,66,0,benign
57621.0,57621.0,17,1e-06,1000000.0,86000000.0,1,86,86.0,86,86,0.0,0.0,0,0,0,0,0,0,,0,0,1,0,86,0,benign
137.0,137.0,17,14.838249683380129,1.3478678703190574,124.00384406935328,20,1840,92.0,92,92,0.0,0.7807876687300833,0,0,0,0,0,0,,0,0,20,0,1840,0,benign
5353.0,5353.0,17,1e-06,1000000.0,87000000.0,1,87,87.0,87,87,0.0,0.0,0,0,0,0,0,0,,0,0,1,0,87,0,benign
60642.0,1900.0,17,1e-06,1000000.0,167000000.0,1,167,167.0,167,167,0.0,0.0,0,0,0,0,0,0,,0,0,1,0,167,0,benign
37762.0,443.0,6,0.3648159503936767,27.411082188728027,4262.423280347208,10,1555,155.5,66,583,175.6734660290696,0.0410681035783555,1,0,1,0,3,9,64240.0,0,14,10,0,1555,0,benign
443.0,37762.0,6,0.367164134979248,24.512198067789697,36400.6141306677,9,13365,1485.0,66,6696,2367.580780036871,0.045977383852005,1,0,1,0,5,9,26847.0,0,16,9,0,13365,0,benign
60462.0,5355.0,17,0.4288759231567383,4.663353412984842,349.7515059738631,2,150,75.0,75,75,0.0,0.4273345470428467,0,0,0,0,0,0,,0,0,2,0,150,0,benign
56359.0,1900.0,17,1e-06,1000000.0,167000000.0,1,167,167.0,167,167,0.0,0.0,0,0,0,0,0,0,,0,0,1,0,167,0,benign
5353.0,5353.0,17,15.002273321151732,1.0665050327700385,207.96848139015745,16,3120,195.0,83,310,114.17647159842814,1.0010457197825111,0,0,0,0,0,0,,0,0,16,0,3120,0,benign
5353.0,5353.0,17,10.009329795837402,0.1998135780111615,17.183967708959887,2,172,86.0,86,86,0.0,10.012004375457764,0,0,0,0,0,0,,0,0,2,0,172,0,benign
5353.0,5353.0,17,0.0008819103240966,2267.804271424709,219977.0143281968,2,194,97.0,91,103,8.48528137423857,0.0008766651153564,0,0,0,0,0,0,,0,0,2,0,194,0,benign
5353.0,5353.0,17,1e-06,1000000.0,91000000.0,1,91,91.0,91,91,0.0,0.0,0,0,0,0,0,0,,0,0,1,0,91,0,benign
49680.0,1900.0,17,1e-06,1000000.0,167000000.0,1,167,167.0,167,167,0.0,0.0,0,0,0,0,0,0,,0,0,1,0,167,0,benign
52220.0,1947.0,17,1e-06,1000000.0,82000000.0,1,82,82.0,82,82,0.0,0.0,0,0,0,0,0,0,,0,0,1,0,82,0,benign
52221.0,1947.0,17,1e-06,1000000.0,82000000.0,1,82,82.0,82,82,0.0,0.0,0,0,0,0,0,0,,0,0,1,0,82,0,benign
40313.0,53.0,17,1e-06,1000000.0,97000000.0,1,97,97.0,97,97,0.0,0.0,0,0,0,0,0,0,,0,0,1,0,97,0,benign
53.0,40313.0,17,1e-06,1000000.0,166000000.0,1,166,166.0,166,166,0.0,0.0,0,0,0,0,0,0,,0,0,1,0,166,0,benign
49925.0,21027.0,17,1e-06,1000000.0,343000000.0,1,343,343.0,343,343,0.0,0.0,0,0,0,0,0,0,,0,0,1,0,343,0,benign
60672.0,443.0,6,1e-06,1000000.0,66000000.0,1,66,66.0,66,66,0.0,0.0,0,0,0,0,0,1,501.0,0,1,1,0,66,0,benign
53738.0,5355.0,17,0.4187600612640381,4.776004650402783,358.2003487802087,2,150,75.0,75,75,0.0,0.4155528545379638,0,0,0,0,0,0,,0,0,2,0,150,0,benign
59557.0,5355.0,17,0.4332180023193359,4.616613320066393,346.2459990049795,2,150,75.0,75,75,0.0,0.4287838935852051,0,0,0,0,0,0,,0,0,2,0,150,0,benign
37778.0,443.0,6,0.3817734718322754,26.193543391074854,4023.328264869098,10,1536,153.6,66,583,173.35140931388793,0.0423630608452691,1,0,1,0,3,9,64240.0,0,14,10,0,1536,0,benign
443.0,37778.0,6,0.3830456733703613,23.495892593722186,34792.19562183729,9,13327,1480.7777777777778,66,6658,2357.1369698098674,0.0484873354434967,1,0,1,0,5,9,26847.0,0,16,9,0,13327,0,benign
60515.0,3702.0,17,6.861249923706055,1.0202222740516351,712.1151472880414,7,4886,698.0,698,698,0.0,1.1440291007359822,0,0,0,0,0,0,,0,0,7,0,4886,0,benign
137.0,137.0,17,14.827093124389648,0.404664619670485,37.22914500968462,6,552,92.0,92,92,0.0,2.965277576446533,0,0,0,0,0,0,,0,0,6,0,552,0,benign
5353.0,5353.0,17,14.57852554321289,0.2743761698083535,22.22446975447664,4,324,81.0,81,81,0.0,4.859118938446045,0,0,0,0,0,0,,0,0,4,0,324,0,benign
5353.0,5353.0,17,1e-06,1000000.0,87000000.0,1,87,87.0,87,87,0.0,0.0,0,0,0,0,0,0,,0,0,1,0,87,0,benign
5353.0,5353.0,17,15.089708805084229,2.120650597923939,172.1703204189498,32,2598,81.1875,81,87,1.0606601717798212,0.4868858475838938,0,0,0,0,0,0,,0,0,32,0,2598,0,benign
1900.0,1900.0,17,6.00620698928833,1.9979331417317447,1026.4381515646842,12,6165,513.75,487,537,23.48742410118851,0.5468680425123735,0,0,0,0,0,0,,0,0,12,0,6165,0,benign
50665.0,5355.0,17,0.4134659767150879,4.837157378436883,362.7868033827663,2,150,75.0,75,75,0.0,0.4163298606872558,0,0,0,0,0,0,,0,0,2,0,150,0,benign
5353.0,5353.0,17,0.7613611221313477,7.880623038911748,1895.2898408582755,6,1443,240.5,93,431,163.28594550664795,0.1540143489837646,0,0,0,0,0,0,,0,0,6,0,1443,0,benign
60607.0,5355.0,17,0.4118537902832031,4.856092252118742,364.20691890890566,2,150,75.0,75,75,0.0,0.4183285236358642,0,0,0,0,0,0,,0,0,2,0,150,0,benign
